LSOA code (2011),LSOA name (2011),Local Authority District code (2019),Local Authority District name (2019),Index of Multiple Deprivation (IMD) Score,Index of Multiple Deprivation (IMD) Rank (where 1 is most deprived),Index of Multiple Deprivation (IMD) Decile (where 1 is most deprived 10% of LSOAs),Income Score (rate),Income Rank (where 1 is most deprived),Income Decile (where 1 is most deprived 10% of LSOAs),Employment Score (rate),Employment Rank (where 1 is most deprived),Employment Decile (where 1 is most deprived 10% of LSOAs),"Education, Skills and Training Score","Education, Skills and Training Rank (where 1 is most deprived)","Education, Skills and Training Decile (where 1 is most deprived 10% of LSOAs)",Health Deprivation and Disability Score,Health Deprivation and Disability Rank (where 1 is most deprived),Health Deprivation and Disability Decile (where 1 is most deprived 10% of LSOAs),Crime Score,Crime Rank (where 1 is most deprived),Crime Decile (where 1 is most deprived 10% of LSOAs),Barriers to Housing and Services Score,Barriers to Housing and Services Rank (where 1 is most deprived),Barriers to Housing and Services Decile (where 1 is most deprived 10% of LSOAs),Living Environment Score,Living Environment Rank (where 1 is most deprived),Living Environment Decile (where 1 is most deprived 10% of LSOAs)
E01000001,City of London 001A,E09000001,City of London,6.2,29199,9,0.0,32831,10,0.0,32742,10,0.0,32842,10,-1.7,32113,10,-2.0,32662,10,29.5,7319,3,31.9,7789,3
E01000002,City of London 001B,E09000001,City of London,5.1,30379,10,0.0,29901,10,0.0,31190,10,0.1,32832,10,-1.1,29705,10,-2.3,32789,10,24.4,11707,4,23.1,13070,4
E01000003,City of London 001C,E09000001,City of London,19.4,14915,5,0.1,18510,6,0.1,15103,5,5.8,26386,9,-0.1,17600,6,-1.0,29363,9,40.1,2157,1,40.5,4092,2
E01000005,City of London 001E,E09000001,City of London,28.7,8678,3,0.2,6029,2,0.1,7833,3,22.3,12370,4,-0.1,17907,6,-1.3,31059,10,39.9,2217,1,29.0,9397,3
E01032739,City of London 001F,E09000001,City of London,13.6,20391,7,0.0,32638,10,0.0,32727,10,1.8,31135,10,-0.7,25654,8,-1.6,31947,10,46.3,837,1,49.2,2040,1
E01032740,City of London 001G,E09000001,City of London,15.8,18089,6,0.0,31774,10,0.0,29443,9,2.3,30578,10,-0.4,21520,7,-1.7,32292,10,37.4,3054,1,68.6,130,1
E01000006,Barking and Dagenham 016A,E09000002,Barking and Dagenham,19.8,14486,5,0.1,14023,5,0.1,21692,7,14.8,17511,6,-0.4,21581,7,-0.1,18848,6,45.2,1033,1,26.9,10629,4
E01000007,Barking and Dagenham 015A,E09000002,Barking and Dagenham,31.6,7256,3,0.2,6261,2,0.1,11487,4,11.4,20536,7,0.0,16414,5,0.8,4925,2,50.4,274,1,26.0,11162,4
E01000008,Barking and Dagenham 015B,E09000002,Barking and Dagenham,37.6,5010,2,0.3,3382,2,0.2,6431,2,25.5,10569,4,0.3,12334,4,0.4,11113,4,45.4,981,1,30.2,8672,3
E01000009,Barking and Dagenham 016B,E09000002,Barking and Dagenham,32.8,6736,3,0.2,7506,3,0.1,11132,4,15.7,16819,6,0.5,9661,3,0.9,4431,2,48.1,554,1,28.6,9611,3
E01000010,Barking and Dagenham 015C,E09000002,Barking and Dagenham,32.4,6900,3,0.2,8902,3,0.1,17988,6,11.8,20182,7,0.0,16050,5,1.2,2164,1,50.6,259,1,47.9,2269,1
E01000011,Barking and Dagenham 016C,E09000002,Barking and Dagenham,30.7,7698,3,0.2,9033,3,0.1,16108,5,22.5,12224,4,-0.1,18178,6,0.5,8727,3,52.9,110,1,39.9,4309,2
E01000012,Barking and Dagenham 015D,E09000002,Barking and Dagenham,34.7,5990,2,0.2,4570,2,0.1,13201,5,19.8,13896,5,-0.1,16887,6,0.5,8515,3,56.5,39,1,36.9,5437,2
E01000013,Barking and Dagenham 013A,E09000002,Barking and Dagenham,39.0,4573,2,0.2,5966,2,0.1,7013,3,24.0,11346,4,0.7,7172,3,1.2,2236,1,45.3,1018,1,30.4,8569,3
E01000014,Barking and Dagenham 013B,E09000002,Barking and Dagenham,35.7,5650,2,0.2,6627,3,0.1,7932,3,31.5,7994,3,0.4,10972,4,0.8,5163,2,46.1,872,1,25.1,11704,4
E01000015,Barking and Dagenham 009A,E09000002,Barking and Dagenham,33.6,6405,2,0.2,5755,2,0.1,9271,3,26.0,10318,4,0.0,15626,5,0.4,10845,4,50.4,278,1,25.7,11351,4
E01000016,Barking and Dagenham 009B,E09000002,Barking and Dagenham,32.8,6739,3,0.2,6711,3,0.1,9461,3,29.0,8971,3,0.4,10676,4,0.5,8699,3,43.8,1273,1,25.0,11815,4
E01000017,Barking and Dagenham 009C,E09000002,Barking and Dagenham,39.0,4570,2,0.3,4033,2,0.2,5016,2,22.9,11972,4,0.7,6950,3,0.3,11685,4,45.9,902,1,27.7,10141,4
E01000018,Barking and Dagenham 009D,E09000002,Barking and Dagenham,33.4,6504,2,0.2,5998,2,0.1,7832,3,26.4,10125,4,0.3,12006,4,0.5,9663,3,43.5,1323,1,25.7,11373,4
E01000019,Barking and Dagenham 023A,E09000002,Barking and Dagenham,33.6,6410,2,0.2,7049,3,0.1,7641,3,26.1,10264,4,0.5,9374,3,0.6,7142,3,41.2,1855,1,26.8,10667,4
E01000020,Barking and Dagenham 023B,E09000002,Barking and Dagenham,36.0,5520,2,0.2,5760,2,0.1,8401,3,24.2,11245,4,0.8,6282,2,0.7,7066,3,43.5,1319,1,30.1,8756,3
E01000021,Barking and Dagenham 008A,E09000002,Barking and Dagenham,38.9,4611,2,0.2,5007,2,0.1,7865,3,31.6,7939,3,0.4,10085,4,0.6,8283,3,45.5,961,1,44.2,3095,1
E01000022,Barking and Dagenham 008B,E09000002,Barking and Dagenham,34.4,6098,2,0.2,6941,3,0.1,7576,3,27.1,9771,3,0.4,9980,4,0.5,9002,3,44.3,1191,1,30.4,8559,3
E01000023,Barking and Dagenham 008C,E09000002,Barking and Dagenham,36.9,5243,2,0.2,5088,2,0.1,11325,4,23.0,11907,4,0.0,15505,5,1.3,1812,1,45.8,912,1,40.0,4268,2
E01000024,Barking and Dagenham 008D,E09000002,Barking and Dagenham,29.3,8333,3,0.2,10056,4,0.1,12570,4,29.3,8860,3,0.3,12148,4,0.2,12816,4,45.7,940,1,29.9,8892,3
E01000025,Barking and Dagenham 008E,E09000002,Barking and Dagenham,36.7,5303,2,0.2,5570,2,0.1,7683,3,25.7,10465,4,0.4,10405,4,0.8,5042,2,47.0,707,1,28.0,9925,4
E01000027,Barking and Dagenham 001A,E09000002,Barking and Dagenham,37.3,5097,2,0.2,5730,2,0.1,6959,3,38.1,5869,2,0.1,13752,5,1.0,3211,1,45.0,1062,1,20.3,15032,5
E01000028,Barking and Dagenham 001B,E09000002,Barking and Dagenham,40.1,4240,2,0.3,3610,2,0.2,6080,2,27.7,9522,3,1.1,3254,1,-0.1,18303,6,48.6,494,1,16.3,18166,6
E01000029,Barking and Dagenham 001C,E09000002,Barking and Dagenham,22.5,12389,4,0.1,14506,5,0.1,17567,6,17.3,15570,5,-0.3,20355,7,0.4,11162,4,47.5,627,1,22.0,13867,5
E01000030,Barking and Dagenham 001D,E09000002,Barking and Dagenham,38.4,4760,2,0.3,3448,2,0.2,5569,2,38.8,5699,2,0.0,15751,5,0.5,9086,3,44.6,1127,1,21.0,14570,5
E01000031,Barking and Dagenham 002A,E09000002,Barking and Dagenham,22.7,12267,4,0.1,12951,4,0.1,17380,6,13.0,19087,6,0.0,15303,5,0.9,4231,2,34.1,4505,2,27.7,10136,4
E01000032,Barking and Dagenham 002B,E09000002,Barking and Dagenham,30.0,8037,3,0.1,10854,4,0.1,11603,4,23.0,11882,4,0.1,14597,5,0.9,4275,2,39.9,2210,1,38.4,4853,2
E01000033,Barking and Dagenham 006A,E09000002,Barking and Dagenham,38.0,4879,2,0.3,3732,2,0.1,7857,3,32.0,7805,3,0.3,11932,4,0.2,14128,5,55.7,52,1,21.8,14002,5
E01000034,Barking and Dagenham 003A,E09000002,Barking and Dagenham,35.9,5575,2,0.2,5759,2,0.1,6863,3,33.9,7148,3,0.7,7279,3,0.3,11900,4,45.1,1044,1,18.0,16800,6
E01000035,Barking and Dagenham 010A,E09000002,Barking and Dagenham,26.2,10070,4,0.2,10489,4,0.1,13897,5,25.5,10551,4,0.4,10364,4,0.2,12838,4,39.0,2476,1,23.1,13084,4
E01000036,Barking and Dagenham 010B,E09000002,Barking and Dagenham,19.3,15028,5,0.1,14690,5,0.1,17997,6,16.0,16612,6,-0.2,18923,6,0.4,10655,4,31.7,5829,2,27.6,10188,4
E01000037,Barking and Dagenham 003B,E09000002,Barking and Dagenham,18.0,16128,5,0.1,16924,6,0.1,12386,4,20.3,13611,5,-0.5,23465,8,-0.1,17649,6,29.7,7168,3,19.1,15997,5
E01000038,Barking and Dagenham 003C,E09000002,Barking and Dagenham,19.6,14671,5,0.1,12877,4,0.1,16560,6,18.7,14630,5,-0.1,17616,6,0.2,13426,5,27.9,8490,3,27.0,10547,4
E01000039,Barking and Dagenham 003D,E09000002,Barking and Dagenham,22.3,12542,4,0.1,12861,4,0.1,17820,6,19.8,13908,5,0.2,13416,5,0.1,15241,5,42.8,1472,1,17.5,17185,6
E01000040,Barking and Dagenham 019A,E09000002,Barking and Dagenham,34.6,6028,2,0.2,5648,2,0.1,9313,3,31.3,8063,3,0.2,13665,5,0.6,7641,3,45.8,915,1,29.3,9203,3
E01000041,Barking and Dagenham 017A,E09000002,Barking and Dagenham,33.2,6601,3,0.2,8647,3,0.1,11669,4,33.9,7142,3,0.3,10992,4,0.4,10010,4,48.6,501,1,33.1,7142,3
E01000042,Barking and Dagenham 017B,E09000002,Barking and Dagenham,41.6,3842,2,0.3,3492,2,0.2,5445,2,31.5,8009,3,0.5,8795,3,0.3,12499,4,57.0,32,1,24.8,11945,4
E01000043,Barking and Dagenham 019B,E09000002,Barking and Dagenham,28.1,8992,3,0.1,10803,4,0.1,15314,5,28.9,8996,3,0.0,15334,5,0.6,8080,3,42.9,1445,1,33.9,6764,3
E01000044,Barking and Dagenham 016D,E09000002,Barking and Dagenham,28.4,8825,3,0.1,12202,4,0.1,16632,6,22.3,12369,4,-0.4,22250,7,1.1,2950,1,42.6,1507,1,44.1,3119,1
E01000045,Barking and Dagenham 017C,E09000002,Barking and Dagenham,35.7,5639,2,0.2,7494,3,0.1,9056,3,24.0,11338,4,0.3,11924,4,1.2,2160,1,44.5,1145,1,35.2,6123,2
E01000046,Barking and Dagenham 017D,E09000002,Barking and Dagenham,29.8,8138,3,0.2,8795,3,0.1,10956,4,28.2,9321,3,0.2,12756,4,0.0,17088,6,45.3,996,1,30.3,8655,3
E01000048,Barking and Dagenham 021B,E09000002,Barking and Dagenham,44.7,3117,1,0.3,1195,1,0.2,4191,2,26.5,10073,4,0.5,9163,3,0.2,12778,4,49.0,449,1,20.6,14836,5
E01000049,Barking and Dagenham 021C,E09000002,Barking and Dagenham,41.2,3928,2,0.3,2525,1,0.1,7156,3,27.9,9454,3,0.4,10214,4,0.4,10784,4,55.3,58,1,26.6,10818,4
E01000050,Barking and Dagenham 019C,E09000002,Barking and Dagenham,34.7,5994,2,0.2,8360,3,0.1,10452,4,22.6,12144,4,0.6,7817,3,0.7,6059,2,48.0,567,1,36.6,5545,2
E01000051,Barking and Dagenham 021D,E09000002,Barking and Dagenham,36.9,5228,2,0.2,4785,2,0.1,8540,3,28.2,9315,3,0.4,10460,4,0.9,4814,2,46.0,892,1,27.5,10252,4
E01000052,Barking and Dagenham 019D,E09000002,Barking and Dagenham,33.3,6549,2,0.2,7440,3,0.1,10931,4,27.4,9645,3,-0.2,18434,6,0.3,11417,4,51.8,163,1,38.5,4788,2
E01000053,Barking and Dagenham 020A,E09000002,Barking and Dagenham,40.0,4249,2,0.2,5037,2,0.1,8972,3,27.7,9519,3,0.7,6865,3,1.2,2144,1,49.5,395,1,26.5,10870,4
E01000054,Barking and Dagenham 018A,E09000002,Barking and Dagenham,29.8,8124,3,0.2,8012,3,0.1,13318,5,26.7,9978,4,0.2,13087,4,0.5,8887,3,42.5,1537,1,31.5,8004,3
E01000055,Barking and Dagenham 018B,E09000002,Barking and Dagenham,30.9,7604,3,0.2,6032,2,0.1,10475,4,27.1,9752,3,0.1,14090,5,0.0,15940,5,43.2,1392,1,29.4,9167,3
E01000056,Barking and Dagenham 018C,E09000002,Barking and Dagenham,35.9,5571,2,0.2,6839,3,0.1,7099,3,25.3,10670,4,0.5,9652,3,0.5,9269,3,51.7,165,1,23.5,12777,4
E01000057,Barking and Dagenham 012A,E09000002,Barking and Dagenham,32.9,6712,3,0.2,6909,3,0.1,9877,4,31.5,8006,3,0.1,14559,5,0.6,7156,3,43.7,1279,1,30.0,8781,3
E01000058,Barking and Dagenham 018D,E09000002,Barking and Dagenham,31.8,7176,3,0.2,6736,3,0.1,10069,4,25.8,10397,4,0.1,13772,5,0.4,11053,4,46.3,848,1,27.8,10066,4
E01000059,Barking and Dagenham 013C,E09000002,Barking and Dagenham,32.3,6950,3,0.2,8297,3,0.1,8597,3,28.1,9341,3,0.1,13932,5,0.4,10248,4,45.2,1021,1,32.7,7356,3
E01000060,Barking and Dagenham 006B,E09000002,Barking and Dagenham,36.2,5475,2,0.2,6512,2,0.1,8627,3,25.5,10548,4,0.3,11879,4,1.1,2737,1,48.5,509,1,24.7,11955,4
E01000061,Barking and Dagenham 006C,E09000002,Barking and Dagenham,46.3,2802,1,0.3,2125,1,0.2,3923,2,39.8,5414,2,1.0,4136,2,0.1,14393,5,49.6,375,1,16.0,18454,6
E01000062,Barking and Dagenham 006D,E09000002,Barking and Dagenham,26.7,9781,3,0.1,11124,4,0.1,14664,5,30.7,8286,3,-0.1,18285,6,0.6,8288,3,45.1,1042,1,20.2,15164,5
E01000063,Barking and Dagenham 004A,E09000002,Barking and Dagenham,33.4,6520,2,0.2,7943,3,0.1,9225,3,37.6,6017,2,0.3,11816,4,0.3,11295,4,41.9,1689,1,35.5,6036,2
E01000064,Barking and Dagenham 006E,E09000002,Barking and Dagenham,35.3,5791,2,0.2,6220,2,0.1,8440,3,24.4,11115,4,0.4,10490,4,0.2,13303,5,50.1,310,1,34.2,6602,3
E01000065,Barking and Dagenham 007A,E09000002,Barking and Dagenham,39.9,4296,2,0.2,5065,2,0.2,4770,2,26.2,10220,4,0.8,5745,2,0.3,11574,4,47.5,634,1,29.3,9210,3
E01000066,Barking and Dagenham 011A,E09000002,Barking and Dagenham,25.8,10329,4,0.1,10725,4,0.1,13108,4,18.3,14926,5,0.1,15169,5,-0.3,20658,7,50.7,249,1,17.9,16885,6
E01000067,Barking and Dagenham 011B,E09000002,Barking and Dagenham,21.0,13573,5,0.1,12329,4,0.1,19905,7,16.0,16594,6,-0.4,21963,7,0.4,10735,4,42.5,1551,1,21.7,14035,5
E01000068,Barking and Dagenham 016E,E09000002,Barking and Dagenham,25.6,10421,4,0.1,13349,5,0.1,17599,6,16.2,16416,5,0.2,13509,5,0.9,3970,2,41.5,1777,1,31.4,8062,3
E01000069,Barking and Dagenham 011C,E09000002,Barking and Dagenham,16.4,17580,6,0.1,18292,6,0.1,18888,6,16.5,16211,5,-0.6,25051,8,0.0,16201,5,31.8,5792,2,28.4,9748,3
E01000070,Barking and Dagenham 011D,E09000002,Barking and Dagenham,21.0,13531,5,0.1,14981,5,0.1,17070,6,14.4,17805,6,-0.4,22662,7,0.8,5018,2,35.6,3806,2,27.6,10170,4
E01000071,Barking and Dagenham 011E,E09000002,Barking and Dagenham,18.8,15370,5,0.1,12518,4,0.1,22157,7,14.1,18062,6,-0.3,20051,7,-0.2,18962,6,41.0,1935,1,22.1,13807,5
E01000072,Barking and Dagenham 017E,E09000002,Barking and Dagenham,41.0,3974,2,0.2,4451,2,0.1,7689,3,34.2,7028,3,0.5,9357,3,1.2,2249,1,47.0,722,1,30.1,8754,3
E01000073,Barking and Dagenham 012B,E09000002,Barking and Dagenham,38.8,4645,2,0.2,6133,2,0.1,7982,3,35.1,6712,3,0.6,8284,3,1.3,1554,1,43.4,1340,1,23.6,12681,4
E01000074,Barking and Dagenham 012C,E09000002,Barking and Dagenham,35.0,5870,2,0.2,4794,2,0.1,8763,3,32.4,7662,3,0.5,9581,3,0.0,16602,6,47.4,641,1,22.8,13256,5
E01000075,Barking and Dagenham 012D,E09000002,Barking and Dagenham,37.0,5215,2,0.2,6873,3,0.1,9943,4,36.3,6343,2,0.1,13939,5,1.1,3101,1,44.9,1086,1,39.8,4325,2
E01000076,Barking and Dagenham 012E,E09000002,Barking and Dagenham,36.2,5451,2,0.2,6177,2,0.1,6722,3,36.2,6380,2,0.1,14560,5,0.3,12141,4,49.9,338,1,27.0,10531,4
E01000077,Barking and Dagenham 008F,E09000002,Barking and Dagenham,41.0,3967,2,0.3,3973,2,0.2,5768,2,33.5,7276,3,0.7,6631,3,0.5,9244,3,44.1,1218,1,35.0,6233,2
E01000078,Barking and Dagenham 007B,E09000002,Barking and Dagenham,35.0,5874,2,0.2,5086,2,0.1,8778,3,33.7,7216,3,0.0,15460,5,0.5,9512,3,44.3,1183,1,33.1,7156,3
E01000079,Barking and Dagenham 009E,E09000002,Barking and Dagenham,34.5,6057,2,0.2,5141,2,0.1,7379,3,24.5,11072,4,0.0,15314,5,0.3,12695,4,48.0,566,1,29.3,9200,3
E01000080,Barking and Dagenham 007C,E09000002,Barking and Dagenham,33.2,6596,3,0.2,7274,3,0.1,6934,3,26.4,10114,4,0.4,9777,3,0.1,14386,5,45.4,989,1,24.5,12095,4
E01000081,Barking and Dagenham 007D,E09000002,Barking and Dagenham,30.6,7738,3,0.2,9449,3,0.1,10130,4,31.0,8201,3,0.2,12703,4,0.2,13643,5,43.7,1281,1,32.8,7318,3
E01000082,Barking and Dagenham 007E,E09000002,Barking and Dagenham,27.9,9100,3,0.2,9753,3,0.1,10671,4,31.1,8160,3,-0.1,17747,6,-0.2,19918,7,43.2,1396,1,30.0,8806,3
E01000083,Barking and Dagenham 007F,E09000002,Barking and Dagenham,34.4,6111,2,0.2,6904,3,0.1,8025,3,27.1,9793,3,0.4,10842,4,0.4,9982,4,44.2,1199,1,35.4,6063,2
E01000084,Barking and Dagenham 013D,E09000002,Barking and Dagenham,39.8,4315,2,0.2,5030,2,0.1,7393,3,36.8,6237,2,0.3,11120,4,1.3,1715,1,43.4,1344,1,28.5,9648,3
E01000085,Barking and Dagenham 013E,E09000002,Barking and Dagenham,35.2,5838,2,0.2,7390,3,0.1,9203,3,36.3,6360,2,-0.2,19518,6,1.0,3245,1,46.1,871,1,32.5,7484,3
E01000086,Barking and Dagenham 013F,E09000002,Barking and Dagenham,38.2,4822,2,0.2,5632,2,0.1,7318,3,28.5,9185,3,0.9,5137,2,0.9,4717,2,42.8,1477,1,26.3,11002,4
E01000087,Barking and Dagenham 020B,E09000002,Barking and Dagenham,34.4,6122,2,0.2,5212,2,0.1,8331,3,27.2,9744,3,0.0,15307,5,0.1,14563,5,48.6,506,1,31.4,8076,3
E01000088,Barking and Dagenham 020C,E09000002,Barking and Dagenham,28.8,8574,3,0.1,10790,4,0.1,12495,4,20.3,13589,5,0.3,12126,4,0.6,8365,3,44.0,1238,1,34.5,6458,2
E01000089,Barking and Dagenham 020D,E09000002,Barking and Dagenham,29.0,8508,3,0.2,9981,4,0.1,13980,5,25.2,10703,4,-0.2,18445,6,0.2,13690,5,47.3,668,1,41.0,3962,2
E01000090,Barking and Dagenham 020E,E09000002,Barking and Dagenham,28.3,8873,3,0.2,8855,3,0.1,14060,5,22.0,12523,4,-0.2,18942,6,0.7,6503,2,45.5,973,1,29.5,9116,3
E01000091,Barking and Dagenham 022A,E09000002,Barking and Dagenham,42.2,3669,2,0.3,3775,2,0.2,4635,2,32.6,7594,3,0.3,11282,4,1.0,3573,2,48.3,540,1,23.6,12738,4
E01000092,Barking and Dagenham 019E,E09000002,Barking and Dagenham,33.8,6348,2,0.2,5804,2,0.1,11606,4,18.8,14566,5,0.0,16131,5,0.7,7000,3,61.1,11,1,30.0,8818,3
E01000093,Barking and Dagenham 022B,E09000002,Barking and Dagenham,46.9,2669,1,0.3,3596,2,0.2,5065,2,28.0,9411,3,0.8,5519,2,1.1,2977,1,49.7,370,1,43.6,3282,1
E01000094,Barking and Dagenham 022C,E09000002,Barking and Dagenham,28.2,8930,3,0.2,9003,3,0.1,13554,5,10.9,21017,7,0.0,16555,6,0.5,8737,3,65.0,4,1,20.7,14763,5
E01000095,Barking and Dagenham 018E,E09000002,Barking and Dagenham,32.3,6984,3,0.2,6925,3,0.1,13425,5,22.3,12341,4,-0.1,17759,6,0.9,3990,2,63.2,7,1,18.7,16305,5
E01000096,Barking and Dagenham 022D,E09000002,Barking and Dagenham,40.9,3997,2,0.3,3651,2,0.1,7977,3,34.3,7010,3,0.0,15882,5,1.3,1816,1,48.3,534,1,30.0,8823,3
E01000097,Barking and Dagenham 023C,E09000002,Barking and Dagenham,38.0,4866,2,0.2,5351,2,0.1,8344,3,32.9,7462,3,0.8,5831,2,0.5,9503,3,47.1,692,1,28.6,9628,3
E01000098,Barking and Dagenham 023D,E09000002,Barking and Dagenham,39.4,4455,2,0.2,4575,2,0.2,5822,2,31.4,8040,3,0.4,9792,3,0.9,4288,2,43.5,1332,1,28.7,9574,3
E01000099,Barking and Dagenham 023E,E09000002,Barking and Dagenham,29.3,8373,3,0.2,8476,3,0.1,11800,4,25.0,10808,4,0.2,12858,4,0.0,16553,6,47.1,688,1,26.8,10685,4
E01000100,Barking and Dagenham 004B,E09000002,Barking and Dagenham,31.8,7152,3,0.2,9665,3,0.1,10100,4,29.6,8731,3,0.1,14418,5,0.6,7277,3,42.9,1444,1,38.2,4920,2
E01000101,Barking and Dagenham 004C,E09000002,Barking and Dagenham,40.5,4126,2,0.3,3849,2,0.2,6223,2,29.0,8974,3,0.5,9545,3,0.8,5094,2,43.3,1362,1,37.2,5302,2
E01000102,Barking and Dagenham 007G,E09000002,Barking and Dagenham,42.6,3557,2,0.3,3043,1,0.2,4646,2,24.0,11364,4,0.7,7036,3,0.8,5806,2,44.4,1167,1,33.8,6799,3
E01000103,Barking and Dagenham 014A,E09000002,Barking and Dagenham,32.9,6708,3,0.2,8028,3,0.1,10618,4,26.2,10205,4,0.4,9979,4,0.6,7987,3,50.9,227,1,20.1,15230,5
E01000104,Barking and Dagenham 014B,E09000002,Barking and Dagenham,34.7,6002,2,0.2,5419,2,0.1,8092,3,31.7,7929,3,0.3,11958,4,0.1,14637,5,50.1,304,1,18.1,16764,6
E01000105,Barking and Dagenham 014C,E09000002,Barking and Dagenham,44.1,3229,1,0.2,4221,2,0.2,5349,2,36.1,6402,2,0.9,4774,2,1.0,3225,1,47.2,670,1,25.6,11416,4
E01000106,Barking and Dagenham 014D,E09000002,Barking and Dagenham,43.5,3355,2,0.3,3032,1,0.2,5211,2,27.2,9725,3,0.6,7543,3,0.8,5569,2,51.4,180,1,26.3,11010,4
E01000107,Barking and Dagenham 010C,E09000002,Barking and Dagenham,28.3,8865,3,0.2,10392,4,0.1,13329,5,29.3,8851,3,0.6,8175,3,0.0,17090,6,44.4,1156,1,22.8,13252,5
E01000108,Barking and Dagenham 010D,E09000002,Barking and Dagenham,28.2,8940,3,0.2,8694,3,0.1,11946,4,20.6,13397,5,0.2,13637,5,0.2,13794,5,41.0,1914,1,35.1,6178,2
E01000109,Barking and Dagenham 004D,E09000002,Barking and Dagenham,25.7,10373,4,0.1,13637,5,0.1,15539,5,22.5,12247,4,-0.2,19119,6,0.9,4478,2,39.8,2272,1,34.1,6609,3
E01000110,Barking and Dagenham 002C,E09000002,Barking and Dagenham,17.7,16365,5,0.1,14678,5,0.1,16725,6,12.8,19168,6,0.0,16046,5,-0.3,21211,7,32.9,5156,2,20.5,14867,5
E01000111,Barking and Dagenham 002D,E09000002,Barking and Dagenham,28.9,8544,3,0.2,8457,3,0.1,10920,4,20.9,13216,5,0.2,13246,5,0.3,11745,4,44.3,1179,1,26.8,10690,4
E01000112,Barking and Dagenham 002E,E09000002,Barking and Dagenham,24.7,10925,4,0.1,12627,4,0.1,19995,7,19.0,14420,5,-0.3,21026,7,0.6,7729,3,43.2,1404,1,40.8,4026,2
E01000113,Barking and Dagenham 002F,E09000002,Barking and Dagenham,25.3,10601,4,0.2,10322,4,0.1,16043,5,17.0,15827,5,-0.1,17933,6,0.7,6421,2,42.2,1615,1,26.9,10582,4
E01000114,Barking and Dagenham 004E,E09000002,Barking and Dagenham,23.3,11855,4,0.1,13863,5,0.1,17792,6,19.1,14308,5,-0.1,17851,6,0.4,10125,4,40.8,1978,1,34.3,6563,2
E01032580,Barking and Dagenham 023F,E09000002,Barking and Dagenham,34.1,6215,2,0.2,7241,3,0.1,8299,3,22.8,12054,4,0.5,8769,3,0.9,4470,2,43.8,1267,1,24.6,12013,4
E01033587,Barking and Dagenham 021E,E09000002,Barking and Dagenham,35.0,5880,2,0.2,6678,3,0.1,11085,4,20.4,13528,5,-0.1,18379,6,0.7,6865,3,58.2,22,1,43.0,3399,2
E01033588,Barking and Dagenham 021F,E09000002,Barking and Dagenham,35.2,5808,2,0.2,5616,2,0.1,8809,3,23.5,11625,4,0.5,9037,3,0.3,11702,4,54.6,72,1,20.0,15294,5
E01000115,Barnet 009A,E09000003,Barnet,6.2,29174,9,0.1,24852,8,0.0,26011,8,3.7,28835,9,-1.5,31772,10,-0.5,24388,8,17.0,20425,7,18.8,16164,5
E01000116,Barnet 009B,E09000003,Barnet,7.8,27318,9,0.1,20597,7,0.0,25160,8,3.9,28684,9,-1.4,31379,10,-0.4,22839,7,19.2,17651,6,18.2,16614,6
E01000117,Barnet 010A,E09000003,Barnet,9.6,24958,8,0.1,21222,7,0.1,21069,7,6.1,26087,8,-1.1,29887,10,-0.2,19170,6,21.5,14896,5,17.7,17080,6
E01000118,Barnet 010B,E09000003,Barnet,9.8,24743,8,0.1,20191,7,0.1,21699,7,8.6,23320,8,-1.7,32170,10,-0.2,19710,7,22.3,13923,5,16.3,18191,6
E01000119,Barnet 009C,E09000003,Barnet,11.6,22657,7,0.1,19862,7,0.1,23311,8,3.3,29365,9,-1.9,32503,10,0.6,7366,3,23.5,12644,4,21.9,13884,5
E01000120,Barnet 009D,E09000003,Barnet,5.9,29572,10,0.1,23592,8,0.0,28933,9,4.4,27995,9,-1.6,31931,10,-0.6,24686,8,19.0,17894,6,14.9,19324,6
E01000121,Barnet 010C,E09000003,Barnet,36.2,5463,2,0.3,3532,2,0.2,3444,2,22.6,12192,4,0.3,12164,4,0.3,11408,4,37.5,3010,1,13.3,20733,7
E01000122,Barnet 009E,E09000003,Barnet,10.2,24308,8,0.1,21201,7,0.1,23116,8,2.3,30583,10,-1.2,30581,10,-0.6,25342,8,30.7,6494,2,21.8,13971,5
E01000123,Barnet 010D,E09000003,Barnet,11.0,23278,8,0.1,20571,7,0.0,24914,8,8.5,23385,8,-1.1,29311,9,-0.7,26038,8,34.6,4252,2,15.7,18691,6
E01000124,Barnet 010E,E09000003,Barnet,23.6,11634,4,0.2,9081,3,0.1,8789,3,14.7,17610,6,-0.6,24615,8,0.5,9189,3,30.6,6538,2,20.8,14719,5
E01000125,Barnet 024A,E09000003,Barnet,26.7,9759,3,0.2,8105,3,0.1,14613,5,23.8,11445,4,-0.6,24898,8,0.6,7913,3,45.9,904,1,20.6,14835,5
E01000126,Barnet 026A,E09000003,Barnet,33.6,6407,2,0.2,4366,2,0.2,6354,2,13.2,18871,6,-0.1,17202,6,-0.2,19092,6,51.2,201,1,24.4,12134,4
E01000127,Barnet 024B,E09000003,Barnet,27.5,9275,3,0.2,7125,3,0.1,8594,3,21.3,12944,4,-0.5,23367,8,0.4,10103,4,37.6,2978,1,22.9,13192,5
E01000128,Barnet 024C,E09000003,Barnet,27.1,9555,3,0.2,8718,3,0.1,12046,4,22.5,12220,4,-0.3,21389,7,1.0,3869,2,34.7,4215,2,27.1,10444,4
E01000129,Barnet 024D,E09000003,Barnet,31.0,7554,3,0.2,5873,2,0.1,11084,4,24.0,11367,4,-0.1,18366,6,1.0,3487,2,38.7,2603,1,25.5,11448,4
E01000130,Barnet 021A,E09000003,Barnet,30.9,7621,3,0.2,7670,3,0.1,9925,4,19.1,14311,5,-0.3,21139,7,0.8,5021,2,43.5,1334,1,35.3,6102,2
E01000131,Barnet 024E,E09000003,Barnet,20.9,13623,5,0.1,14225,5,0.1,19498,6,10.9,20987,7,-0.8,27020,9,1.1,2608,1,39.0,2472,1,21.0,14578,5
E01000132,Barnet 021B,E09000003,Barnet,25.5,10459,4,0.2,7554,3,0.1,11581,4,22.7,12100,4,-0.5,22939,7,0.3,11812,4,35.4,3895,2,25.8,11269,4
E01000133,Barnet 021C,E09000003,Barnet,30.8,7660,3,0.2,7489,3,0.2,5788,2,24.5,11075,4,-0.1,16936,6,0.1,15664,5,40.1,2166,1,26.7,10732,4
E01000134,Barnet 024F,E09000003,Barnet,24.7,10969,4,0.2,7770,3,0.1,13810,5,20.3,13625,5,-0.6,24429,8,-0.2,19554,6,42.2,1626,1,27.2,10405,4
E01000135,Barnet 038A,E09000003,Barnet,12.5,21585,7,0.1,20336,7,0.0,25207,8,4.4,28090,9,-1.1,29489,9,0.4,10680,4,25.5,10648,4,33.5,6935,3
E01000136,Barnet 038B,E09000003,Barnet,9.0,25840,8,0.0,29403,9,0.0,32200,10,0.9,32080,10,-1.9,32547,10,0.2,13707,5,27.6,8749,3,36.2,5733,2
E01000137,Barnet 041A,E09000003,Barnet,28.8,8611,3,0.2,4769,2,0.1,7065,3,8.1,23802,8,0.1,14846,5,0.3,11200,4,33.3,4917,2,22.8,13240,5
E01000138,Barnet 040A,E09000003,Barnet,27.9,9114,3,0.2,8210,3,0.1,8832,3,8.4,23460,8,-0.5,24007,8,1.1,3016,1,35.7,3762,2,31.9,7778,3
E01000139,Barnet 041B,E09000003,Barnet,12.4,21727,7,0.1,19148,6,0.0,27475,9,4.5,27939,9,-1.3,30993,10,0.6,7591,3,25.6,10558,4,29.3,9230,3
E01000140,Barnet 041C,E09000003,Barnet,16.8,17164,6,0.1,13979,5,0.1,16748,6,9.5,22414,7,-0.9,28092,9,0.0,17079,6,30.2,6833,3,30.3,8608,3
E01000141,Barnet 039A,E09000003,Barnet,28.8,8601,3,0.1,10621,4,0.1,15544,5,11.3,20639,7,-0.7,26316,9,1.5,998,1,35.7,3781,2,52.2,1546,1
E01000142,Barnet 040B,E09000003,Barnet,16.7,17305,6,0.1,12982,4,0.1,17086,6,8.9,23016,8,-0.7,25666,8,-0.4,22062,7,30.9,6375,2,28.7,9571,3
E01000143,Barnet 041D,E09000003,Barnet,31.3,7380,3,0.2,4534,2,0.2,6262,2,16.6,16148,5,-0.1,17289,6,0.8,5800,2,33.5,4795,2,19.3,15838,5
E01000144,Barnet 038C,E09000003,Barnet,18.3,15833,5,0.1,16060,5,0.1,15795,5,8.3,23604,8,-0.9,28028,9,0.7,6317,2,31.1,6215,2,29.2,9289,3
E01000145,Barnet 037A,E09000003,Barnet,14.6,19310,6,0.1,18244,6,0.1,18151,6,4.7,27693,9,-1.5,31703,10,0.2,13588,5,29.1,7564,3,32.6,7415,3
E01000146,Barnet 038D,E09000003,Barnet,18.5,15647,5,0.1,15846,5,0.1,14465,5,4.8,27554,9,-1.5,31821,10,0.6,7217,3,34.6,4289,2,29.8,8905,3
E01000147,Barnet 030A,E09000003,Barnet,12.8,21282,7,0.1,19924,7,0.0,27874,9,9.9,21938,7,-2.0,32596,10,0.3,11383,4,27.4,8877,3,33.4,6999,3
E01000148,Barnet 030B,E09000003,Barnet,27.7,9213,3,0.2,7576,3,0.1,10390,4,15.8,16751,6,0.0,16658,6,0.0,16537,6,43.2,1401,1,29.8,8909,3
E01000150,Barnet 036A,E09000003,Barnet,15.6,18371,6,0.1,15457,5,0.1,22713,7,9.3,22579,7,-1.4,31284,10,0.0,17184,6,33.7,4710,2,33.5,6930,3
E01000151,Barnet 026B,E09000003,Barnet,38.9,4606,2,0.3,1383,1,0.2,3621,2,18.8,14541,5,-0.2,19182,6,0.1,15355,5,40.9,1948,1,19.7,15489,5
E01000152,Barnet 026C,E09000003,Barnet,32.4,6908,3,0.3,3391,2,0.1,7125,3,25.2,10713,4,-0.6,24090,8,0.0,15902,5,44.3,1193,1,16.0,18424,6
E01000153,Barnet 026D,E09000003,Barnet,41.6,3826,2,0.3,3020,1,0.2,4735,2,36.1,6415,2,0.0,16727,6,0.9,4658,2,49.4,407,1,18.1,16737,6
E01000154,Barnet 026E,E09000003,Barnet,32.7,6805,3,0.2,6589,3,0.1,7428,3,22.2,12409,4,0.0,15897,5,0.8,5150,2,43.4,1350,1,22.7,13307,5
E01000155,Barnet 030D,E09000003,Barnet,20.8,13700,5,0.1,12048,4,0.1,20992,7,12.2,19786,7,-1.3,30874,10,-0.1,18553,6,39.0,2470,1,47.4,2383,1
E01000156,Barnet 022A,E09000003,Barnet,8.3,26669,9,0.1,20480,7,0.0,27970,9,1.7,31256,10,-1.0,28748,9,-0.2,18997,6,22.2,14049,5,20.0,15291,5
E01000157,Barnet 022B,E09000003,Barnet,12.7,21431,7,0.1,18020,6,0.1,23337,8,10.4,21468,7,-1.1,29471,9,-0.3,20763,7,24.9,11191,4,32.0,7699,3
E01000158,Barnet 015A,E09000003,Barnet,19.7,14606,5,0.1,12554,4,0.1,14944,5,10.8,21097,7,-0.6,24692,8,0.6,8251,3,28.2,8292,3,31.1,8183,3
E01000159,Barnet 015B,E09000003,Barnet,16.3,17696,6,0.1,14637,5,0.1,16967,6,4.9,27445,9,-1.3,30795,10,0.6,8253,3,32.9,5117,2,17.4,17292,6
E01000160,Barnet 015C,E09000003,Barnet,12.1,22025,7,0.1,21491,7,0.0,25821,8,7.5,24450,8,-1.0,29047,9,0.5,9589,3,26.9,9329,3,26.1,11117,4
E01000161,Barnet 015D,E09000003,Barnet,14.5,19434,6,0.1,15071,5,0.1,23203,8,3.8,28785,9,-0.5,23738,8,0.6,7561,3,27.5,8832,3,20.0,15281,5
E01000162,Barnet 015E,E09000003,Barnet,18.5,15689,5,0.1,14118,5,0.1,12852,4,9.9,21882,7,-0.5,23118,8,0.5,9327,3,24.3,11836,4,27.2,10428,4
E01000163,Barnet 022C,E09000003,Barnet,28.5,8744,3,0.2,6673,3,0.1,7026,3,13.3,18746,6,0.0,15455,5,0.3,12561,4,38.1,2815,1,22.0,13854,5
E01000164,Barnet 022D,E09000003,Barnet,25.3,10557,4,0.2,8617,3,0.1,11407,4,11.9,20020,7,-0.7,25537,8,0.8,4999,2,36.0,3614,2,28.7,9562,3
E01000165,Barnet 022E,E09000003,Barnet,13.3,20782,7,0.1,16434,6,0.1,24651,8,5.2,27089,9,-1.3,30809,10,0.2,13551,5,35.6,3791,2,16.0,18378,6
E01000166,Barnet 003A,E09000003,Barnet,14.9,19054,6,0.1,15602,5,0.1,15856,5,7.2,24869,8,-0.9,28162,9,0.3,12305,4,29.0,7702,3,13.6,20472,7
E01000167,Barnet 002A,E09000003,Barnet,28.4,8854,3,0.2,6730,3,0.1,9073,3,22.6,12139,4,0.2,13541,5,0.5,8847,3,33.9,4625,2,18.3,16601,6
E01000168,Barnet 003B,E09000003,Barnet,7.0,28357,9,0.1,26071,8,0.0,29238,9,3.4,29243,9,-1.5,31651,10,-0.1,18057,6,21.9,14471,5,21.5,14193,5
E01000169,Barnet 003C,E09000003,Barnet,13.2,20813,7,0.1,18500,6,0.1,20563,7,4.9,27460,9,-1.2,30347,10,0.5,9541,3,25.4,10718,4,25.6,11383,4
E01000170,Barnet 006A,E09000003,Barnet,20.4,14031,5,0.1,10719,4,0.1,10414,4,10.3,21554,7,-0.6,25024,8,0.5,8594,3,22.5,13749,5,25.4,11534,4
E01000171,Barnet 006B,E09000003,Barnet,24.3,11210,4,0.2,6871,3,0.1,11775,4,12.3,19665,6,-0.2,18595,6,0.3,12123,4,26.5,9720,3,34.0,6704,3
E01000172,Barnet 003D,E09000003,Barnet,8.4,26533,9,0.1,20565,7,0.0,28221,9,2.7,30143,10,-1.6,32018,10,-0.7,26715,9,24.9,11275,4,26.0,11181,4
E01000173,Barnet 006C,E09000003,Barnet,9.7,24872,8,0.1,19433,6,0.1,24580,8,5.8,26333,9,-1.1,29803,10,-0.1,17910,6,19.6,17062,6,23.2,13018,4
E01000174,Barnet 006D,E09000003,Barnet,16.3,17685,6,0.1,12760,4,0.1,19157,6,8.1,23885,8,-0.7,25607,8,-0.2,20317,7,30.2,6828,3,30.0,8830,3
E01000175,Barnet 006E,E09000003,Barnet,7.6,27536,9,0.1,25718,8,0.0,25725,8,2.2,30711,10,-1.5,31540,10,0.2,13765,5,22.2,14085,5,15.8,18613,6
E01000176,Barnet 027A,E09000003,Barnet,30.5,7768,3,0.2,4859,2,0.1,7899,3,19.6,14011,5,-0.5,22882,7,0.4,10772,4,44.2,1205,1,17.9,16934,6
E01000177,Barnet 029A,E09000003,Barnet,8.3,26742,9,0.1,25054,8,0.0,31483,10,4.6,27761,9,-1.8,32421,10,0.0,16208,5,23.0,13256,5,29.9,8862,3
E01000178,Barnet 027B,E09000003,Barnet,8.1,27008,9,0.1,24124,8,0.0,26228,8,1.1,31906,10,-1.3,30902,10,-0.2,18895,6,22.9,13319,5,23.7,12599,4
E01000179,Barnet 029B,E09000003,Barnet,8.5,26462,9,0.1,22746,7,0.0,29121,9,2.0,30869,10,-0.7,26043,8,-0.1,17939,6,24.9,11205,4,19.6,15597,5
E01000180,Barnet 029C,E09000003,Barnet,14.6,19391,6,0.1,12478,4,0.1,17950,6,4.8,27500,9,-1.0,29166,9,-0.3,20452,7,29.6,7258,3,19.4,15732,5
E01000181,Barnet 029D,E09000003,Barnet,8.2,26821,9,0.1,24244,8,0.0,28293,9,0.3,32678,10,-1.6,32071,10,0.1,15601,5,20.8,15696,5,29.7,9010,3
E01000182,Barnet 029E,E09000003,Barnet,8.0,27057,9,0.0,28697,9,0.0,30147,10,0.4,32588,10,-1.7,32281,10,-0.2,19306,6,22.9,13308,5,37.4,5210,2
E01000183,Barnet 033A,E09000003,Barnet,10.6,23760,8,0.1,18766,6,0.0,25825,8,1.9,31018,10,-0.7,25664,8,-0.5,23864,8,30.2,6841,3,20.8,14718,5
E01000184,Barnet 027C,E09000003,Barnet,31.9,7110,3,0.2,5967,2,0.1,7398,3,17.6,15371,5,-0.2,18934,6,0.3,11888,4,43.3,1365,1,35.7,5952,2
E01000185,Barnet 029F,E09000003,Barnet,25.8,10299,4,0.2,4541,2,0.1,8723,3,12.5,19497,6,-0.2,19242,6,-0.4,22953,7,32.7,5260,2,19.5,15701,5
E01000186,Barnet 014A,E09000003,Barnet,5.2,30326,10,0.0,27519,9,0.0,29214,9,3.4,29202,9,-2.0,32593,10,-0.7,26212,8,19.4,17370,6,18.9,16097,5
E01000187,Barnet 014B,E09000003,Barnet,13.0,21042,7,0.1,13871,5,0.1,20781,7,7.7,24295,8,-0.6,24697,8,-0.6,24590,8,28.0,8435,3,14.5,19649,6
E01000188,Barnet 014C,E09000003,Barnet,8.0,27036,9,0.0,30414,10,0.0,28966,9,2.7,30119,10,-2.0,32615,10,0.5,8968,3,21.1,15409,5,27.4,10331,4
E01000189,Barnet 014D,E09000003,Barnet,24.5,11051,4,0.1,10587,4,0.1,14045,5,25.6,10515,4,-0.9,27729,9,-0.4,23049,8,38.5,2658,1,43.6,3275,1
E01000190,Barnet 014E,E09000003,Barnet,10.1,24311,8,0.1,17811,6,0.1,22730,7,5.3,26945,9,-1.3,30863,10,-0.4,22930,7,25.6,10564,4,16.2,18206,6
E01000191,Barnet 014F,E09000003,Barnet,6.8,28527,9,0.1,25033,8,0.0,25233,8,1.8,31153,10,-1.6,31996,10,-0.5,24413,8,22.1,14254,5,18.8,16169,5
E01000192,Barnet 018A,E09000003,Barnet,15.5,18475,6,0.1,15682,5,0.1,19723,7,6.8,25275,8,-1.0,29094,9,0.5,8607,3,27.1,9186,3,28.1,9877,4
E01000193,Barnet 018B,E09000003,Barnet,16.1,17828,6,0.1,17895,6,0.1,18479,6,8.0,23988,8,-1.4,31313,10,0.5,8454,3,28.9,7727,3,33.1,7146,3
E01000194,Barnet 018C,E09000003,Barnet,19.4,14920,5,0.1,14371,5,0.1,16742,6,5.7,26490,9,-1.0,28883,9,0.9,4540,2,33.5,4831,2,29.8,8938,3
E01000195,Barnet 013A,E09000003,Barnet,27.0,9593,3,0.2,8228,3,0.1,11220,4,23.5,11639,4,-0.6,24457,8,0.1,14429,5,47.1,706,1,20.0,15323,5
E01000196,Barnet 028A,E09000003,Barnet,12.3,21850,7,0.1,17436,6,0.1,19382,6,5.8,26345,9,-1.2,30188,10,-0.7,25935,8,29.1,7602,3,22.9,13191,5
E01000197,Barnet 023A,E09000003,Barnet,12.5,21591,7,0.1,18468,6,0.1,22711,7,1.7,31164,10,-1.6,31942,10,0.0,16146,5,26.8,9434,3,34.5,6454,2
E01000198,Barnet 025A,E09000003,Barnet,11.8,22353,7,0.1,18412,6,0.0,25333,8,2.1,30790,10,-1.9,32466,10,-0.6,25140,8,36.2,3536,2,25.8,11317,4
E01000199,Barnet 025B,E09000003,Barnet,7.2,28042,9,0.1,24764,8,0.0,29076,9,1.2,31831,10,-2.1,32707,10,-0.1,18711,6,27.1,9205,3,16.0,18404,6
E01000200,Barnet 028B,E09000003,Barnet,9.6,25046,8,0.1,19357,6,0.1,23175,8,1.1,31907,10,-1.8,32399,10,0.0,16549,6,23.2,13009,4,19.9,15396,5
E01000201,Barnet 028C,E09000003,Barnet,7.2,28084,9,0.0,28364,9,0.0,29698,10,0.8,32270,10,-1.9,32469,10,-0.1,17627,6,20.1,16487,6,32.5,7463,3
E01000202,Barnet 028D,E09000003,Barnet,6.7,28623,9,0.1,25482,8,0.0,30478,10,1.5,31446,10,-1.9,32558,10,-0.5,23739,8,25.1,10979,4,23.0,13100,4
E01000203,Barnet 028E,E09000003,Barnet,15.5,18422,6,0.1,14462,5,0.1,18236,6,5.8,26424,9,-1.2,30128,10,-0.6,24624,8,36.8,3280,1,25.0,11805,4
E01000204,Barnet 025C,E09000003,Barnet,10.1,24436,8,0.1,21863,7,0.0,25965,8,3.1,29593,10,-1.8,32369,10,0.3,11927,4,23.0,13199,5,27.2,10412,4
E01000205,Barnet 035A,E09000003,Barnet,7.7,27397,9,0.1,25441,8,0.0,29476,9,1.1,31937,10,-2.0,32600,10,0.2,13254,5,22.9,13351,5,23.5,12790,4
E01000206,Barnet 033B,E09000003,Barnet,9.1,25629,8,0.0,32706,10,0.0,32692,10,1.8,31108,10,-2.7,32823,10,0.1,14364,5,38.6,2636,1,24.3,12215,4
E01000207,Barnet 033C,E09000003,Barnet,6.6,28804,9,0.0,28150,9,0.0,29472,9,2.9,29862,10,-2.1,32645,10,-0.5,23598,8,22.6,13623,5,27.2,10436,4
E01000208,Barnet 033D,E09000003,Barnet,6.6,28766,9,0.0,31181,10,0.0,32744,10,1.3,31699,10,-2.5,32795,10,0.2,13995,5,26.6,9612,3,22.5,13475,5
E01000209,Barnet 035B,E09000003,Barnet,7.1,28249,9,0.0,26588,9,0.0,29393,9,0.4,32595,10,-1.6,31889,10,0.0,16887,6,23.6,12593,4,22.8,13289,5
E01000210,Barnet 033E,E09000003,Barnet,8.2,26833,9,0.1,24220,8,0.0,29944,10,0.5,32505,10,-1.9,32462,10,0.4,11037,4,19.9,16778,6,27.4,10330,4
E01000211,Barnet 035C,E09000003,Barnet,14.6,19377,6,0.1,14654,5,0.1,18292,6,3.2,29476,9,-0.8,27338,9,-0.4,22011,7,30.4,6679,3,27.8,10106,4
E01000212,Barnet 035D,E09000003,Barnet,10.3,24145,8,0.1,23021,8,0.1,18960,6,0.5,32546,10,-1.7,32148,10,-0.2,19894,7,25.3,10825,4,25.7,11349,4
E01000213,Barnet 033F,E09000003,Barnet,7.6,27586,9,0.0,31216,10,0.0,31617,10,1.3,31659,10,-2.2,32733,10,-0.5,23109,8,30.6,6517,2,31.3,8092,3
E01000214,Barnet 038E,E09000003,Barnet,10.5,23881,8,0.0,27180,9,0.0,28460,9,0.4,32591,10,-2.1,32660,10,0.3,12197,4,36.7,3331,2,23.9,12462,4
E01000215,Barnet 037B,E09000003,Barnet,13.6,20414,7,0.1,15859,5,0.1,20859,7,6.1,26065,8,-0.6,24381,8,-0.5,23197,8,30.8,6431,2,22.2,13727,5
E01000216,Barnet 035E,E09000003,Barnet,10.0,24507,8,0.1,21332,7,0.1,21286,7,2.2,30600,10,-1.3,30884,10,-0.3,20587,7,26.2,9956,4,21.2,14375,5
E01000217,Barnet 035F,E09000003,Barnet,10.8,23520,8,0.1,22376,7,0.1,22862,7,9.3,22543,7,-1.2,30365,10,-0.3,21624,7,24.2,11971,4,29.3,9244,3
E01000218,Barnet 037C,E09000003,Barnet,15.3,18612,6,0.1,15821,5,0.1,18558,6,9.8,22091,7,-0.8,26523,9,0.1,14620,5,28.6,7938,3,25.5,11456,4
E01000219,Barnet 037D,E09000003,Barnet,19.9,14460,5,0.1,16734,6,0.1,13697,5,14.7,17613,6,-0.8,26620,9,0.4,10389,4,34.5,4298,2,31.1,8190,3
E01000220,Barnet 037E,E09000003,Barnet,17.1,16891,6,0.1,14048,5,0.1,13981,5,7.7,24209,8,-0.5,23139,8,-0.4,22479,7,28.9,7749,3,29.4,9132,3
E01000221,Barnet 039B,E09000003,Barnet,45.8,2878,1,0.3,2886,1,0.2,3909,2,23.5,11630,4,0.3,11027,4,1.1,2639,1,56.0,44,1,29.8,8955,3
E01000222,Barnet 040C,E09000003,Barnet,27.1,9539,3,0.2,9338,3,0.1,8480,3,12.3,19703,6,-0.3,20458,7,0.7,6190,2,37.1,3179,1,29.9,8884,3
E01000223,Barnet 039C,E09000003,Barnet,35.8,5606,2,0.2,5219,2,0.1,7310,3,21.2,13036,4,0.0,16092,5,0.9,4500,2,47.9,582,1,28.5,9686,3
E01000224,Barnet 040D,E09000003,Barnet,19.7,14638,5,0.2,10311,4,0.1,13101,4,14.0,18160,6,-0.9,28221,9,-0.1,17484,6,29.8,7085,3,27.1,10450,4
E01000225,Barnet 037F,E09000003,Barnet,11.0,23364,8,0.1,22472,7,0.1,23306,8,6.6,25545,8,-1.1,29235,9,0.0,16830,6,28.2,8226,3,22.7,13328,5
E01000226,Barnet 018D,E09000003,Barnet,31.7,7222,3,0.2,5288,2,0.1,9332,3,23.5,11624,4,0.4,10680,4,-0.2,19222,6,41.0,1925,1,30.8,8364,3
E01000227,Barnet 018E,E09000003,Barnet,10.0,24577,8,0.1,19223,6,0.1,24076,8,4.6,27735,9,-1.7,32188,10,-0.6,25093,8,29.2,7533,3,18.5,16456,6
E01000228,Barnet 007A,E09000003,Barnet,12.5,21621,7,0.1,19698,6,0.1,23078,8,5.1,27227,9,-1.2,30502,10,0.6,7481,3,28.4,8123,3,17.0,17584,6
E01000229,Barnet 013B,E09000003,Barnet,21.6,13079,4,0.1,12047,4,0.1,11304,4,11.2,20727,7,-0.9,27683,9,0.1,15566,5,43.2,1385,1,18.1,16706,6
E01000230,Barnet 013C,E09000003,Barnet,7.9,27204,9,0.1,21300,7,0.0,26803,9,8.8,23054,8,-1.5,31585,10,-0.3,21540,7,20.6,15942,5,14.1,20064,7
E01000231,Barnet 013D,E09000003,Barnet,17.6,16447,6,0.1,15887,5,0.1,20544,7,4.3,28133,9,-1.1,29693,10,0.2,14223,5,46.8,745,1,22.5,13506,5
E01000232,Barnet 013E,E09000003,Barnet,14.5,19413,6,0.1,14404,5,0.1,18344,6,5.0,27272,9,-0.8,27433,9,0.0,16385,5,29.8,7095,3,20.3,15093,5
E01000233,Barnet 013F,E09000003,Barnet,8.9,25991,8,0.1,21747,7,0.1,23380,8,4.0,28531,9,-1.8,32427,10,-0.2,19066,6,22.3,13908,5,20.0,15270,5
E01000234,Barnet 021D,E09000003,Barnet,8.7,26226,8,0.1,22186,7,0.0,25571,8,3.9,28687,9,-1.2,30198,10,-0.3,20474,7,25.0,11062,4,18.4,16530,6
E01000235,Barnet 021E,E09000003,Barnet,23.3,11811,4,0.2,9316,3,0.1,12345,4,18.5,14759,5,-0.6,24980,8,0.5,9335,3,32.0,5689,2,28.2,9812,3
E01000236,Barnet 034A,E09000003,Barnet,10.6,23808,8,0.1,19680,6,0.1,21799,7,3.6,28956,9,-1.1,29846,10,-0.5,24391,8,25.2,10944,4,26.2,11051,4
E01000237,Barnet 032A,E09000003,Barnet,9.5,25066,8,0.1,24986,8,0.0,29142,9,1.6,31373,10,-1.7,32251,10,0.3,12465,4,27.0,9308,3,29.6,9041,3
E01000238,Barnet 034B,E09000003,Barnet,14.5,19485,6,0.1,16992,6,0.1,17719,6,4.7,27606,9,-1.4,31453,10,-0.2,19488,6,30.4,6642,3,31.2,8164,3
E01000239,Barnet 031A,E09000003,Barnet,21.6,13120,4,0.1,11811,4,0.1,16948,6,6.5,25549,8,-0.9,27733,9,0.0,16770,6,50.1,308,1,25.4,11552,4
E01000240,Barnet 031B,E09000003,Barnet,19.6,14717,5,0.1,13892,5,0.1,19999,7,5.8,26426,9,-1.1,29663,10,0.1,15563,5,48.5,511,1,28.4,9725,3
E01000241,Barnet 031C,E09000003,Barnet,10.7,23646,8,0.1,21281,7,0.0,27860,9,1.5,31496,10,-1.8,32334,10,-0.2,19355,6,34.8,4182,2,25.0,11802,4
E01000242,Barnet 032B,E09000003,Barnet,19.2,15111,5,0.1,13112,4,0.1,15495,5,3.6,29017,9,-1.0,28490,9,0.3,12135,4,42.6,1516,1,21.1,14489,5
E01000243,Barnet 032C,E09000003,Barnet,14.1,19861,7,0.1,18854,6,0.1,23716,8,4.6,27755,9,-1.0,28790,9,0.1,15063,5,30.1,6931,3,37.6,5126,2
E01000244,Barnet 032D,E09000003,Barnet,15.6,18293,6,0.1,20321,7,0.1,22860,7,6.4,25656,8,-1.0,29007,9,0.3,12038,4,29.7,7188,3,45.3,2831,1
E01000245,Barnet 032E,E09000003,Barnet,24.1,11312,4,0.2,8983,3,0.1,9813,3,11.8,20172,7,-0.4,21679,7,0.4,9778,3,31.4,6032,2,29.7,9019,3
E01000246,Barnet 002B,E09000003,Barnet,10.6,23751,8,0.0,26762,9,0.0,27831,9,1.7,31198,10,-1.5,31610,10,0.5,9108,3,33.8,4693,2,21.7,14047,5
E01000247,Barnet 002C,E09000003,Barnet,10.1,24330,8,0.1,20059,7,0.1,19922,7,2.7,30127,10,-1.2,30591,10,-0.6,24522,8,29.0,7674,3,13.3,20763,7
E01000248,Barnet 001A,E09000003,Barnet,7.3,27938,9,0.0,27165,9,0.0,28987,9,1.5,31482,10,-1.4,31384,10,0.5,8790,3,17.8,19451,6,19.7,15516,5
E01000249,Barnet 001B,E09000003,Barnet,5.9,29613,10,0.0,31437,10,0.0,26762,9,1.2,31821,10,-1.9,32562,10,0.1,15324,5,21.4,15076,5,16.2,18222,6
E01000250,Barnet 001C,E09000003,Barnet,13.0,21023,7,0.1,15300,5,0.1,18377,6,3.6,29054,9,-1.5,31547,10,0.1,15679,5,26.1,10078,4,20.8,14715,5
E01000251,Barnet 002D,E09000003,Barnet,18.9,15365,5,0.1,11035,4,0.1,10435,4,7.2,24848,8,-0.6,24423,8,0.1,14914,5,24.9,11258,4,22.7,13305,5
E01000252,Barnet 002E,E09000003,Barnet,13.4,20654,7,0.1,16417,5,0.1,17637,6,2.1,30730,10,-1.0,29137,9,0.2,14082,5,30.6,6516,2,13.6,20457,7
E01000253,Barnet 007B,E09000003,Barnet,9.4,25200,8,0.0,27890,9,0.0,30107,10,3.5,29154,9,-0.9,27601,9,0.2,13716,5,36.7,3340,2,11.3,22627,7
E01000254,Barnet 001D,E09000003,Barnet,7.8,27346,9,0.0,28579,9,0.0,31105,10,2.2,30689,10,-1.3,31021,10,-0.1,18455,6,26.5,9693,3,29.2,9273,3
E01000255,Barnet 017A,E09000003,Barnet,18.7,15471,5,0.1,10582,4,0.1,13154,5,6.7,25354,8,-1.0,28882,9,0.2,13597,5,30.4,6713,3,24.1,12365,4
E01000256,Barnet 016A,E09000003,Barnet,10.6,23742,8,0.1,19723,7,0.0,26979,9,3.5,29160,9,-1.5,31768,10,0.0,16460,6,32.3,5455,2,18.0,16810,6
E01000257,Barnet 017B,E09000003,Barnet,25.0,10770,4,0.2,8979,3,0.1,9751,3,17.1,15743,5,-0.4,21902,7,0.3,12703,4,38.6,2609,1,21.4,14265,5
E01000258,Barnet 016B,E09000003,Barnet,9.2,25595,8,0.1,24275,8,0.0,27890,9,3.6,29064,9,-1.2,30395,10,0.4,11007,4,21.9,14493,5,25.2,11644,4
E01000259,Barnet 025D,E09000003,Barnet,13.4,20665,7,0.1,17032,6,0.1,19832,7,3.9,28639,9,-1.6,31968,10,0.3,11664,4,30.2,6797,3,19.2,15873,5
E01000260,Barnet 025E,E09000003,Barnet,19.9,14473,5,0.1,14972,5,0.1,17840,6,10.6,21242,7,-1.0,28756,9,0.2,13443,5,46.6,791,1,24.4,12152,4
E01000261,Barnet 017C,E09000003,Barnet,7.6,27512,9,0.0,27097,9,0.0,30945,10,1.1,31884,10,-2.0,32578,10,-0.9,28637,9,36.0,3667,2,18.5,16408,5
E01000262,Barnet 017D,E09000003,Barnet,11.6,22595,7,0.1,17210,6,0.0,26157,8,7.6,24324,8,-1.5,31803,10,-0.4,22489,7,34.8,4163,2,15.2,19041,6
E01000263,Barnet 016C,E09000003,Barnet,5.9,29609,10,0.0,31818,10,0.0,31702,10,1.2,31787,10,-2.1,32671,10,-0.3,21188,7,27.8,8614,3,20.9,14624,5
E01000264,Barnet 016D,E09000003,Barnet,16.5,17488,6,0.1,14146,5,0.1,16955,6,5.6,26596,9,-1.2,30350,10,0.2,13598,5,30.9,6377,2,29.9,8899,3
E01000265,Barnet 011A,E09000003,Barnet,15.1,18822,6,0.1,12969,4,0.1,16377,5,6.3,25897,8,-0.8,26727,9,-0.4,21847,7,28.4,8086,3,21.2,14393,5
E01000266,Barnet 011B,E09000003,Barnet,8.0,27042,9,0.0,27414,9,0.0,30474,10,2.2,30659,10,-1.6,31967,10,0.6,8110,3,22.8,13452,5,20.4,14994,5
E01000267,Barnet 005A,E09000003,Barnet,12.8,21327,7,0.1,18565,6,0.1,22319,7,2.5,30360,10,-1.1,29372,9,-0.6,25397,8,33.4,4885,2,30.7,8426,3
E01000268,Barnet 005B,E09000003,Barnet,15.3,18670,6,0.1,10687,4,0.1,19000,6,9.0,22903,7,-1.0,29031,9,-0.1,18630,6,24.9,11269,4,22.8,13285,5
E01000269,Barnet 005C,E09000003,Barnet,10.4,23965,8,0.1,22236,7,0.0,25808,8,5.7,26465,9,-1.5,31764,10,0.2,13940,5,27.9,8504,3,22.4,13616,5
E01000270,Barnet 005D,E09000003,Barnet,12.0,22199,7,0.1,18355,6,0.1,19081,6,2.7,30040,10,-1.6,32015,10,0.1,15000,5,26.5,9672,3,21.1,14508,5
E01000271,Barnet 008A,E09000003,Barnet,6.6,28725,9,0.0,28349,9,0.0,29713,10,2.1,30811,10,-1.8,32452,10,-0.5,23780,8,29.7,7162,3,17.0,17600,6
E01000272,Barnet 008B,E09000003,Barnet,4.8,30661,10,0.0,30815,10,0.0,32508,10,1.2,31830,10,-1.6,31949,10,0.0,16784,6,22.4,13878,5,14.4,19802,7
E01000273,Barnet 008C,E09000003,Barnet,14.1,19790,7,0.1,13572,5,0.1,15698,5,3.6,28957,9,-1.0,28539,9,-0.1,18549,6,25.8,10384,4,18.9,16080,5
E01000274,Barnet 011C,E09000003,Barnet,15.6,18373,6,0.1,12948,4,0.1,15095,5,7.8,24193,8,-0.9,27984,9,-0.1,17561,6,25.1,10967,4,22.7,13334,5
E01000275,Barnet 012A,E09000003,Barnet,13.5,20490,7,0.1,13890,5,0.1,20745,7,3.0,29716,10,-1.0,28792,9,-0.8,27720,9,36.7,3323,2,14.4,19792,7
E01000276,Barnet 020A,E09000003,Barnet,4.1,31443,10,0.0,31263,10,0.0,31878,10,0.8,32273,10,-2.1,32661,10,-1.3,30864,10,26.2,10019,4,13.4,20649,7
E01000277,Barnet 012B,E09000003,Barnet,18.2,15935,5,0.1,11081,4,0.1,11602,4,4.1,28453,9,-0.8,26671,9,-1.0,28752,9,36.3,3486,2,19.3,15787,5
E01000278,Barnet 020B,E09000003,Barnet,5.5,29998,10,0.0,30148,10,0.0,32414,10,1.0,32060,10,-1.8,32433,10,-1.2,30478,10,29.0,7633,3,21.1,14479,5
E01000279,Barnet 007C,E09000003,Barnet,9.0,25843,8,0.0,32440,10,0.0,32474,10,1.8,31123,10,-2.4,32783,10,0.5,8570,3,37.9,2872,1,12.9,21169,7
E01000280,Barnet 007D,E09000003,Barnet,4.0,31544,10,0.0,31895,10,0.0,30700,10,0.9,32085,10,-2.2,32712,10,-0.6,25425,8,21.6,14821,5,15.5,18824,6
E01000281,Barnet 008D,E09000003,Barnet,10.9,23416,8,0.1,19336,6,0.1,21750,7,6.2,25974,8,-1.0,28786,9,-0.2,19304,6,26.2,9960,4,18.0,16789,6
E01000282,Barnet 008E,E09000003,Barnet,8.6,26321,9,0.1,24495,8,0.0,26407,9,2.0,30925,10,-1.8,32352,10,0.2,13611,5,24.4,11718,4,21.3,14307,5
E01000283,Barnet 012C,E09000003,Barnet,4.6,30858,10,0.0,30868,10,0.0,32311,10,0.6,32446,10,-2.2,32727,10,-0.9,28510,9,28.1,8383,3,14.3,19864,7
E01000284,Barnet 012D,E09000003,Barnet,15.5,18467,6,0.1,11861,4,0.1,15680,5,5.2,27035,9,-0.7,25901,8,-0.1,18045,6,26.9,9370,3,17.7,17083,6
E01000285,Barnet 004A,E09000003,Barnet,15.1,18783,6,0.1,15593,5,0.1,15977,5,8.3,23595,8,-0.7,25983,8,0.2,13179,5,27.1,9160,3,17.9,16941,6
E01000286,Barnet 007E,E09000003,Barnet,23.9,11433,4,0.2,8775,3,0.1,9812,3,11.1,20812,7,-0.4,22693,7,0.6,7200,3,31.4,6025,2,23.4,12839,4
E01000287,Barnet 004B,E09000003,Barnet,22.7,12242,4,0.2,9601,3,0.1,11832,4,21.7,12759,4,-0.4,22171,7,0.3,11726,4,30.1,6871,3,22.6,13401,5
E01000288,Barnet 004C,E09000003,Barnet,13.0,21005,7,0.1,17775,6,0.1,20153,7,8.0,23923,8,-1.2,30211,10,0.1,15125,5,27.9,8510,3,21.6,14109,5
E01000289,Barnet 004D,E09000003,Barnet,38.3,4786,2,0.2,4091,2,0.2,5003,2,28.4,9238,3,-0.3,21072,7,0.7,6583,3,52.0,152,1,18.4,16547,6
E01000290,Barnet 007F,E09000003,Barnet,19.9,14405,5,0.1,13651,5,0.1,12905,4,10.9,20958,7,-0.7,26065,8,0.5,9251,3,38.4,2694,1,13.4,20685,7
E01000291,Barnet 004E,E09000003,Barnet,32.9,6697,3,0.2,4977,2,0.2,5288,2,25.7,10485,4,-0.3,20149,7,0.7,6270,2,39.0,2494,1,11.9,22109,7
E01000292,Barnet 001E,E09000003,Barnet,11.3,22974,7,0.1,19725,7,0.1,17108,6,3.7,28916,9,-1.2,30345,10,0.2,13764,5,20.5,16070,5,18.5,16462,6
E01000293,Barnet 001F,E09000003,Barnet,7.6,27550,9,0.1,23643,8,0.0,26644,9,1.4,31603,10,-1.4,31374,10,0.1,15240,5,18.9,17920,6,21.2,14440,5
E01000294,Barnet 004F,E09000003,Barnet,12.2,21893,7,0.1,17451,6,0.1,15044,5,2.2,30625,10,-0.3,20573,7,-1.0,29109,9,25.0,11108,4,12.6,21397,7
E01000295,Barnet 023B,E09000003,Barnet,13.3,20731,7,0.1,23730,8,0.1,22914,7,1.1,31886,10,-1.3,30624,10,0.5,9175,3,25.8,10380,4,41.7,3732,2
E01000296,Barnet 023C,E09000003,Barnet,12.1,22036,7,0.1,18623,6,0.1,23664,8,4.3,28145,9,-1.2,30194,10,0.2,13009,4,28.7,7899,3,23.0,13127,4
E01000297,Barnet 027D,E09000003,Barnet,9.0,25783,8,0.1,20617,7,0.0,26560,9,7.2,24800,8,-1.3,30976,10,-0.4,22390,7,24.2,11937,4,19.9,15374,5
E01000298,Barnet 023D,E09000003,Barnet,11.8,22372,7,0.1,17269,6,0.0,26166,8,1.7,31204,10,-1.4,31538,10,0.3,11476,4,26.4,9761,3,27.1,10460,4
E01000299,Barnet 019A,E09000003,Barnet,17.0,16989,6,0.1,13854,5,0.1,21404,7,3.0,29746,10,-0.6,25202,8,0.4,10309,4,26.4,9779,3,41.3,3851,2
E01000300,Barnet 019B,E09000003,Barnet,12.3,21880,7,0.1,16788,6,0.1,21876,7,3.1,29630,10,-0.7,25728,8,-0.2,19354,6,27.9,8538,3,21.8,13954,5
E01000301,Barnet 020C,E09000003,Barnet,7.1,28246,9,0.0,26564,9,0.0,25290,8,1.1,31950,10,-1.6,32019,10,-0.3,20484,7,21.8,14519,5,21.7,14074,5
E01000302,Barnet 019C,E09000003,Barnet,15.6,18360,6,0.1,12599,4,0.1,15064,5,6.8,25292,8,-0.7,26172,8,-0.3,20855,7,28.3,8217,3,18.5,16427,6
E01000303,Barnet 020D,E09000003,Barnet,6.8,28555,9,0.1,26128,8,0.0,30069,10,1.1,31875,10,-1.6,32083,10,-0.6,24865,8,31.6,5900,2,12.5,21551,7
E01000304,Barnet 020E,E09000003,Barnet,13.5,20455,7,0.1,18405,6,0.1,21451,7,4.2,28304,9,-0.6,25168,8,-0.6,25561,8,36.7,3328,2,23.3,12922,4
E01000305,Barnet 036B,E09000003,Barnet,27.9,9115,3,0.2,9250,3,0.1,10049,4,15.0,17322,6,-0.6,25317,8,0.5,9339,3,45.4,978,1,34.4,6512,2
E01000306,Barnet 036C,E09000003,Barnet,14.0,19906,7,0.1,20530,7,0.0,26653,9,13.0,19039,6,-0.9,28384,9,0.2,14218,5,32.8,5189,2,31.3,8081,3
E01000307,Barnet 039D,E09000003,Barnet,23.3,11835,4,0.1,10789,4,0.1,16027,5,18.5,14779,5,-1.0,28967,9,0.8,5064,2,35.3,3948,2,32.3,7576,3
E01000308,Barnet 036D,E09000003,Barnet,31.8,7151,3,0.2,6394,2,0.1,11234,4,25.9,10346,4,-0.5,23868,8,1.0,3251,1,42.4,1563,1,31.9,7763,3
E01000309,Barnet 031D,E09000003,Barnet,13.9,20046,7,0.1,17904,6,0.1,21812,7,3.4,29214,9,-1.6,31992,10,-0.1,17570,6,36.5,3397,2,26.8,10666,4
E01000310,Barnet 034C,E09000003,Barnet,19.2,15067,5,0.1,15185,5,0.1,20489,7,14.2,17988,6,-0.8,26473,9,0.3,12245,4,41.7,1741,1,28.1,9884,4
E01000311,Barnet 034D,E09000003,Barnet,11.1,23246,8,0.0,27778,9,0.1,23824,8,2.0,30927,10,-1.8,32457,10,0.5,8559,3,26.8,9425,3,31.6,7921,3
E01000312,Barnet 036E,E09000003,Barnet,24.9,10806,4,0.2,10365,4,0.1,13246,5,9.6,22228,7,-0.3,19872,7,-0.2,19877,7,54.5,74,1,21.4,14245,5
E01000313,Barnet 036F,E09000003,Barnet,19.9,14409,5,0.1,14288,5,0.1,17359,6,11.9,20002,7,-0.6,24532,8,0.2,13714,5,40.2,2132,1,30.0,8780,3
E01000314,Barnet 032F,E09000003,Barnet,10.7,23679,8,0.1,24826,8,0.0,29412,9,2.8,29944,10,-1.4,31396,10,0.6,7767,3,29.2,7481,3,25.5,11495,4
E01000315,Barnet 022F,E09000003,Barnet,32.7,6785,3,0.2,4566,2,0.2,5523,2,23.3,11724,4,-0.3,21044,7,0.8,5205,2,34.6,4247,2,19.2,15883,5
E01000316,Barnet 027E,E09000003,Barnet,19.9,14454,5,0.1,11715,4,0.1,16565,6,3.7,28917,9,-1.0,29122,9,0.8,5821,2,33.7,4716,2,30.9,8336,3
E01000317,Barnet 019D,E09000003,Barnet,10.9,23497,8,0.1,16656,6,0.1,23551,8,2.4,30410,10,-1.1,29939,10,-0.2,19851,7,25.4,10792,4,21.9,13906,5
E01000318,Barnet 019E,E09000003,Barnet,14.7,19218,6,0.1,13697,5,0.1,22639,7,3.4,29257,9,-1.2,30051,10,0.6,7427,3,25.9,10262,4,25.9,11255,4
E01000319,Barnet 027F,E09000003,Barnet,9.9,24628,8,0.1,20211,7,0.0,25969,8,1.9,31025,10,-1.3,30986,10,0.2,13627,5,24.3,11883,4,23.0,13111,4
E01000320,Barnet 011D,E09000003,Barnet,8.7,26150,8,0.1,20039,7,0.0,28211,9,1.3,31681,10,-1.8,32351,10,-0.4,22301,7,28.3,8220,3,19.7,15507,5
E01000321,Barnet 012E,E09000003,Barnet,14.4,19535,6,0.1,15777,5,0.1,16894,6,4.4,28027,9,-1.1,29450,9,-0.1,17704,6,25.1,11004,4,31.2,8141,3
E01000322,Barnet 011E,E09000003,Barnet,14.9,19048,6,0.1,13250,5,0.1,16695,6,2.4,30405,10,-1.2,30547,10,-0.3,20406,7,27.7,8706,3,28.9,9423,3
E01000323,Barnet 019F,E09000003,Barnet,18.8,15389,5,0.1,13911,5,0.1,16753,6,4.9,27466,9,-0.5,23165,8,0.6,7155,3,27.8,8612,3,35.4,6070,2
E01000324,Barnet 015F,E09000003,Barnet,13.8,20202,7,0.1,17223,6,0.1,17485,6,4.5,27875,9,-0.6,24311,8,0.2,13541,5,24.6,11546,4,22.0,13878,5
E01033572,Barnet 030E,E09000003,Barnet,22.2,12628,4,0.2,8806,3,0.1,15441,5,11.5,20438,7,-0.8,26729,9,0.3,11911,4,36.0,3640,2,32.2,7636,3
E01033573,Barnet 030F,E09000003,Barnet,17.9,16181,5,0.1,19181,6,0.0,28357,9,5.0,27297,9,-1.7,32156,10,-0.4,22880,7,45.8,931,1,53.3,1391,1
E01000325,Bexley 014A,E09000004,Bexley,5.9,29599,10,0.0,28876,9,0.0,29315,9,11.5,20414,7,-1.4,31283,10,-0.4,22680,7,18.4,18640,6,14.4,19790,7
E01000326,Bexley 014B,E09000004,Bexley,12.0,22206,7,0.1,25513,8,0.0,28337,9,16.3,16357,5,-1.1,29568,10,-0.1,17994,6,33.0,5076,2,27.0,10548,4
E01000327,Bexley 017A,E09000004,Bexley,7.7,27457,9,0.0,27897,9,0.0,26454,9,11.8,20161,7,-0.7,26329,9,-0.2,20173,7,19.2,17632,6,16.3,18173,6
E01000328,Bexley 017B,E09000004,Bexley,11.4,22853,7,0.1,26223,8,0.0,25006,8,17.2,15660,5,-0.7,25850,8,0.7,6346,2,20.4,16221,5,13.6,20507,7
E01000329,Bexley 017C,E09000004,Bexley,15.9,18060,6,0.1,16771,6,0.1,17475,6,20.6,13408,5,-0.9,28111,9,0.4,10434,4,23.9,12214,4,19.8,15410,5
E01000330,Bexley 017D,E09000004,Bexley,17.9,16254,5,0.1,14673,5,0.1,14920,5,13.0,19022,6,-0.1,17671,6,-0.2,20196,7,24.6,11557,4,32.0,7716,3
E01000331,Bexley 017E,E09000004,Bexley,28.3,8888,3,0.2,10446,4,0.1,7741,3,33.3,7354,3,0.0,16081,5,0.3,11762,4,36.0,3621,2,22.7,13336,5
E01000332,Bexley 005A,E09000004,Bexley,16.1,17857,6,0.1,15441,5,0.1,16767,6,16.7,16002,5,-0.8,27166,9,0.4,10338,4,20.3,16266,5,25.3,11560,4
E01000333,Bexley 003A,E09000004,Bexley,25.9,10270,4,0.2,9048,3,0.1,8944,3,34.5,6955,3,0.1,15132,5,0.2,13568,5,23.3,12832,4,23.4,12870,4
E01000334,Bexley 006A,E09000004,Bexley,13.0,21066,7,0.1,19545,6,0.1,20681,7,20.9,13195,5,-0.8,26706,9,-0.3,21251,7,27.1,9142,3,13.7,20383,7
E01000335,Bexley 003B,E09000004,Bexley,31.7,7186,3,0.2,9659,3,0.1,13444,5,37.4,6072,2,-0.5,22863,7,0.7,6157,2,50.8,230,1,31.9,7765,3
E01000336,Bexley 003C,E09000004,Bexley,31.4,7373,3,0.2,5380,2,0.1,7733,3,24.9,10872,4,-0.1,18041,6,0.4,10661,4,38.5,2670,1,27.7,10154,4
E01000337,Bexley 003D,E09000004,Bexley,19.6,14747,5,0.2,9209,3,0.1,13780,5,15.5,16945,6,-0.7,26075,8,0.0,16148,5,26.8,9494,3,23.3,12930,4
E01000338,Bexley 003E,E09000004,Bexley,18.9,15333,5,0.1,13351,5,0.1,18643,6,17.7,15311,5,-0.3,20061,7,0.3,12430,4,26.9,9368,3,31.7,7874,3
E01000339,Bexley 025A,E09000004,Bexley,16.3,17653,6,0.1,15060,5,0.1,12796,4,23.2,11779,4,-0.3,20683,7,-0.2,18952,6,16.8,20648,7,12.7,21316,7
E01000340,Bexley 018A,E09000004,Bexley,12.8,21230,7,0.1,20657,7,0.0,26809,9,19.8,13894,5,-0.5,23155,8,-0.6,25249,8,27.2,9042,3,28.1,9878,4
E01000341,Bexley 022A,E09000004,Bexley,8.9,25941,8,0.1,23147,8,0.1,22462,7,14.9,17456,6,-0.8,27073,9,-0.6,25349,8,15.9,21834,7,16.2,18202,6
E01000342,Bexley 022B,E09000004,Bexley,8.9,25891,8,0.0,29792,10,0.0,27700,9,17.7,15355,5,-1.0,28826,9,-0.2,19002,6,21.4,14959,5,24.0,12418,4
E01000343,Bexley 022C,E09000004,Bexley,8.3,26633,9,0.1,25020,8,0.0,25165,8,16.0,16598,6,-0.9,28161,9,-0.5,23424,8,16.0,21731,7,18.6,16313,5
E01000344,Bexley 025B,E09000004,Bexley,6.1,29332,9,0.0,29905,10,0.0,27417,9,12.3,19658,6,-0.7,25951,8,-0.5,23973,8,15.5,22294,7,13.0,21032,7
E01000345,Bexley 022D,E09000004,Bexley,6.3,29145,9,0.0,28373,9,0.0,29876,10,12.6,19400,6,-0.8,26773,9,-0.7,26326,9,16.7,20854,7,17.6,17141,6
E01000346,Bexley 021A,E09000004,Bexley,9.7,24927,8,0.1,25361,8,0.1,24419,8,15.3,17124,6,-0.8,26563,9,0.0,17038,6,14.7,23408,8,24.6,12007,4
E01000347,Bexley 021B,E09000004,Bexley,11.2,23128,8,0.1,20119,7,0.0,27847,9,23.0,11936,4,-0.6,24499,8,-0.5,23527,8,19.2,17633,6,22.5,13525,5
E01000348,Bexley 020A,E09000004,Bexley,5.0,30525,10,0.0,32274,10,0.0,30136,10,12.6,19364,6,-1.3,30818,10,-0.7,25763,8,17.3,20055,7,14.6,19535,6
E01000349,Bexley 020B,E09000004,Bexley,7.5,27736,9,0.0,26709,9,0.0,29537,9,9.7,22107,7,-1.2,30003,10,-0.8,27447,9,27.5,8807,3,16.4,18075,6
E01000350,Bexley 021C,E09000004,Bexley,7.9,27197,9,0.0,27061,9,0.0,29517,9,17.9,15173,5,-0.8,27312,9,-0.6,24819,8,18.2,18885,6,20.8,14698,5
E01000351,Bexley 024A,E09000004,Bexley,7.6,27580,9,0.1,26277,9,0.0,28180,9,16.4,16270,5,-1.1,29869,10,-0.7,26087,8,22.8,13465,5,12.4,21603,7
E01000352,Bexley 021D,E09000004,Bexley,14.8,19159,6,0.1,16410,5,0.1,21189,7,21.7,12768,4,-0.7,26213,8,-0.1,18379,6,24.7,11441,4,23.9,12508,4
E01000353,Bexley 011A,E09000004,Bexley,5.2,30316,10,0.0,27233,9,0.0,29701,10,9.7,22175,7,-1.4,31256,10,-0.4,21791,7,11.1,27485,9,15.1,19094,6
E01000354,Bexley 011B,E09000004,Bexley,21.3,13302,5,0.1,11183,4,0.1,9377,3,23.9,11413,4,-0.1,16840,6,-0.7,25839,8,23.7,12455,4,21.6,14139,5
E01000355,Bexley 011C,E09000004,Bexley,8.2,26842,9,0.0,28876,9,0.0,25703,8,16.8,15981,5,-0.7,26368,9,-0.3,21680,7,18.1,19061,6,17.9,16893,6
E01000356,Bexley 009A,E09000004,Bexley,7.9,27128,9,0.1,25543,8,0.1,20669,7,12.7,19283,6,-0.9,28103,9,-0.5,23903,8,12.1,26407,9,14.4,19772,7
E01000357,Bexley 009B,E09000004,Bexley,4.1,31429,10,0.0,32193,10,0.0,31275,10,12.0,19967,7,-1.3,30783,10,-0.7,26262,8,11.9,26637,9,14.7,19514,6
E01000358,Bexley 011D,E09000004,Bexley,6.2,29282,9,0.0,27044,9,0.0,28165,9,12.0,19916,7,-1.1,29404,9,-0.8,26791,9,15.4,22452,7,16.6,17887,6
E01000359,Bexley 009C,E09000004,Bexley,6.2,29254,9,0.0,27743,9,0.0,27573,9,10.1,21706,7,-1.2,30561,10,-0.9,27876,9,19.0,17862,6,16.9,17686,6
E01000360,Bexley 015A,E09000004,Bexley,18.7,15534,5,0.1,15126,5,0.1,16221,5,7.9,24063,8,0.0,15529,5,0.4,10835,4,26.1,10077,4,32.7,7322,3
E01000361,Bexley 020C,E09000004,Bexley,11.3,23027,8,0.1,20428,7,0.1,20974,7,13.4,18642,6,-0.9,27815,9,-0.4,21920,7,23.0,13183,5,19.7,15551,5
E01000362,Bexley 015B,E09000004,Bexley,12.6,21457,7,0.1,20734,7,0.1,22728,7,13.4,18691,6,-0.9,27999,9,0.5,9089,3,22.3,13969,5,21.3,14361,5
E01000363,Bexley 020D,E09000004,Bexley,9.3,25379,8,0.1,24566,8,0.1,23463,8,9.7,22178,7,-0.8,26560,9,-0.5,23169,8,21.3,15165,5,22.9,13226,5
E01000364,Bexley 023A,E09000004,Bexley,12.7,21389,7,0.1,20925,7,0.1,23497,8,12.9,19119,6,-0.5,23280,8,-0.5,23577,8,29.3,7419,3,25.5,11479,4
E01000365,Bexley 015C,E09000004,Bexley,14.4,19555,6,0.1,17540,6,0.1,21601,7,9.9,21909,7,-0.4,22519,7,0.6,7808,3,21.7,14677,5,23.7,12626,4
E01000366,Bexley 015D,E09000004,Bexley,9.9,24683,8,0.1,18305,6,0.1,23239,8,8.7,23145,8,-0.8,27379,9,-0.2,20105,7,17.3,20065,7,18.3,16598,6
E01000367,Bexley 010A,E09000004,Bexley,30.9,7599,3,0.2,6346,2,0.2,5354,2,36.3,6357,2,-0.2,19056,6,0.2,12910,4,33.0,5063,2,15.9,18496,6
E01000368,Bexley 010B,E09000004,Bexley,33.9,6298,2,0.2,4643,2,0.2,5709,2,44.4,4316,2,0.0,16226,5,-0.1,18825,6,37.6,2987,1,16.0,18421,6
E01000369,Bexley 014C,E09000004,Bexley,14.6,19297,6,0.1,16627,6,0.1,15794,5,21.1,13058,4,-0.6,24292,8,-0.2,19994,7,17.2,20181,7,20.6,14829,5
E01000370,Bexley 014D,E09000004,Bexley,11.4,22899,7,0.1,20618,7,0.1,18366,6,14.2,18016,6,-0.7,25739,8,-0.7,26283,9,21.1,15420,5,18.0,16834,6
E01000371,Bexley 014E,E09000004,Bexley,8.2,26858,9,0.1,25386,8,0.0,28189,9,14.0,18199,6,-1.0,28547,9,-0.6,25355,8,23.9,12209,4,16.2,18266,6
E01000372,Bexley 010C,E09000004,Bexley,29.9,8063,3,0.2,6844,3,0.2,5398,2,30.8,8262,3,0.4,10897,4,-0.1,18397,6,26.4,9845,3,21.7,14023,5
E01000373,Bexley 008A,E09000004,Bexley,29.3,8331,3,0.1,11999,4,0.1,11637,4,37.1,6169,2,0.2,13403,5,0.6,8019,3,46.3,832,1,17.1,17546,6
E01000374,Bexley 019A,E09000004,Bexley,42.4,3624,2,0.2,4464,2,0.2,2883,1,48.5,3515,2,0.7,6984,3,0.1,15795,5,37.8,2904,1,30.3,8643,3
E01000375,Bexley 019B,E09000004,Bexley,18.3,15879,5,0.1,14696,5,0.1,15158,5,26.1,10273,4,-0.4,22035,7,0.1,15655,5,20.7,15796,5,27.7,10116,4
E01000376,Bexley 019C,E09000004,Bexley,16.2,17727,6,0.1,18994,6,0.1,22035,7,17.2,15680,5,-0.3,20021,7,0.7,6213,2,21.9,14484,5,28.0,9979,4
E01000377,Bexley 019D,E09000004,Bexley,12.3,21848,7,0.1,22769,7,0.1,18553,6,16.4,16273,5,-0.9,27872,9,0.1,14443,5,23.7,12414,4,14.9,19348,6
E01000378,Bexley 019E,E09000004,Bexley,21.2,13369,5,0.1,13316,5,0.1,13445,5,21.7,12751,4,-0.2,19297,6,0.2,13833,5,30.1,6896,3,28.8,9478,3
E01000379,Bexley 019F,E09000004,Bexley,18.6,15579,5,0.1,13481,5,0.1,17457,6,23.5,11604,4,-0.6,24356,8,0.3,12668,4,24.9,11268,4,28.7,9569,3
E01000380,Bexley 010D,E09000004,Bexley,23.3,11840,4,0.1,12113,4,0.1,14886,5,30.5,8378,3,-0.3,20017,7,-0.8,27014,9,47.1,699,1,13.3,20786,7
E01000381,Bexley 028A,E09000004,Bexley,27.8,9141,3,0.1,10591,4,0.1,8681,3,27.8,9493,3,0.0,16553,6,-0.1,17832,6,44.1,1221,1,22.3,13672,5
E01000382,Bexley 027A,E09000004,Bexley,6.4,28932,9,0.0,30202,10,0.0,28879,9,6.1,26093,8,-1.1,29621,10,-0.7,26050,8,29.4,7381,3,11.0,23013,8
E01000383,Bexley 028B,E09000004,Bexley,21.1,13501,5,0.1,16241,5,0.1,15264,5,19.7,13929,5,-0.4,21461,7,1.0,3616,2,33.1,5045,2,17.3,17368,6
E01000384,Bexley 027B,E09000004,Bexley,12.1,22083,7,0.1,16936,6,0.1,23840,8,9.6,22241,7,-0.7,26374,9,-0.3,20396,7,22.3,13998,5,27.5,10283,4
E01000385,Bexley 028C,E09000004,Bexley,32.3,6958,3,0.2,5550,2,0.1,7871,3,32.6,7580,3,0.6,8367,3,0.2,13208,5,34.7,4236,2,19.9,15405,5
E01000386,Bexley 028D,E09000004,Bexley,41.6,3835,2,0.3,3904,2,0.2,3386,2,40.7,5188,2,0.9,5077,2,0.3,11388,4,36.8,3276,1,22.3,13632,5
E01000387,Bexley 027C,E09000004,Bexley,12.3,21777,7,0.1,22375,7,0.1,19607,6,10.4,21410,7,-0.8,26716,9,-0.2,18973,6,33.1,5044,2,11.7,22313,7
E01000388,Bexley 016A,E09000004,Bexley,10.8,23585,8,0.1,21554,7,0.1,22645,7,13.4,18682,6,-0.9,28181,9,0.3,12129,4,16.7,20859,7,18.9,16136,5
E01000389,Bexley 020E,E09000004,Bexley,11.2,23070,8,0.1,19233,6,0.1,22297,7,11.2,20716,7,-1.1,29651,10,0.1,15658,5,24.7,11425,4,14.3,19892,7
E01000390,Bexley 020F,E09000004,Bexley,10.2,24292,8,0.1,24711,8,0.0,26748,9,14.3,17902,6,-0.5,22867,7,-0.1,17907,6,22.2,14106,5,20.6,14848,5
E01000391,Bexley 021E,E09000004,Bexley,13.9,20043,7,0.1,18666,6,0.1,19445,6,22.2,12434,4,-0.9,28045,9,-0.3,21106,7,22.7,13515,5,24.9,11836,4
E01000392,Bexley 016B,E09000004,Bexley,22.9,12119,4,0.2,10102,4,0.1,13977,5,23.6,11558,4,-0.1,16975,6,-0.2,19900,7,31.2,6159,2,31.4,8053,3
E01000393,Bexley 020G,E09000004,Bexley,9.2,25584,8,0.0,27079,9,0.0,28146,9,10.4,21433,7,-0.9,27829,9,0.0,16221,5,19.4,17416,6,30.2,8692,3
E01000394,Bexley 015E,E09000004,Bexley,9.3,25359,8,0.1,20591,7,0.1,24168,8,7.9,24034,8,-0.6,25082,8,-0.4,23040,8,21.6,14793,5,15.6,18759,6
E01000395,Bexley 018B,E09000004,Bexley,5.0,30471,10,0.0,30614,10,0.0,30662,10,9.9,21972,7,-1.0,28552,9,-0.9,28429,9,17.1,20314,7,17.4,17297,6
E01000396,Bexley 018C,E09000004,Bexley,8.1,26986,9,0.0,27033,9,0.0,28391,9,12.9,19145,6,-0.6,24118,8,-1.1,29577,10,21.0,15541,5,23.3,12931,4
E01000398,Bexley 029A,E09000004,Bexley,20.0,14343,5,0.1,13764,5,0.1,11619,4,33.0,7431,3,-0.4,22736,7,-0.9,28072,9,27.6,8762,3,20.4,14975,5
E01000399,Bexley 029B,E09000004,Bexley,9.1,25650,8,0.0,26975,9,0.0,27007,9,20.4,13539,5,-1.2,30155,10,-0.5,23144,8,20.8,15753,5,22.5,13500,5
E01000400,Bexley 029C,E09000004,Bexley,14.7,19222,6,0.1,17500,6,0.1,14351,5,17.0,15795,5,-0.7,25420,8,-0.4,22683,7,17.7,19532,6,27.4,10311,4
E01000401,Bexley 013A,E09000004,Bexley,21.1,13478,5,0.1,11402,4,0.1,13138,5,26.0,10305,4,0.0,16258,5,-0.3,21288,7,25.5,10630,4,25.4,11508,4
E01000402,Bexley 005B,E09000004,Bexley,23.5,11661,4,0.2,9683,3,0.1,11589,4,21.1,13047,4,-0.2,19848,7,0.3,11406,4,33.4,4861,2,20.1,15210,5
E01000403,Bexley 004A,E09000004,Bexley,29.5,8247,3,0.2,6803,3,0.1,9269,3,22.3,12324,4,-0.2,18842,6,1.2,2054,1,33.4,4897,2,14.8,19398,6
E01000404,Bexley 004B,E09000004,Bexley,30.1,7988,3,0.2,5513,2,0.1,9014,3,23.0,11880,4,0.1,13754,5,0.5,8973,3,37.5,3017,1,17.5,17187,6
E01000405,Bexley 004C,E09000004,Bexley,28.9,8556,3,0.2,8393,3,0.1,10567,4,21.2,13027,4,0.2,13397,5,0.4,10551,4,39.9,2209,1,31.6,7916,3
E01000406,Bexley 005C,E09000004,Bexley,23.3,11865,4,0.2,10525,4,0.1,15402,5,20.8,13265,5,-0.2,18819,6,0.6,7299,3,33.1,5018,2,25.8,11289,4
E01000407,Bexley 005D,E09000004,Bexley,14.6,19290,6,0.1,16991,6,0.1,18927,6,19.5,14097,5,-0.6,24785,8,-0.2,20189,7,21.0,15531,5,27.8,10078,4
E01000408,Bexley 004D,E09000004,Bexley,23.8,11511,4,0.2,8051,3,0.1,12227,4,22.2,12404,4,-0.1,17183,6,0.4,11149,4,22.6,13676,5,29.5,9075,3
E01000409,Bexley 016C,E09000004,Bexley,5.9,29535,9,0.0,29497,9,0.0,28096,9,17.7,15313,5,-1.2,30594,10,-1.2,30627,10,15.8,21886,7,14.2,19945,7
E01000410,Bexley 018D,E09000004,Bexley,7.5,27698,9,0.0,30071,10,0.0,30490,10,15.2,17174,6,-0.8,27041,9,-0.1,18861,6,20.1,16515,6,18.8,16201,5
E01000411,Bexley 016D,E09000004,Bexley,9.6,24984,8,0.1,24914,8,0.0,26205,8,18.1,15095,5,-0.8,27296,9,-0.4,22532,7,18.7,18229,6,24.5,12065,4
E01000412,Bexley 018E,E09000004,Bexley,8.6,26294,9,0.0,29200,9,0.0,28764,9,13.6,18470,6,-0.9,27712,9,-0.6,24683,8,28.2,8267,3,19.8,15478,5
E01000413,Bexley 018F,E09000004,Bexley,11.0,23374,8,0.1,23481,8,0.0,25444,8,23.4,11670,4,-0.8,27456,9,-0.1,18643,6,21.0,15545,5,19.1,15980,5
E01000414,Bexley 016E,E09000004,Bexley,13.6,20333,7,0.1,17554,6,0.1,24008,8,12.6,19437,6,-1.0,28556,9,0.5,9448,3,20.6,15940,5,29.7,8969,3
E01000415,Bexley 016F,E09000004,Bexley,6.2,29162,9,0.0,28947,9,0.0,29361,9,15.0,17362,6,-1.2,30356,10,-0.2,20251,7,14.7,23456,8,14.8,19400,6
E01000416,Bexley 002A,E09000004,Bexley,25.3,10611,4,0.2,8939,3,0.1,11067,4,16.7,16073,5,-0.4,21601,7,1.1,3017,1,32.6,5338,2,15.2,19051,6
E01000417,Bexley 006B,E09000004,Bexley,19.6,14752,5,0.1,14698,5,0.1,15673,5,17.3,15623,5,-0.4,21466,7,0.3,12640,4,35.7,3754,2,21.2,14389,5
E01000418,Bexley 002B,E09000004,Bexley,18.7,15526,5,0.1,12222,4,0.1,21350,7,18.2,14980,5,-0.6,25008,8,0.1,15209,5,37.2,3127,1,22.4,13600,5
E01000419,Bexley 006C,E09000004,Bexley,8.7,26164,8,0.0,26330,9,0.0,26399,9,12.2,19802,7,-0.8,26760,9,-0.4,22967,7,23.0,13156,5,20.2,15150,5
E01000420,Bexley 006D,E09000004,Bexley,11.2,23155,8,0.1,20887,7,0.1,21236,7,22.1,12451,4,-0.8,26570,9,-0.5,23267,8,18.6,18351,6,14.5,19605,6
E01000421,Bexley 009D,E09000004,Bexley,7.2,28043,9,0.0,28513,9,0.0,25161,8,9.3,22611,7,-0.6,24878,8,-0.7,26116,8,21.3,15095,5,14.1,20068,7
E01000422,Bexley 002C,E09000004,Bexley,35.9,5556,2,0.3,2952,1,0.2,5771,2,21.5,12851,4,0.0,15567,5,0.7,6578,3,42.8,1460,1,11.8,22167,7
E01000423,Bexley 025C,E09000004,Bexley,5.6,29890,10,0.0,28011,9,0.0,28631,9,10.3,21509,7,-1.3,31110,10,-1.0,28696,9,16.0,21643,7,18.8,16199,5
E01000424,Bexley 026A,E09000004,Bexley,6.8,28573,9,0.0,28623,9,0.0,30066,10,4.2,28240,9,-1.3,31046,10,-0.1,18792,6,17.8,19353,6,29.8,8923,3
E01000425,Bexley 025D,E09000004,Bexley,6.5,28921,9,0.0,28242,9,0.0,28237,9,8.5,23440,8,-0.5,23986,8,-1.4,31390,10,23.7,12422,4,11.4,22580,7
E01000426,Bexley 026B,E09000004,Bexley,10.3,24090,8,0.1,20158,7,0.0,27287,9,11.2,20705,7,-0.8,27434,9,-0.9,28205,9,23.0,13180,5,29.8,8907,3
E01000427,Bexley 026C,E09000004,Bexley,12.9,21182,7,0.1,18478,6,0.1,18238,6,12.8,19191,6,-0.9,28280,9,-0.5,23319,8,27.7,8676,3,17.6,17109,6
E01000428,Bexley 027D,E09000004,Bexley,23.9,11429,4,0.2,10238,4,0.1,13516,5,20.9,13210,5,0.4,10735,4,0.2,13499,5,34.5,4337,2,17.3,17386,6
E01000429,Bexley 008B,E09000004,Bexley,42.5,3591,2,0.3,3725,2,0.2,3836,2,30.7,8290,3,0.5,9119,3,0.8,5145,2,49.2,429,1,18.4,16491,6
E01000430,Bexley 008C,E09000004,Bexley,16.5,17477,6,0.1,12720,4,0.1,16165,5,14.0,18163,6,-0.6,24645,8,-0.4,22692,7,34.2,4474,2,8.5,25612,8
E01000431,Bexley 008D,E09000004,Bexley,36.1,5493,2,0.3,3783,2,0.2,5651,2,30.5,8362,3,0.2,12705,4,0.5,9741,3,40.7,1994,1,18.6,16359,5
E01000432,Bexley 008E,E09000004,Bexley,24.4,11135,4,0.2,9239,3,0.1,10963,4,27.6,9543,3,-0.1,17269,6,0.4,10773,4,29.3,7401,3,17.1,17535,6
E01000433,Bexley 008F,E09000004,Bexley,35.5,5702,2,0.2,5321,2,0.2,5553,2,28.7,9099,3,0.6,7917,3,0.7,6682,3,36.2,3559,2,19.4,15764,5
E01000434,Bexley 008G,E09000004,Bexley,38.2,4809,2,0.2,4547,2,0.2,4318,2,52.5,2803,1,0.6,7618,3,-0.2,18891,6,34.1,4507,2,18.2,16635,6
E01000435,Bexley 010E,E09000004,Bexley,31.2,7461,3,0.2,6342,2,0.1,9333,3,32.2,7738,3,-0.2,18513,6,0.6,7513,3,41.7,1726,1,19.6,15564,5
E01000436,Bexley 011E,E09000004,Bexley,5.0,30492,10,0.0,29271,9,0.0,28291,9,13.0,19031,6,-1.2,30098,10,-1.5,31786,10,13.0,25352,8,14.9,19294,6
E01000437,Bexley 007A,E09000004,Bexley,13.7,20296,7,0.1,18119,6,0.1,19751,7,19.3,14217,5,-0.3,20868,7,-0.1,17446,6,20.6,15974,5,16.7,17833,6
E01000438,Bexley 007B,E09000004,Bexley,14.0,19919,7,0.1,17944,6,0.1,22861,7,23.4,11678,4,-0.7,26117,8,0.0,16334,5,21.0,15504,5,25.8,11304,4
E01000439,Bexley 007C,E09000004,Bexley,23.8,11510,4,0.2,9846,3,0.1,10185,4,28.6,9150,3,-0.4,21925,7,0.5,9062,3,20.0,16645,6,28.8,9522,3
E01000440,Bexley 007D,E09000004,Bexley,7.7,27367,9,0.0,29430,9,0.0,26100,8,20.5,13482,5,-1.4,31334,10,-0.3,21428,7,16.2,21449,7,17.6,17119,6
E01000441,Bexley 007E,E09000004,Bexley,29.0,8484,3,0.2,5791,2,0.1,7866,3,31.8,7879,3,0.2,12684,4,0.4,10560,4,25.2,10957,4,16.8,17738,6
E01000442,Bexley 006E,E09000004,Bexley,13.9,20054,7,0.1,17393,6,0.1,16716,6,22.1,12459,4,-0.8,26565,9,-0.7,25746,8,21.9,14464,5,18.0,16822,6
E01000443,Bexley 024B,E09000004,Bexley,18.2,15949,5,0.1,16335,5,0.1,12544,4,17.6,15400,5,0.0,16511,6,-0.3,21652,7,26.4,9834,3,23.6,12696,4
E01000444,Bexley 023B,E09000004,Bexley,6.8,28530,9,0.0,30995,10,0.0,27080,9,5.8,26437,9,-1.5,31680,10,-0.2,19335,6,26.5,9722,3,14.9,19257,6
E01000445,Bexley 024C,E09000004,Bexley,5.8,29687,10,0.0,30446,10,0.0,30436,10,11.3,20565,7,-1.3,30615,10,-0.5,23408,8,22.3,13961,5,12.2,21800,7
E01000446,Bexley 024D,E09000004,Bexley,6.2,29153,9,0.0,29208,9,0.0,29392,9,12.4,19571,6,-0.7,26028,8,-0.6,25590,8,15.5,22351,7,18.4,16476,6
E01000447,Bexley 023C,E09000004,Bexley,10.4,24076,8,0.1,21392,7,0.0,25594,8,6.2,26012,8,-0.7,26209,8,0.3,11787,4,19.9,16796,6,23.2,12996,4
E01000448,Bexley 023D,E09000004,Bexley,3.2,32132,10,0.0,31421,10,0.0,30971,10,3.9,28670,9,-1.0,29057,9,-0.7,26298,9,13.3,25074,8,11.7,22292,7
E01000449,Bexley 023E,E09000004,Bexley,5.4,30072,10,0.0,31130,10,0.0,29573,10,4.3,28169,9,-0.8,27245,9,0.2,14104,5,15.4,22531,7,14.0,20148,7
E01000450,Bexley 009E,E09000004,Bexley,18.0,16089,5,0.1,13350,5,0.1,11969,4,19.0,14365,5,-0.5,22844,7,-0.1,18452,6,25.7,10442,4,15.2,19052,6
E01000451,Bexley 009F,E09000004,Bexley,7.5,27695,9,0.0,27792,9,0.0,28559,9,17.2,15690,5,-1.0,28641,9,-0.7,26630,9,18.5,18442,6,20.0,15268,5
E01000452,Bexley 009G,E09000004,Bexley,7.5,27715,9,0.1,24703,8,0.0,27354,9,14.2,18014,6,-1.0,28518,9,-0.8,27330,9,15.2,22717,7,20.6,14858,5
E01000453,Bexley 013B,E09000004,Bexley,8.0,27021,9,0.1,25593,8,0.0,27718,9,19.2,14292,5,-1.1,29599,10,-0.5,23648,8,14.8,23306,8,20.4,15019,5
E01000454,Bexley 013C,E09000004,Bexley,18.6,15605,5,0.1,14201,5,0.1,14336,5,23.1,11871,4,-0.3,20505,7,0.2,12800,4,22.4,13843,5,22.0,13839,5
E01000455,Bexley 013D,E09000004,Bexley,8.2,26845,9,0.0,26465,9,0.0,26843,9,16.0,16605,6,-0.9,27861,9,-0.3,20745,7,16.2,21397,7,20.0,15283,5
E01000456,Bexley 013E,E09000004,Bexley,6.1,29319,9,0.0,28810,9,0.0,27598,9,12.4,19558,6,-1.3,30688,10,-0.9,27958,9,16.8,20681,7,18.5,16429,6
E01000457,Bexley 026D,E09000004,Bexley,12.1,22056,7,0.1,19290,6,0.0,24996,8,13.1,18929,6,-0.5,23014,8,0.0,16014,5,24.3,11859,4,19.8,15445,5
E01000458,Bexley 027E,E09000004,Bexley,5.6,29877,10,0.0,27089,9,0.0,30035,10,4.8,27557,9,-0.8,27098,9,-0.8,27624,9,23.1,13058,4,11.2,22803,7
E01000459,Bexley 027F,E09000004,Bexley,14.4,19511,6,0.1,13593,5,0.1,16908,6,10.3,21552,7,-0.5,22835,7,-0.2,19290,6,24.0,12162,4,13.6,20454,7
E01000460,Bexley 022E,E09000004,Bexley,5.1,30405,10,0.0,30034,10,0.0,30271,10,8.1,23869,8,-1.4,31380,10,-0.7,26724,9,24.7,11414,4,8.0,26137,8
E01000461,Bexley 024E,E09000004,Bexley,7.1,28207,9,0.0,29233,9,0.0,29258,9,8.6,23255,8,-1.5,31722,10,-0.2,19870,7,27.5,8827,3,13.1,20963,7
E01000462,Bexley 026E,E09000004,Bexley,14.3,19613,6,0.1,16222,5,0.1,21635,7,13.9,18275,6,-0.5,23026,8,-0.5,23182,8,23.1,13104,4,32.6,7436,3
E01000463,Bexley 025E,E09000004,Bexley,5.1,30387,10,0.0,29737,10,0.0,29283,9,9.1,22792,7,-0.8,27034,9,-1.0,29454,9,15.8,21920,7,16.2,18201,6
E01000464,Bexley 002D,E09000004,Bexley,25.5,10479,4,0.2,5788,2,0.1,10034,4,18.5,14767,5,-0.2,18909,6,0.1,15778,5,35.4,3897,2,11.5,22507,7
E01000465,Bexley 002E,E09000004,Bexley,28.7,8670,3,0.2,5228,2,0.1,7729,3,26.5,10042,4,0.1,15014,5,-0.1,18185,6,35.3,3918,2,10.1,23999,8
E01000466,Bexley 001A,E09000004,Bexley,23.4,11745,4,0.2,7776,3,0.1,10289,4,18.8,14524,5,-0.3,20951,7,-0.1,17828,6,36.3,3492,2,9.4,24681,8
E01000467,Bexley 001B,E09000004,Bexley,18.6,15630,5,0.2,9872,4,0.1,15515,5,14.1,18035,6,-0.5,23187,8,-0.2,19365,6,32.0,5691,2,14.2,19929,7
E01000468,Bexley 001C,E09000004,Bexley,20.9,13661,5,0.2,9787,3,0.1,17728,6,5.8,26380,9,-0.6,24172,8,-0.2,19331,6,50.6,258,1,9.2,24843,8
E01000469,Bexley 001D,E09000004,Bexley,19.9,14434,5,0.1,11177,4,0.1,14960,5,10.3,21505,7,-0.3,20180,7,0.3,11468,4,35.9,3699,2,13.8,20331,7
E01000470,Bexley 002F,E09000004,Bexley,38.3,4777,2,0.2,4466,2,0.2,4602,2,26.2,10233,4,0.1,14960,5,1.1,2552,1,45.2,1019,1,12.1,21844,7
E01032566,Bexley 029D,E09000004,Bexley,25.2,10669,4,0.2,9029,3,0.1,9681,3,24.2,11266,4,-0.4,22095,7,0.7,5959,2,27.0,9230,3,22.4,13553,5
E01000471,Brent 026A,E09000005,Brent,21.5,13163,5,0.1,16697,6,0.1,18730,6,22.6,12182,4,-0.5,22944,7,-0.3,20490,7,49.8,342,1,24.4,12175,4
E01000472,Brent 029A,E09000005,Brent,22.9,12105,4,0.1,11149,4,0.1,23212,8,12.3,19631,6,-0.7,26106,8,0.0,16042,5,48.0,560,1,41.4,3827,2
E01000473,Brent 029B,E09000005,Brent,25.2,10632,4,0.1,10960,4,0.1,15315,5,27.0,9801,3,-0.7,26425,9,0.2,14053,5,46.3,846,1,29.8,8910,3
E01000474,Brent 026B,E09000005,Brent,21.8,12945,4,0.1,13554,5,0.1,17174,6,28.3,9283,3,-0.8,27200,9,-0.5,23259,8,47.0,714,1,20.3,15033,5
E01000475,Brent 029C,E09000005,Brent,21.1,13473,5,0.1,13267,5,0.1,19273,6,13.3,18822,6,-0.9,28063,9,-0.5,23209,8,53.3,97,1,24.0,12433,4
E01000476,Brent 026C,E09000005,Brent,19.7,14647,5,0.1,16687,6,0.1,22147,7,28.7,9107,3,-1.1,29600,10,0.4,10748,4,38.2,2784,1,29.6,9031,3
E01000477,Brent 026D,E09000005,Brent,23.5,11703,4,0.1,14969,5,0.1,21110,7,30.8,8255,3,-1.0,28680,9,-0.1,18394,6,52.7,119,1,29.4,9135,3
E01000478,Brent 029D,E09000005,Brent,23.7,11562,4,0.1,12137,4,0.1,20258,7,21.9,12606,4,-1.1,29362,9,0.4,10325,4,45.1,1049,1,38.1,4963,2
E01000479,Brent 009A,E09000005,Brent,15.8,18106,6,0.1,15423,5,0.1,18743,6,7.4,24645,8,-1.1,29880,10,0.1,15247,5,34.9,4126,2,24.7,11988,4
E01000480,Brent 006A,E09000005,Brent,11.8,22429,7,0.1,21187,7,0.0,26490,9,3.9,28680,9,-1.0,29115,9,0.4,10519,4,29.6,7228,3,25.0,11798,4
E01000481,Brent 009B,E09000005,Brent,27.7,9179,3,0.2,8890,3,0.1,10094,4,6.9,25132,8,-0.5,23688,8,0.1,15466,5,54.3,77,1,30.8,8366,3
E01000482,Brent 009C,E09000005,Brent,33.3,6542,2,0.2,5057,2,0.2,6548,2,14.0,18177,6,0.4,10242,4,0.2,12959,4,45.7,944,1,21.8,13978,5
E01000483,Brent 009D,E09000005,Brent,33.5,6463,2,0.2,4860,2,0.1,7071,3,21.2,13038,4,-0.1,16827,6,0.4,10406,4,46.0,894,1,25.0,11800,4
E01000484,Brent 006B,E09000005,Brent,38.6,4689,2,0.3,3425,2,0.2,4422,2,22.6,12166,4,-0.2,18966,6,-0.1,18826,6,56.5,38,1,28.1,9871,4
E01000485,Brent 006C,E09000005,Brent,29.7,8179,3,0.2,6361,2,0.1,12534,4,17.4,15535,5,0.6,8071,3,0.3,12570,4,45.9,899,1,15.0,19182,6
E01000486,Brent 006D,E09000005,Brent,15.6,18391,6,0.1,18553,6,0.1,22266,7,7.5,24479,8,-1.2,30019,10,0.4,10489,4,41.0,1933,1,18.5,16434,6
E01000487,Brent 006E,E09000005,Brent,17.6,16441,6,0.1,13372,5,0.1,19366,6,7.2,24820,8,-0.8,26816,9,0.1,15008,5,40.4,2067,1,21.2,14379,5
E01000488,Brent 022A,E09000005,Brent,24.3,11178,4,0.1,12067,4,0.1,16070,5,14.8,17531,6,-0.5,23645,8,0.8,4977,2,44.2,1207,1,26.9,10608,4
E01000489,Brent 030A,E09000005,Brent,23.3,11883,4,0.2,8593,3,0.1,16155,5,5.7,26525,9,-0.2,19237,6,1.0,3775,2,32.5,5379,2,27.7,10131,4
E01000490,Brent 023A,E09000005,Brent,24.2,11248,4,0.1,12488,4,0.1,15572,5,10.2,21604,7,-0.3,20767,7,1.0,3685,2,41.2,1879,1,29.4,9158,3
E01000491,Brent 030B,E09000005,Brent,21.2,13387,5,0.1,12253,4,0.1,14470,5,9.5,22345,7,-0.4,22609,7,0.4,9896,4,39.8,2265,1,22.6,13403,5
E01000492,Brent 030C,E09000005,Brent,13.4,20615,7,0.1,18642,6,0.1,22951,7,2.9,29888,10,-0.8,26898,9,0.3,12522,4,29.8,7094,3,28.9,9440,3
E01000493,Brent 030D,E09000005,Brent,12.3,21822,7,0.1,19075,6,0.1,22092,7,3.4,29204,9,-0.8,27387,9,0.0,16974,6,26.5,9725,3,29.6,9057,3
E01000494,Brent 023B,E09000005,Brent,19.5,14784,5,0.1,11288,4,0.1,18394,6,4.0,28540,9,-0.3,19979,7,0.0,15934,5,42.0,1669,1,22.0,13858,5
E01000495,Brent 023C,E09000005,Brent,32.6,6848,3,0.2,5948,2,0.1,9319,3,9.0,22816,7,0.3,11357,4,1.0,3568,2,45.4,993,1,24.3,12247,4
E01000497,Brent 011A,E09000005,Brent,23.7,11593,4,0.2,9565,3,0.1,11533,4,13.5,18620,6,-0.4,21493,7,0.4,11060,4,38.8,2541,1,20.7,14732,5
E01000498,Brent 010B,E09000005,Brent,32.5,6869,3,0.2,7545,3,0.1,10809,4,32.8,7502,3,-0.4,21548,7,0.9,4791,2,46.3,827,1,30.6,8483,3
E01000499,Brent 011B,E09000005,Brent,27.1,9517,3,0.2,7471,3,0.1,13335,5,24.3,11167,4,-0.4,21825,7,0.4,10942,4,41.7,1743,1,27.8,10075,4
E01000501,Brent 011C,E09000005,Brent,35.7,5656,2,0.3,3819,2,0.2,5834,2,16.4,16251,5,-0.1,17871,6,0.6,8111,3,48.7,480,1,21.4,14267,5
E01000502,Brent 011D,E09000005,Brent,28.7,8665,3,0.2,5485,2,0.1,9325,3,12.6,19363,6,-0.5,23375,8,0.7,6730,3,41.0,1921,1,21.7,14017,5
E01000503,Brent 011E,E09000005,Brent,28.6,8720,3,0.2,9074,3,0.1,8602,3,14.3,17886,6,-0.5,23108,8,0.8,5123,2,44.2,1204,1,25.0,11816,4
E01000504,Brent 018A,E09000005,Brent,21.4,13251,5,0.1,13727,5,0.1,13590,5,8.1,23824,8,-0.2,18600,6,0.3,12024,4,39.5,2343,1,26.8,10696,4
E01000505,Brent 018B,E09000005,Brent,20.3,14065,5,0.1,11975,4,0.1,16044,5,10.8,21114,7,-0.8,26528,9,0.3,12714,4,42.2,1620,1,20.2,15112,5
E01000506,Brent 014A,E09000005,Brent,30.4,7823,3,0.2,7602,3,0.1,11354,4,24.5,11082,4,-0.2,19542,6,0.4,10842,4,43.8,1274,1,39.7,4354,2
E01000507,Brent 018C,E09000005,Brent,22.0,12769,4,0.1,10628,4,0.1,14641,5,10.2,21656,7,-0.7,26444,9,0.6,8333,3,41.4,1812,1,20.4,14980,5
E01000508,Brent 025A,E09000005,Brent,37.8,4930,2,0.2,4252,2,0.2,4710,2,30.3,8416,3,-0.3,20284,7,0.6,8297,3,45.9,901,1,29.6,9063,3
E01000509,Brent 014B,E09000005,Brent,34.2,6199,2,0.2,8700,3,0.1,10769,4,29.7,8695,3,-0.3,20109,7,1.7,643,1,41.2,1876,1,33.7,6828,3
E01000510,Brent 014C,E09000005,Brent,30.1,7979,3,0.2,8746,3,0.1,14004,5,19.9,13833,5,-0.8,27268,9,1.5,1182,1,42.4,1552,1,34.8,6324,2
E01000511,Brent 014D,E09000005,Brent,31.0,7553,3,0.2,9629,3,0.1,12634,4,16.6,16116,5,-0.1,18360,6,1.2,2245,1,43.8,1265,1,40.5,4086,2
E01000512,Brent 018D,E09000005,Brent,18.9,15315,5,0.1,15604,5,0.1,22566,7,5.3,26942,9,-0.6,25240,8,0.6,7694,3,38.4,2696,1,37.0,5382,2
E01000513,Brent 002A,E09000005,Brent,15.5,18437,6,0.1,16451,6,0.0,27505,9,16.5,16212,5,-0.8,26987,9,0.0,16706,6,33.4,4853,2,31.8,7833,3
E01000514,Brent 002B,E09000005,Brent,14.6,19311,6,0.1,19080,6,0.0,25468,8,8.4,23518,8,-0.8,27310,9,0.0,16006,5,39.6,2332,1,25.0,11766,4
E01000515,Brent 003A,E09000005,Brent,27.5,9286,3,0.2,8510,3,0.1,13066,4,16.0,16545,6,-0.5,23232,8,0.8,5923,2,48.8,476,1,20.4,14990,5
E01000516,Brent 002C,E09000005,Brent,19.4,14898,5,0.1,15553,5,0.1,19342,6,15.8,16778,6,-0.5,23970,8,0.4,10621,4,36.5,3427,2,31.6,7950,3
E01000517,Brent 003B,E09000005,Brent,13.6,20424,7,0.1,22367,7,0.0,30076,10,7.1,24909,8,-1.2,29977,10,0.8,5534,2,33.4,4904,2,27.5,10268,4
E01000518,Brent 005A,E09000005,Brent,25.9,10230,4,0.2,10166,4,0.1,14110,5,14.2,18010,6,-0.3,21004,7,0.8,5493,2,44.5,1137,1,26.5,10908,4
E01000519,Brent 005B,E09000005,Brent,20.4,14037,5,0.1,11618,4,0.1,17804,6,9.8,22050,7,-0.5,23849,8,0.3,12554,4,42.7,1502,1,20.9,14655,5
E01000520,Brent 002D,E09000005,Brent,20.6,13856,5,0.1,14584,5,0.1,17757,6,13.1,18990,6,-0.3,20733,7,0.4,10628,4,42.4,1575,1,22.9,13201,5
E01000521,Brent 025B,E09000005,Brent,53.1,1713,1,0.3,1720,1,0.2,1871,1,31.5,7977,3,0.3,11785,4,1.0,3543,2,50.2,297,1,45.3,2819,1
E01000522,Brent 025C,E09000005,Brent,31.4,7331,3,0.2,5769,2,0.1,8532,3,21.4,12939,4,-0.3,20173,7,0.1,14328,5,48.4,520,1,26.2,11029,4
E01000523,Brent 031A,E09000005,Brent,31.7,7193,3,0.2,7991,3,0.1,10092,4,35.9,6471,2,-0.5,23631,8,0.9,4019,2,36.5,3410,2,37.7,5104,2
E01000524,Brent 031B,E09000005,Brent,44.2,3221,1,0.3,3081,1,0.2,3599,2,30.8,8272,3,0.1,14824,5,1.3,1935,1,39.8,2253,1,39.0,4618,2
E01000525,Brent 031C,E09000005,Brent,33.6,6401,2,0.2,5743,2,0.1,7448,3,25.3,10696,4,-0.3,20962,7,1.0,3354,2,37.9,2869,1,32.6,7406,3
E01000526,Brent 025D,E09000005,Brent,42.1,3682,2,0.3,2236,1,0.2,2879,1,23.0,11876,4,0.1,14741,5,0.5,8986,3,46.8,739,1,21.1,14451,5
E01000527,Brent 025E,E09000005,Brent,34.2,6182,2,0.2,7683,3,0.2,6578,3,26.3,10142,4,0.0,16538,6,0.8,5191,2,43.2,1382,1,33.1,7175,3
E01000528,Brent 025F,E09000005,Brent,46.0,2844,1,0.3,2425,1,0.2,2794,1,19.6,14024,5,0.2,13531,5,1.0,3363,2,50.9,225,1,31.2,8134,3
E01000530,Brent 033A,E09000005,Brent,15.6,18359,6,0.1,16703,6,0.1,17570,6,4.3,28197,9,-0.7,26052,8,0.2,13197,5,28.4,8132,3,31.9,7790,3
E01000531,Brent 033B,E09000005,Brent,25.3,10593,4,0.2,8043,3,0.1,10822,4,10.6,21313,7,-0.3,20245,7,0.0,16348,5,38.7,2589,1,33.3,7054,3
E01000532,Brent 033C,E09000005,Brent,22.1,12698,4,0.1,13751,5,0.1,14587,5,14.3,17944,6,-0.4,22669,7,0.1,15565,5,43.5,1333,1,30.0,8815,3
E01000533,Brent 031E,E09000005,Brent,38.6,4690,2,0.2,4949,2,0.2,5573,2,23.6,11549,4,0.2,12582,4,1.2,2257,1,39.7,2288,1,35.3,6085,2
E01000534,Brent 033D,E09000005,Brent,19.4,14890,5,0.1,13742,5,0.1,15269,5,7.8,24094,8,-0.3,20371,7,0.3,12314,4,32.9,5140,2,30.7,8407,3
E01000535,Brent 031F,E09000005,Brent,29.6,8193,3,0.2,10277,4,0.1,12089,4,13.3,18811,6,-0.2,18838,6,1.1,2803,1,35.5,3848,2,51.5,1668,1
E01000536,Brent 004A,E09000005,Brent,11.3,23043,8,0.1,19631,6,0.1,24025,8,2.2,30694,10,-1.4,31510,10,-0.1,17850,6,33.2,4964,2,19.3,15777,5
E01000538,Brent 004B,E09000005,Brent,9.6,25022,8,0.1,22121,7,0.0,28524,9,2.0,30888,10,-1.2,30266,10,-0.3,21614,7,30.6,6500,2,25.3,11599,4
E01000539,Brent 004C,E09000005,Brent,9.4,25260,8,0.1,24335,8,0.0,28789,9,2.9,29885,10,-1.0,28409,9,-0.3,20950,7,32.6,5331,2,21.6,14127,5
E01000540,Brent 004D,E09000005,Brent,10.5,23930,8,0.1,21595,7,0.1,22168,7,2.5,30349,10,-0.9,28236,9,-0.4,22652,7,30.6,6564,2,18.9,16088,5
E01000541,Brent 004E,E09000005,Brent,14.8,19152,6,0.1,15965,5,0.0,27308,9,4.6,27836,9,-0.8,26892,9,0.0,16435,6,41.3,1831,1,22.4,13615,5
E01000543,Brent 003E,E09000005,Brent,21.4,13232,5,0.1,12505,4,0.1,17480,6,9.8,22084,7,-0.4,22281,7,0.6,7752,3,40.9,1951,1,26.1,11087,4
E01000544,Brent 034A,E09000005,Brent,33.6,6429,2,0.2,4124,2,0.2,5996,2,11.5,20456,7,0.2,13550,5,0.3,12719,4,42.3,1590,1,29.3,9188,3
E01000545,Brent 028A,E09000005,Brent,30.4,7854,3,0.2,8895,3,0.1,11551,4,11.7,20236,7,-0.2,18860,6,1.3,1605,1,39.4,2378,1,39.2,4557,2
E01000546,Brent 028B,E09000005,Brent,22.3,12520,4,0.1,10908,4,0.1,11887,4,7.7,24244,8,-0.6,24165,8,0.5,9518,3,37.6,2994,1,26.3,10966,4
E01000547,Brent 028C,E09000005,Brent,22.7,12266,4,0.1,11106,4,0.1,15583,5,9.6,22256,7,-0.1,17726,6,0.6,8354,3,36.8,3256,1,30.3,8646,3
E01000548,Brent 028D,E09000005,Brent,32.7,6791,3,0.2,6471,2,0.1,10360,4,9.4,22483,7,0.1,14146,5,1.3,1685,1,43.2,1397,1,31.4,8047,3
E01000549,Brent 028E,E09000005,Brent,17.1,16885,6,0.1,14947,5,0.1,16096,5,4.3,28226,9,-0.7,25834,8,0.1,15155,5,32.7,5257,2,31.2,8161,3
E01000550,Brent 034B,E09000005,Brent,34.6,6026,2,0.2,4574,2,0.2,6063,2,13.5,18558,6,0.1,13786,5,1.1,2572,1,33.1,5043,2,31.7,7905,3
E01000551,Brent 034C,E09000005,Brent,41.1,3943,2,0.3,1627,1,0.2,2595,1,19.6,14034,5,0.0,16277,5,0.2,13268,5,40.6,2030,1,24.6,12050,4
E01000552,Brent 034D,E09000005,Brent,43.4,3375,2,0.3,1873,1,0.2,3731,2,24.3,11208,4,0.0,15798,5,0.3,11485,4,42.3,1581,1,46.3,2593,1
E01000553,Brent 015A,E09000005,Brent,29.1,8467,3,0.2,9764,3,0.1,11224,4,16.4,16231,5,0.2,13683,5,0.7,6589,3,43.6,1306,1,32.3,7556,3
E01000554,Brent 015B,E09000005,Brent,21.0,13528,5,0.1,10985,4,0.1,14776,5,15.3,17109,6,-0.5,22795,7,-0.1,17981,6,36.7,3329,2,27.4,10335,4
E01000555,Brent 015C,E09000005,Brent,15.9,17999,6,0.1,16716,6,0.1,21705,7,5.4,26893,9,-1.0,28753,9,0.5,9209,3,35.2,4015,2,27.5,10253,4
E01000556,Brent 015D,E09000005,Brent,32.0,7082,3,0.2,9206,3,0.1,13283,5,16.1,16517,6,-0.2,19547,6,1.3,1672,1,43.4,1351,1,46.5,2559,1
E01000557,Brent 015E,E09000005,Brent,23.5,11719,4,0.1,11453,4,0.1,12678,4,7.3,24693,8,0.1,14098,5,0.4,10080,4,38.3,2728,1,27.0,10575,4
E01000558,Brent 015F,E09000005,Brent,26.8,9694,3,0.1,10555,4,0.1,9625,3,6.7,25424,8,-0.2,19491,6,1.1,2654,1,37.9,2851,1,27.7,10120,4
E01000559,Brent 018E,E09000005,Brent,22.1,12685,4,0.1,10907,4,0.1,15204,5,5.8,26347,9,0.0,16500,6,0.4,10173,4,37.8,2901,1,28.0,9939,4
E01000560,Brent 023D,E09000005,Brent,19.1,15170,5,0.1,16020,5,0.1,15775,5,6.3,25820,8,-0.6,24133,8,0.5,9069,3,37.9,2850,1,27.1,10451,4
E01000561,Brent 023E,E09000005,Brent,24.7,10941,4,0.2,10083,4,0.1,11308,4,4.9,27405,9,0.0,16440,6,0.7,7070,3,41.0,1943,1,22.4,13557,5
E01000562,Brent 008A,E09000005,Brent,10.9,23487,8,0.1,17789,6,0.0,25690,8,3.4,29217,9,-1.3,30956,10,-0.3,20785,7,30.9,6342,2,19.8,15443,5
E01000563,Brent 008B,E09000005,Brent,9.6,25021,8,0.1,23565,8,0.0,26441,9,2.0,30944,10,-0.8,27472,9,0.2,12794,4,25.4,10793,4,21.5,14177,5
E01000564,Brent 013A,E09000005,Brent,17.3,16724,6,0.1,14782,5,0.1,21092,7,11.2,20720,7,-1.0,28447,9,-0.5,23282,8,45.1,1037,1,21.5,14221,5
E01000565,Brent 013B,E09000005,Brent,23.9,11437,4,0.2,7858,3,0.1,11189,4,13.9,18249,6,-0.4,22483,7,0.1,15425,5,38.4,2714,1,20.6,14814,5
E01000566,Brent 008C,E09000005,Brent,14.8,19130,6,0.1,18816,6,0.0,26020,8,9.4,22506,7,-0.6,24662,8,-0.1,17724,6,40.7,1991,1,22.3,13664,5
E01000567,Brent 016A,E09000005,Brent,18.2,15988,5,0.1,13207,5,0.1,18158,6,7.1,25000,8,-0.4,22626,7,0.2,14285,5,38.4,2692,1,21.5,14159,5
E01000568,Brent 008D,E09000005,Brent,14.3,19684,6,0.0,30106,10,0.0,32186,10,3.6,29003,9,-0.6,24501,8,0.0,17278,6,69.9,2,1,21.8,13999,5
E01000569,Brent 008E,E09000005,Brent,9.5,25177,8,0.1,19935,7,0.0,30088,10,3.8,28797,9,-1.0,29095,9,-0.3,20368,7,30.9,6337,2,16.7,17798,6
E01000570,Brent 012A,E09000005,Brent,24.1,11328,4,0.1,13513,5,0.1,13514,5,16.0,16613,6,-0.6,24464,8,0.1,14870,5,52.4,128,1,20.9,14616,5
E01000571,Brent 012B,E09000005,Brent,22.2,12576,4,0.1,12761,4,0.1,13481,5,9.1,22777,7,-0.6,24274,8,0.9,4794,2,36.0,3666,2,27.8,10105,4
E01000572,Brent 007A,E09000005,Brent,12.3,21873,7,0.1,17477,6,0.0,27123,9,6.3,25846,8,-1.1,29892,10,-0.6,25325,8,39.0,2495,1,16.9,17644,6
E01000573,Brent 007B,E09000005,Brent,13.4,20580,7,0.1,16562,6,0.0,26361,9,6.1,26014,8,-0.8,27180,9,0.1,14632,5,33.5,4791,2,22.7,13372,5
E01000574,Brent 007C,E09000005,Brent,10.7,23631,8,0.1,22391,7,0.0,27653,9,6.6,25520,8,-1.0,29172,9,-0.4,23051,8,34.7,4213,2,21.9,13919,5
E01000575,Brent 007D,E09000005,Brent,17.4,16668,6,0.1,19387,6,0.0,26996,9,8.5,23435,8,-1.1,29841,10,0.4,10052,4,44.3,1187,1,34.9,6297,2
E01000576,Brent 012C,E09000005,Brent,16.5,17462,6,0.1,16510,6,0.1,19750,7,7.7,24198,8,-1.0,28508,9,0.5,9667,3,35.1,4025,2,25.6,11433,4
E01000577,Brent 007E,E09000005,Brent,32.6,6835,3,0.2,5283,2,0.1,8280,3,17.6,15415,5,-0.5,23838,8,-0.4,22709,7,59.5,15,1,33.7,6827,3
E01000578,Brent 012D,E09000005,Brent,28.9,8553,3,0.2,7792,3,0.1,8766,3,11.3,20608,7,-0.3,20625,7,0.8,5116,2,43.7,1293,1,23.6,12703,4
E01000579,Brent 032A,E09000005,Brent,28.9,8541,3,0.2,8820,3,0.1,9665,3,7.0,25090,8,0.0,16701,6,0.5,9107,3,41.9,1696,1,43.4,3328,2
E01000580,Brent 032B,E09000005,Brent,20.1,14258,5,0.1,11881,4,0.1,14416,5,4.7,27707,9,-0.8,27206,9,1.0,3830,2,27.2,9070,3,28.9,9459,3
E01000581,Brent 030E,E09000005,Brent,15.5,18404,6,0.1,15501,5,0.1,21339,7,3.4,29206,9,-1.2,30425,10,0.4,9793,3,28.8,7820,3,34.9,6270,2
E01000582,Brent 032C,E09000005,Brent,14.3,19625,6,0.1,18418,6,0.1,24475,8,4.0,28553,9,-0.9,28018,9,0.4,10315,4,26.8,9421,3,38.4,4847,2
E01000583,Brent 032D,E09000005,Brent,21.3,13321,5,0.1,15559,5,0.1,14049,5,3.4,29255,9,-0.6,24949,8,0.6,7418,3,36.0,3620,2,41.4,3813,2
E01000584,Brent 033E,E09000005,Brent,14.5,19420,6,0.1,17244,6,0.1,18509,6,6.5,25615,8,-0.6,24830,8,-0.1,18066,6,27.4,8928,3,30.1,8774,3
E01000585,Brent 033F,E09000005,Brent,14.2,19713,7,0.1,16329,5,0.1,22605,7,4.7,27682,9,-0.5,23134,8,0.0,16219,5,31.4,6030,2,25.5,11478,4
E01000586,Brent 032E,E09000005,Brent,21.5,13162,5,0.1,13153,5,0.1,14488,5,8.8,23127,8,-0.7,26038,8,0.4,10955,4,40.4,2076,1,32.8,7285,3
E01000587,Brent 001A,E09000005,Brent,15.0,18908,6,0.1,15220,5,0.1,24060,8,15.9,16665,6,-0.7,26220,8,-0.2,19781,7,33.4,4848,2,21.5,14202,5
E01000588,Brent 002E,E09000005,Brent,26.1,10086,4,0.2,7873,3,0.1,11356,4,16.8,15943,5,-0.6,24265,8,0.6,7862,3,40.4,2088,1,23.5,12812,4
E01000589,Brent 001B,E09000005,Brent,19.3,15004,5,0.1,14362,5,0.1,16935,6,15.0,17356,6,-0.6,25083,8,0.1,14517,5,41.0,1915,1,19.9,15394,5
E01000590,Brent 001C,E09000005,Brent,19.0,15271,5,0.1,11879,4,0.1,15707,5,7.5,24468,8,-0.1,18279,6,0.0,16134,5,33.9,4628,2,22.4,13536,5
E01000591,Brent 003F,E09000005,Brent,20.6,13852,5,0.1,16995,6,0.1,22156,7,12.3,19655,6,-0.6,25158,8,0.8,5682,2,45.0,1061,1,28.9,9457,3
E01000592,Brent 001D,E09000005,Brent,20.7,13808,5,0.1,13225,5,0.1,17233,6,11.7,20219,7,-0.3,19960,7,0.6,7237,3,37.9,2853,1,20.6,14840,5
E01000593,Brent 001E,E09000005,Brent,19.6,14685,5,0.1,11207,4,0.1,16945,6,10.6,21299,7,-0.7,25860,8,-0.1,18275,6,42.7,1484,1,18.3,16573,6
E01000594,Brent 001F,E09000005,Brent,17.1,16924,6,0.1,15550,5,0.0,27478,9,10.6,21251,7,-1.3,31050,10,0.2,12897,4,43.9,1255,1,28.3,9783,3
E01000595,Brent 027A,E09000005,Brent,45.3,2994,1,0.2,4346,2,0.2,3697,2,34.9,6793,3,0.6,7821,3,0.6,7422,3,54.7,71,1,34.4,6497,2
E01000596,Brent 021A,E09000005,Brent,46.5,2747,1,0.3,3083,1,0.2,3934,2,34.6,6889,3,0.1,15057,5,1.0,3174,1,58.7,19,1,34.2,6583,3
E01000599,Brent 027D,E09000005,Brent,51.4,1969,1,0.3,1254,1,0.2,2412,1,17.3,15571,5,0.7,7318,3,0.9,4130,2,51.2,199,1,36.7,5513,2
E01000600,Brent 027E,E09000005,Brent,36.8,5250,2,0.2,8680,3,0.1,7205,3,26.2,10201,4,0.3,10999,4,0.6,7733,3,56.3,41,1,35.8,5910,2
E01000601,Brent 021B,E09000005,Brent,57.2,1192,1,0.4,906,1,0.2,2016,1,36.3,6342,2,0.8,6133,2,1.5,1193,1,55.2,62,1,20.3,15087,5
E01000602,Brent 021C,E09000005,Brent,39.8,4335,2,0.3,3903,2,0.2,4577,2,24.1,11274,4,-0.3,20883,7,0.8,5430,2,66.6,3,1,21.6,14105,5
E01000603,Brent 021D,E09000005,Brent,39.1,4557,2,0.3,3205,1,0.2,5067,2,24.0,11375,4,-0.3,20131,7,0.4,9873,4,51.4,181,1,28.1,9908,4
E01000604,Brent 021E,E09000005,Brent,43.1,3443,2,0.3,2555,1,0.2,4079,2,24.8,10919,4,0.1,14436,5,0.7,6886,3,70.5,1,1,23.0,13097,4
E01000605,Brent 021F,E09000005,Brent,45.5,2954,1,0.3,3120,1,0.2,3410,2,30.8,8261,3,0.0,15560,5,1.0,3617,2,55.9,48,1,30.1,8753,3
E01000606,Brent 016B,E09000005,Brent,19.7,14627,5,0.1,13733,5,0.1,17546,6,10.7,21201,7,-0.9,27656,9,0.2,13148,5,39.9,2204,1,31.1,8220,3
E01000607,Brent 013C,E09000005,Brent,18.8,15403,5,0.1,14715,5,0.1,21148,7,9.3,22610,7,-1.0,28504,9,-0.2,20258,7,50.1,303,1,21.3,14295,5
E01000608,Brent 013D,E09000005,Brent,22.1,12668,4,0.1,12833,4,0.1,22021,7,9.8,22086,7,-0.5,23514,8,0.5,8464,3,47.0,712,1,32.5,7477,3
E01000609,Brent 016C,E09000005,Brent,21.0,13560,5,0.1,13567,5,0.1,20082,7,13.9,18215,6,-0.6,25085,8,0.3,11412,4,46.7,783,1,24.5,12111,4
E01000610,Brent 019A,E09000005,Brent,24.9,10807,4,0.1,11814,4,0.1,15164,5,15.1,17312,6,-0.4,22177,7,0.5,8890,3,51.3,195,1,18.5,16471,6
E01000611,Brent 016D,E09000005,Brent,24.0,11357,4,0.1,12896,4,0.1,15083,5,13.4,18687,6,-0.1,18045,6,0.3,11889,4,46.4,818,1,29.4,9134,3
E01000612,Brent 019B,E09000005,Brent,23.0,12061,4,0.2,9461,3,0.1,18579,6,11.5,20434,7,-0.2,19754,7,0.3,11648,4,46.2,861,1,20.8,14684,5
E01000613,Brent 013E,E09000005,Brent,25.3,10614,4,0.2,10146,4,0.1,14188,5,12.3,19686,6,-0.5,23619,8,-0.3,20469,7,56.8,34,1,26.9,10601,4
E01000615,Brent 017B,E09000005,Brent,19.8,14567,5,0.1,16000,5,0.1,22068,7,12.8,19267,6,-0.7,25614,8,-0.1,18198,6,57.7,26,1,16.7,17857,6
E01000616,Brent 020A,E09000005,Brent,21.6,13069,4,0.1,15303,5,0.1,19238,6,10.3,21584,7,-0.7,26345,9,0.5,8414,3,45.9,907,1,34.4,6505,2
E01000617,Brent 017C,E09000005,Brent,24.1,11317,4,0.1,12801,4,0.1,17518,6,14.3,17906,6,-0.4,22280,7,1.0,3259,1,42.7,1496,1,26.5,10904,4
E01000618,Brent 017D,E09000005,Brent,21.8,12895,4,0.1,11831,4,0.1,14522,5,17.4,15524,5,-0.6,25016,8,0.2,13176,5,40.4,2070,1,23.3,12893,4
E01000619,Brent 017E,E09000005,Brent,19.4,14873,5,0.1,11786,4,0.1,18060,6,16.4,16287,5,-0.6,24782,8,0.0,16420,5,39.9,2218,1,17.3,17357,6
E01000620,Brent 020B,E09000005,Brent,20.9,13624,5,0.1,13900,5,0.1,17564,6,18.9,14440,5,-1.1,29618,10,-0.1,18249,6,43.8,1264,1,31.5,7992,3
E01000621,Brent 020C,E09000005,Brent,25.2,10660,4,0.1,12761,4,0.1,18319,6,21.0,13167,5,0.3,11844,4,-0.1,17460,6,46.2,865,1,33.8,6793,3
E01000622,Brent 010D,E09000005,Brent,30.1,7963,3,0.1,11502,4,0.1,16605,6,22.6,12160,4,-0.3,20292,7,1.0,3821,2,59.3,16,1,33.7,6850,3
E01000623,Brent 005C,E09000005,Brent,16.1,17826,6,0.1,16270,5,0.1,23544,8,12.4,19583,6,-0.6,25067,8,-0.3,20746,7,36.0,3612,2,31.8,7856,3
E01000624,Brent 005D,E09000005,Brent,18.7,15459,5,0.1,12802,4,0.1,18191,6,16.2,16383,5,-0.7,25567,8,-0.3,21261,7,39.9,2231,1,21.5,14201,5
E01000625,Brent 009E,E09000005,Brent,22.4,12420,4,0.1,11265,4,0.1,17235,6,14.9,17448,6,-0.6,24224,8,0.1,14967,5,47.8,595,1,22.0,13871,5
E01000626,Brent 010E,E09000005,Brent,43.5,3361,2,0.3,3122,1,0.2,5207,2,29.8,8676,3,0.2,12480,4,1.1,2771,1,54.4,76,1,21.9,13902,5
E01000627,Brent 014E,E09000005,Brent,39.2,4522,2,0.2,6694,3,0.1,8651,3,28.9,8998,3,-0.1,18162,6,1.2,2009,1,53.3,99,1,40.6,4074,2
E01000628,Brent 014F,E09000005,Brent,33.7,6391,2,0.2,7808,3,0.1,9574,3,22.3,12343,4,0.0,16366,5,0.8,5444,2,48.9,464,1,36.5,5562,2
E01000629,Brent 005E,E09000005,Brent,15.8,18148,6,0.1,18534,6,0.1,21548,7,19.8,13888,5,-0.8,26803,9,0.0,16802,6,34.6,4270,2,22.8,13292,5
E01000630,Brent 026E,E09000005,Brent,28.7,8671,3,0.2,10098,4,0.1,11344,4,17.2,15675,5,-0.4,21993,7,0.7,6115,2,51.4,184,1,22.3,13633,5
E01000631,Brent 019C,E09000005,Brent,16.9,17121,6,0.1,17299,6,0.0,25952,8,15.9,16628,6,-1.2,30560,10,0.1,15674,5,41.9,1695,1,29.4,9125,3
E01000632,Brent 029E,E09000005,Brent,18.6,15543,5,0.1,16907,6,0.1,24656,8,27.8,9481,3,-1.3,30816,10,0.1,15619,5,39.8,2263,1,31.3,8102,3
E01000633,Brent 019D,E09000005,Brent,24.5,11067,4,0.1,13044,4,0.1,23331,8,26.4,10118,4,-0.7,25775,8,0.7,6543,2,48.2,546,1,31.0,8260,3
E01000634,Brent 019E,E09000005,Brent,21.9,12873,4,0.1,12779,4,0.1,20074,7,15.0,17344,6,-0.6,24822,8,-0.1,18823,6,54.9,67,1,19.9,15338,5
E01000635,Brent 020D,E09000005,Brent,29.7,8174,3,0.2,9401,3,0.1,14085,5,15.3,17126,6,-0.9,27782,9,1.1,3059,1,49.1,437,1,38.4,4826,2
E01000636,Brent 020E,E09000005,Brent,18.2,15999,5,0.1,16781,6,0.1,22108,7,18.8,14573,5,-1.2,30306,10,0.0,17011,6,38.6,2616,1,35.5,6002,2
E01000637,Brent 022B,E09000005,Brent,23.3,11819,4,0.2,10329,4,0.1,12140,4,16.1,16454,6,-0.3,20954,7,0.1,14552,5,34.7,4241,2,32.5,7474,3
E01000638,Brent 024A,E09000005,Brent,28.9,8516,3,0.2,9059,3,0.1,13668,5,20.9,13201,5,-0.2,19155,6,0.9,4773,2,40.4,2064,1,39.3,4507,2
E01000639,Brent 022C,E09000005,Brent,22.1,12728,4,0.1,12639,4,0.1,18679,6,11.4,20520,7,-0.8,27175,9,0.8,4948,2,40.3,2098,1,31.4,8030,3
E01000640,Brent 024B,E09000005,Brent,27.0,9599,3,0.2,8592,3,0.1,13406,5,21.8,12684,4,-0.6,24661,8,0.2,12756,4,41.5,1786,1,39.7,4363,2
E01000641,Brent 024C,E09000005,Brent,30.8,7673,3,0.2,6876,3,0.1,9441,3,21.3,12950,4,0.0,15348,5,0.8,5875,2,37.5,3029,1,32.4,7492,3
E01000642,Brent 022D,E09000005,Brent,27.3,9415,3,0.2,8268,3,0.1,12350,4,11.9,20085,7,-0.3,20971,7,0.4,10951,4,42.8,1467,1,39.4,4448,2
E01000643,Brent 024D,E09000005,Brent,51.1,2011,1,0.3,1751,1,0.2,1910,1,20.5,13463,5,0.8,5485,2,1.0,3157,1,47.6,620,1,32.2,7599,3
E01000644,Brent 022E,E09000005,Brent,25.0,10775,4,0.2,8713,3,0.1,12661,4,9.3,22580,7,-0.2,18965,6,0.4,10994,4,38.5,2646,1,33.9,6746,3
E01033424,Brent 017F,E09000005,Brent,23.1,12020,4,0.1,15328,5,0.1,21156,7,13.0,19062,6,-0.6,24477,8,0.8,5131,2,48.0,562,1,32.2,7598,3
E01033455,Brent 031G,E09000005,Brent,42.1,3699,2,0.2,4581,2,0.1,6908,3,38.0,5904,2,0.0,15541,5,1.3,1699,1,38.5,2657,1,52.3,1540,1
E01033456,Brent 027F,E09000005,Brent,52.9,1738,1,0.3,1290,1,0.3,1071,1,25.8,10430,4,0.5,9328,3,0.8,5086,2,49.2,423,1,28.4,9713,3
E01033457,Brent 017G,E09000005,Brent,20.2,14149,5,0.1,18132,6,0.0,27289,9,6.6,25481,8,-0.8,26498,9,1.2,2418,1,44.2,1214,1,32.9,7247,3
E01033463,Brent 003G,E09000005,Brent,13.6,20396,7,0.1,16624,6,0.1,21971,7,7.3,24657,8,-1.2,30336,10,-0.4,22629,7,35.7,3752,2,21.2,14385,5
E01033464,Brent 010F,E09000005,Brent,29.7,8142,3,0.2,7401,3,0.1,8741,3,29.9,8603,3,-0.3,19963,7,0.2,13900,5,41.6,1750,1,27.1,10468,4
E01033485,Brent 031H,E09000005,Brent,33.9,6307,2,0.2,7886,3,0.2,6258,2,26.6,10000,4,-0.5,23575,8,1.0,3347,2,40.1,2149,1,36.7,5494,2
E01000645,Bromley 007A,E09000006,Bromley,4.4,31081,10,0.0,32746,10,0.0,32762,10,0.5,32493,10,-1.9,32553,10,-0.5,24199,8,27.3,8959,3,13.5,20543,7
E01000646,Bromley 016A,E09000006,Bromley,8.7,26185,8,0.1,22011,7,0.1,23779,8,2.2,30715,10,-1.2,30379,10,-0.3,20483,7,23.4,12779,4,19.8,15419,5
E01000647,Bromley 016B,E09000006,Bromley,6.9,28453,9,0.1,25133,8,0.0,29256,9,5.2,27100,9,-1.1,29921,10,-0.2,20268,7,20.2,16463,6,20.0,15276,5
E01000648,Bromley 016C,E09000006,Bromley,6.4,28942,9,0.1,25661,8,0.0,27278,9,3.9,28669,9,-1.4,31426,10,-0.8,27590,9,22.3,13913,5,19.0,16007,5
E01000649,Bromley 007B,E09000006,Bromley,9.1,25707,8,0.1,21854,7,0.1,24646,8,2.0,30864,10,-1.2,30073,10,-0.4,22625,7,31.6,5924,2,10.9,23147,8
E01000650,Bromley 022A,E09000006,Bromley,11.7,22579,7,0.1,21002,7,0.1,22613,7,1.2,31798,10,-0.9,28114,9,-0.1,18613,6,38.1,2791,1,10.6,23403,8
E01000651,Bromley 020A,E09000006,Bromley,9.8,24779,8,0.1,21715,7,0.0,27555,9,2.0,30881,10,-1.2,29963,10,-0.9,28542,9,36.7,3320,2,17.4,17288,6
E01000652,Bromley 022B,E09000006,Bromley,6.3,29124,9,0.0,29296,9,0.0,30896,10,3.9,28642,9,-1.4,31400,10,0.0,16890,6,25.7,10464,4,14.0,20099,7
E01000653,Bromley 016D,E09000006,Bromley,9.8,24777,8,0.0,26720,9,0.1,22418,7,3.6,29010,9,-0.6,24625,8,-0.6,25399,8,34.8,4171,2,11.1,22953,7
E01000654,Bromley 039A,E09000006,Bromley,7.9,27153,9,0.0,26402,9,0.0,28526,9,18.4,14855,5,-1.0,29051,9,-0.7,26661,9,25.5,10647,4,8.3,25874,8
E01000655,Bromley 039B,E09000006,Bromley,10.1,24376,8,0.0,26857,9,0.0,28669,9,18.8,14582,5,-1.2,30257,10,-0.3,21691,7,35.8,3728,2,6.4,27953,9
E01000656,Bromley 039C,E09000006,Bromley,6.8,28540,9,0.0,27019,9,0.0,27871,9,13.8,18327,6,-1.3,31032,10,0.0,16440,6,16.7,20845,7,9.6,24448,8
E01000657,Bromley 039D,E09000006,Bromley,12.2,21964,7,0.1,16881,6,0.1,19911,7,14.1,18103,6,-0.5,23664,8,0.0,16328,5,20.0,16609,6,8.6,25542,8
E01000658,Bromley 042A,E09000006,Bromley,6.9,28425,9,0.0,26718,9,0.0,25293,8,13.0,19078,6,-0.8,27309,9,-0.8,26829,9,20.2,16428,6,7.5,26727,9
E01000659,Bromley 039E,E09000006,Bromley,7.7,27441,9,0.1,26080,8,0.0,25894,8,13.7,18374,6,-1.1,29733,10,-0.4,22058,7,24.2,11977,4,5.5,28865,9
E01000661,Bromley 026A,E09000006,Bromley,37.6,5014,2,0.3,3764,2,0.1,6884,3,31.7,7916,3,0.2,13112,4,0.7,6066,2,47.3,663,1,15.1,19114,6
E01000662,Bromley 026B,E09000006,Bromley,18.2,15994,5,0.1,14000,5,0.1,15344,5,16.8,15980,5,-0.3,20121,7,0.1,15302,5,31.5,5983,2,15.4,18863,6
E01000663,Bromley 026C,E09000006,Bromley,17.6,16476,6,0.1,13067,4,0.1,14058,5,12.5,19515,6,-0.5,23625,8,-0.2,19764,7,34.4,4394,2,11.8,22217,7
E01000664,Bromley 026D,E09000006,Bromley,19.0,15225,5,0.1,16369,5,0.1,17918,6,15.8,16763,6,-0.5,23230,8,0.4,9935,4,42.1,1640,1,12.1,21913,7
E01000665,Bromley 033A,E09000006,Bromley,11.3,23013,8,0.1,22371,7,0.1,20378,7,11.6,20360,7,-1.2,30226,10,-0.3,20751,7,30.1,6858,3,13.3,20778,7
E01000666,Bromley 033B,E09000006,Bromley,5.6,29934,10,0.0,30752,10,0.0,30630,10,6.1,26114,8,-2.0,32579,10,-0.6,25066,8,29.0,7640,3,8.9,25211,8
E01000667,Bromley 033C,E09000006,Bromley,6.9,28484,9,0.0,31022,10,0.0,29281,9,5.3,26937,9,-1.6,31855,10,-0.5,24279,8,32.9,5139,2,11.8,22191,7
E01000668,Bromley 020B,E09000006,Bromley,11.5,22745,7,0.1,19463,6,0.0,25093,8,5.7,26517,9,-0.9,27566,9,0.2,12967,4,19.3,17559,6,32.0,7736,3
E01000669,Bromley 020C,E09000006,Bromley,8.8,26111,8,0.1,23234,8,0.1,23912,8,6.5,25620,8,-1.2,30294,10,-0.3,20628,7,19.4,17382,6,24.1,12342,4
E01000670,Bromley 018A,E09000006,Bromley,5.9,29576,10,0.0,29026,9,0.0,31079,10,0.9,32137,10,-2.0,32641,10,-0.5,24427,8,29.2,7482,3,15.9,18524,6
E01000671,Bromley 020D,E09000006,Bromley,10.6,23784,8,0.1,21835,7,0.1,23662,8,3.4,29281,9,-0.7,25406,8,-0.4,21760,7,29.8,7118,3,20.6,14838,5
E01000672,Bromley 011A,E09000006,Bromley,7.6,27582,9,0.0,26745,9,0.0,28233,9,3.6,29028,9,-0.8,27069,9,-0.1,17959,6,26.2,10032,4,14.2,19922,7
E01000673,Bromley 011B,E09000006,Bromley,8.3,26712,9,0.1,25665,8,0.0,26718,9,4.0,28577,9,-1.1,29590,10,-0.5,23433,8,30.5,6631,3,15.9,18540,6
E01000674,Bromley 008A,E09000006,Bromley,12.2,21905,7,0.1,15480,5,0.1,22292,7,4.8,27494,9,-0.8,26624,9,-0.1,17493,6,26.1,10045,4,18.5,16411,5
E01000675,Bromley 018B,E09000006,Bromley,10.2,24305,8,0.1,23329,8,0.1,23646,8,1.6,31355,10,-1.5,31638,10,0.2,14086,5,25.5,10657,4,26.9,10641,4
E01000676,Bromley 008B,E09000006,Bromley,20.8,13716,5,0.1,11310,4,0.1,14310,5,7.2,24838,8,-0.3,20785,7,0.6,7521,3,29.9,7038,3,29.4,9179,3
E01000677,Bromley 018C,E09000006,Bromley,13.3,20694,7,0.1,24934,8,0.0,30002,10,3.6,29018,9,-1.3,30641,10,0.9,3989,2,32.1,5602,2,31.3,8104,3
E01000678,Bromley 016E,E09000006,Bromley,8.9,25871,8,0.1,24606,8,0.0,25547,8,3.5,29123,9,-1.2,30190,10,-0.8,27359,9,31.4,6038,2,20.6,14863,5
E01000679,Bromley 020E,E09000006,Bromley,8.8,25999,8,0.0,26484,9,0.0,27429,9,5.6,26561,9,-0.9,27775,9,-0.1,18295,6,20.5,16009,5,31.4,8058,3
E01000680,Bromley 037A,E09000006,Bromley,9.2,25580,8,0.0,28819,9,0.0,29577,10,6.7,25371,8,-1.3,30792,10,-0.2,19882,7,37.1,3164,1,15.4,18898,6
E01000681,Bromley 035A,E09000006,Bromley,2.7,32415,10,0.0,32622,10,0.0,32308,10,5.0,27331,9,-1.7,32252,10,-1.0,29216,9,17.3,20064,7,9.7,24311,8
E01000682,Bromley 035B,E09000006,Bromley,4.3,31181,10,0.0,30912,10,0.0,30712,10,4.5,27923,9,-0.8,27366,9,-0.9,27933,9,19.2,17591,6,13.3,20761,7
E01000683,Bromley 035C,E09000006,Bromley,12.3,21817,7,0.1,20114,7,0.1,17137,6,7.2,24837,8,-0.7,26178,8,-1.0,29385,9,30.2,6843,3,18.7,16274,5
E01000684,Bromley 035D,E09000006,Bromley,3.5,31879,10,0.0,32061,10,0.0,31313,10,2.8,29957,10,-1.7,32215,10,-1.6,32110,10,25.1,11057,4,8.4,25767,8
E01000685,Bromley 037B,E09000006,Bromley,12.6,21456,7,0.1,16886,6,0.1,16212,5,14.2,18008,6,-0.5,23918,8,-0.3,20561,7,18.6,18372,6,10.0,24067,8
E01000686,Bromley 037C,E09000006,Bromley,7.3,27949,9,0.1,21407,7,0.0,26859,9,4.9,27474,9,-1.4,31244,10,-0.7,25843,8,22.9,13289,5,13.5,20581,7
E01000687,Bromley 037D,E09000006,Bromley,6.5,28847,9,0.1,22787,7,0.0,27232,9,4.9,27385,9,-1.0,28992,9,-0.9,28544,9,18.0,19131,6,17.4,17262,6
E01000688,Bromley 037E,E09000006,Bromley,2.6,32463,10,0.0,31116,10,0.0,31792,10,2.2,30632,10,-1.5,31549,10,-0.7,25773,8,15.1,22855,7,8.4,25745,8
E01000689,Bromley 002A,E09000006,Bromley,21.8,12957,4,0.1,11019,4,0.1,12010,4,15.5,16977,6,0.0,15332,5,0.1,15140,5,34.0,4587,2,15.0,19163,6
E01000690,Bromley 002B,E09000006,Bromley,7.2,28098,9,0.0,28005,9,0.0,29263,9,4.0,28491,9,-1.4,31200,10,0.5,8816,3,20.2,16404,5,13.5,20578,7
E01000691,Bromley 002C,E09000006,Bromley,13.1,20929,7,0.1,14435,5,0.1,18061,6,11.4,20516,7,-0.7,25706,8,-0.3,21242,7,21.0,15460,5,16.1,18336,6
E01000692,Bromley 002D,E09000006,Bromley,6.7,28643,9,0.1,25972,8,0.0,30294,10,4.7,27723,9,-1.2,30088,10,0.0,17270,6,17.8,19407,6,22.5,13507,5
E01000693,Bromley 010A,E09000006,Bromley,11.7,22520,7,0.0,27710,9,0.0,26643,9,4.5,27887,9,-1.2,29965,10,0.4,10896,4,37.7,2953,1,21.8,13984,5
E01000694,Bromley 007C,E09000006,Bromley,7.8,27349,9,0.1,24558,8,0.0,25287,8,3.5,29088,9,-1.5,31796,10,-0.2,20220,7,26.8,9471,3,12.2,21810,7
E01000695,Bromley 007D,E09000006,Bromley,7.6,27622,9,0.0,27726,9,0.0,28642,9,2.9,29860,10,-1.8,32387,10,0.2,13722,5,25.7,10449,4,18.3,16575,6
E01000696,Bromley 007E,E09000006,Bromley,7.3,27929,9,0.0,31679,10,0.0,31374,10,0.8,32251,10,-1.6,32101,10,0.6,7708,3,27.0,9240,3,14.8,19381,6
E01000697,Bromley 007F,E09000006,Bromley,3.5,31919,10,0.0,32003,10,0.0,32554,10,0.5,32487,10,-1.6,32084,10,-1.2,30451,10,24.5,11621,4,12.3,21665,7
E01000698,Bromley 010B,E09000006,Bromley,14.0,19941,7,0.0,30002,10,0.0,28363,9,5.4,26782,9,-1.3,30873,10,1.3,1974,1,41.0,1940,1,10.6,23428,8
E01000699,Bromley 015A,E09000006,Bromley,20.1,14234,5,0.1,11486,4,0.1,14358,5,17.8,15246,5,-0.2,19417,6,0.2,14203,5,25.7,10433,4,28.3,9801,3
E01000700,Bromley 013A,E09000006,Bromley,13.7,20231,7,0.1,17381,6,0.1,16634,6,7.4,24649,8,-0.7,25539,8,-0.3,21244,7,24.6,11547,4,26.3,10983,4
E01000701,Bromley 015B,E09000006,Bromley,12.8,21278,7,0.1,16326,5,0.1,19667,6,6.0,26125,8,-0.7,26453,9,-0.5,24320,8,23.0,13201,5,29.9,8886,3
E01000702,Bromley 013B,E09000006,Bromley,10.1,24366,8,0.1,25086,8,0.0,26069,8,3.8,28721,9,-0.8,26628,9,-0.2,20044,7,24.6,11565,4,33.9,6729,3
E01000703,Bromley 013C,E09000006,Bromley,10.5,23918,8,0.1,24308,8,0.0,25897,8,1.0,31982,10,-1.1,29755,10,0.1,15753,5,23.1,13078,4,37.9,5026,2
E01000704,Bromley 015C,E09000006,Bromley,10.3,24111,8,0.1,22246,7,0.1,23931,8,7.5,24444,8,-1.0,29210,9,0.1,15285,5,20.6,15928,5,26.7,10720,4
E01000705,Bromley 015D,E09000006,Bromley,16.3,17604,6,0.1,15909,5,0.1,15229,5,4.9,27459,9,-0.9,28008,9,0.2,13837,5,28.8,7773,3,31.4,8055,3
E01000706,Bromley 013D,E09000006,Bromley,16.6,17373,6,0.1,15552,5,0.1,16628,6,10.4,21427,7,-0.7,25524,8,0.1,15053,5,30.1,6922,3,27.3,10389,4
E01000707,Bromley 041A,E09000006,Bromley,3.3,32027,10,0.0,31733,10,0.0,30974,10,2.0,30923,10,-1.8,32436,10,-0.8,26874,9,9.9,28729,9,22.9,13168,5
E01000708,Bromley 041B,E09000006,Bromley,7.9,27232,9,0.0,26412,9,0.0,25782,8,4.9,27469,9,-0.9,28005,9,-0.2,19172,6,20.7,15830,5,22.1,13784,5
E01000709,Bromley 006A,E09000006,Bromley,16.2,17782,6,0.1,15610,5,0.1,16410,5,9.4,22448,7,-0.1,17588,6,-0.4,22863,7,31.9,5713,2,18.2,16658,6
E01000710,Bromley 006B,E09000006,Bromley,10.3,24099,8,0.1,22339,7,0.0,29282,9,3.5,29146,9,-1.3,30932,10,0.4,9883,4,31.1,6238,2,16.8,17783,6
E01000711,Bromley 006C,E09000006,Bromley,11.8,22423,7,0.1,20929,7,0.0,27013,9,9.0,22890,7,-1.4,31518,10,0.3,12257,4,34.0,4588,2,15.3,18971,6
E01000712,Bromley 012A,E09000006,Bromley,7.0,28325,9,0.0,28634,9,0.0,30734,10,3.0,29692,10,-1.9,32500,10,0.3,12240,4,26.9,9378,3,13.1,20991,7
E01000713,Bromley 012B,E09000006,Bromley,8.1,26931,9,0.0,27862,9,0.0,27784,9,3.2,29530,9,-1.3,30862,10,-0.1,17758,6,31.7,5854,2,14.2,19939,7
E01000714,Bromley 006D,E09000006,Bromley,10.0,24549,8,0.1,22867,7,0.0,26974,9,7.9,24073,8,-1.5,31679,10,0.4,11143,4,24.1,12055,4,21.1,14455,5
E01000715,Bromley 012C,E09000006,Bromley,6.6,28816,9,0.0,28283,9,0.0,28519,9,1.9,30994,10,-1.0,28607,9,0.0,16942,6,21.1,15388,5,19.0,16039,5
E01000716,Bromley 011C,E09000006,Bromley,7.5,27657,9,0.1,22448,7,0.0,26115,8,1.6,31307,10,-0.9,28177,9,-0.5,23773,8,24.7,11460,4,12.8,21182,7
E01000717,Bromley 011D,E09000006,Bromley,8.4,26511,9,0.1,23743,8,0.0,27144,9,2.8,29937,10,-1.6,31857,10,-0.6,25532,8,31.2,6174,2,18.4,16525,6
E01000718,Bromley 006E,E09000006,Bromley,27.3,9395,3,0.2,8372,3,0.1,10745,4,16.8,15940,5,-0.6,24973,8,0.1,14658,5,45.2,1026,1,34.6,6447,2
E01000719,Bromley 019A,E09000006,Bromley,25.4,10496,4,0.2,8678,3,0.1,12584,4,22.0,12511,4,0.1,13931,5,0.7,6513,2,30.2,6847,3,21.1,14465,5
E01000720,Bromley 019B,E09000006,Bromley,43.3,3404,2,0.3,2798,1,0.2,5812,2,38.9,5647,2,0.1,14017,5,1.1,2812,1,48.8,469,1,23.4,12823,4
E01000721,Bromley 019C,E09000006,Bromley,43.2,3421,2,0.3,2169,1,0.2,3998,2,41.2,5084,2,0.6,8362,3,1.1,2782,1,31.6,5911,2,17.1,17506,6
E01000722,Bromley 023A,E09000006,Bromley,23.6,11642,4,0.2,9999,4,0.1,12012,4,26.3,10132,4,-0.1,17537,6,0.7,6205,2,20.3,16313,5,24.4,12128,4
E01000723,Bromley 029A,E09000006,Bromley,13.7,20244,7,0.1,21998,7,0.1,18975,6,20.6,13418,5,-0.8,26567,9,0.1,15310,5,29.4,7400,3,11.7,22315,7
E01000724,Bromley 019D,E09000006,Bromley,36.1,5486,2,0.2,4917,2,0.1,6702,3,37.7,5991,2,0.4,10542,4,1.0,3368,2,36.3,3495,2,12.9,21142,7
E01000725,Bromley 023B,E09000006,Bromley,27.9,9089,3,0.2,7244,3,0.1,10301,4,23.3,11720,4,0.0,15318,5,0.7,6649,3,30.8,6401,2,26.6,10834,4
E01000726,Bromley 029B,E09000006,Bromley,16.2,17771,6,0.1,17999,6,0.1,16898,6,12.7,19294,6,-0.7,26423,9,1.0,3258,1,20.2,16420,5,16.8,17750,6
E01000727,Bromley 028A,E09000006,Bromley,14.5,19463,6,0.1,16973,6,0.1,19650,6,12.7,19293,6,-0.7,26408,9,0.1,14567,5,26.9,9417,3,23.0,13150,5
E01000728,Bromley 019E,E09000006,Bromley,21.4,13215,5,0.1,13041,4,0.1,12488,4,23.7,11508,4,-0.5,23947,8,0.8,5716,2,28.6,7985,3,15.4,18886,6
E01000729,Bromley 014A,E09000006,Bromley,40.9,3993,2,0.3,2982,1,0.2,3589,2,37.9,5928,2,0.6,8514,3,1.0,3484,2,30.0,6947,3,15.7,18640,6
E01000730,Bromley 014B,E09000006,Bromley,41.8,3782,2,0.3,2654,1,0.2,3759,2,36.7,6254,2,0.4,9880,4,0.8,5257,2,39.3,2406,1,14.7,19501,6
E01000731,Bromley 023C,E09000006,Bromley,29.7,8144,3,0.2,7675,3,0.1,9636,3,30.1,8521,3,-0.3,20005,7,0.8,5862,2,40.9,1953,1,18.5,16446,6
E01000732,Bromley 023D,E09000006,Bromley,14.4,19583,6,0.1,15759,5,0.1,16878,6,11.3,20576,7,-0.7,26380,9,0.0,16578,6,27.2,9051,3,14.0,20136,7
E01000733,Bromley 023E,E09000006,Bromley,20.0,14387,5,0.1,10855,4,0.1,13737,5,18.1,15059,5,-0.6,24684,8,0.6,8377,3,23.4,12759,4,22.5,13453,5
E01000734,Bromley 028B,E09000006,Bromley,12.0,22209,7,0.1,19251,6,0.1,21152,7,11.5,20413,7,-0.9,28105,9,-0.4,22695,7,29.1,7557,3,16.4,18100,6
E01000735,Bromley 014C,E09000006,Bromley,30.1,8001,3,0.2,7954,3,0.1,8939,3,39.5,5487,2,0.0,15981,5,0.7,6553,2,31.3,6080,2,23.5,12776,4
E01000736,Bromley 010C,E09000006,Bromley,21.9,12857,4,0.2,10416,4,0.1,11449,4,25.4,10618,4,-0.5,23242,8,0.2,13007,4,29.1,7556,3,16.6,17884,6
E01000737,Bromley 010D,E09000006,Bromley,32.2,7000,3,0.2,5493,2,0.1,7025,3,23.7,11501,4,0.1,13780,5,1.0,3786,2,32.7,5255,2,19.1,16001,5
E01000738,Bromley 014D,E09000006,Bromley,20.2,14203,5,0.1,14072,5,0.1,14442,5,18.3,14904,5,-0.3,21039,7,0.9,4452,2,24.6,11523,4,20.3,15072,5
E01000739,Bromley 014E,E09000006,Bromley,42.4,3608,2,0.3,2777,1,0.2,4077,2,43.5,4522,2,0.2,12537,4,1.5,1192,1,31.2,6144,2,16.0,18380,6
E01000740,Bromley 005A,E09000006,Bromley,25.7,10368,4,0.2,9485,3,0.1,14230,5,11.1,20780,7,-0.3,19895,7,1.2,2473,1,38.5,2659,1,23.4,12880,4
E01000741,Bromley 005B,E09000006,Bromley,24.9,10835,4,0.2,10393,4,0.1,11570,4,12.0,19966,7,0.2,12709,4,0.4,10510,4,37.1,3182,1,26.0,11158,4
E01000742,Bromley 005C,E09000006,Bromley,23.3,11887,4,0.2,9668,3,0.1,13961,5,8.8,23035,8,-0.6,24191,8,0.5,9218,3,39.1,2454,1,30.8,8381,3
E01000743,Bromley 009A,E09000006,Bromley,34.8,5959,2,0.2,5352,2,0.2,4950,2,20.6,13403,5,0.5,9653,3,0.9,4796,2,34.1,4515,2,22.4,13555,5
E01000744,Bromley 009B,E09000006,Bromley,41.7,3807,2,0.3,2178,1,0.2,3377,2,29.5,8787,3,0.6,8125,3,0.5,8927,3,38.6,2641,1,16.9,17688,6
E01000745,Bromley 005D,E09000006,Bromley,19.5,14848,5,0.1,12939,4,0.1,16673,6,5.5,26705,9,-0.5,23948,8,0.5,8577,3,39.6,2333,1,19.9,15383,5
E01000746,Bromley 005E,E09000006,Bromley,17.5,16568,6,0.1,14355,5,0.1,19967,7,10.6,21300,7,-0.7,26305,9,0.5,8870,3,32.9,5113,2,25.4,11549,4
E01000747,Bromley 042B,E09000006,Bromley,20.2,14131,5,0.1,17926,6,0.1,20596,7,17.1,15748,5,-0.8,27196,9,-0.1,17845,6,54.3,78,1,21.4,14278,5
E01000748,Bromley 042C,E09000006,Bromley,12.7,21419,7,0.0,29393,9,0.0,28847,9,12.8,19236,6,-1.4,31343,10,-0.3,20956,7,45.8,926,1,22.5,13473,5
E01000749,Bromley 036A,E09000006,Bromley,11.3,22952,7,0.1,26174,8,0.0,27853,9,8.8,23032,8,-1.2,30448,10,-0.1,18554,6,42.7,1485,1,10.5,23506,8
E01000750,Bromley 036B,E09000006,Bromley,30.7,7689,3,0.2,6604,3,0.2,5166,2,29.2,8883,3,-0.2,19633,6,-0.6,24540,8,45.5,965,1,8.4,25801,8
E01000751,Bromley 036C,E09000006,Bromley,6.7,28683,9,0.0,28198,9,0.0,29061,9,8.2,23730,8,-0.9,28364,9,-0.2,19431,6,24.8,11336,4,8.3,25821,8
E01000752,Bromley 036D,E09000006,Bromley,8.4,26565,9,0.1,24283,8,0.1,24834,8,7.7,24229,8,-0.9,28391,9,0.1,15719,5,19.2,17620,6,15.8,18568,6
E01000753,Bromley 031A,E09000006,Bromley,6.1,29304,9,0.0,32001,10,0.0,30236,10,5.0,27336,9,-1.6,31877,10,-1.5,31844,10,34.8,4170,2,9.7,24385,8
E01000754,Bromley 031B,E09000006,Bromley,7.4,27768,9,0.0,26903,9,0.0,29763,10,5.7,26535,9,-0.9,27916,9,-0.8,27483,9,31.0,6249,2,13.1,20970,7
E01000755,Bromley 031C,E09000006,Bromley,5.1,30441,10,0.0,30725,10,0.0,31198,10,2.9,29821,10,-1.1,29347,9,-1.2,30394,10,29.2,7509,3,9.4,24650,8
E01000756,Bromley 033D,E09000006,Bromley,4.9,30572,10,0.0,29898,10,0.0,31557,10,3.9,28620,9,-1.5,31701,10,-0.2,19558,6,20.2,16391,5,15.4,18904,6
E01000757,Bromley 031D,E09000006,Bromley,4.5,31058,10,0.0,32614,10,0.0,32360,10,3.4,29285,9,-1.7,32145,10,-1.5,31779,10,29.4,7343,3,10.9,23099,8
E01000758,Bromley 031E,E09000006,Bromley,3.3,32014,10,0.0,32241,10,0.0,32013,10,1.6,31347,10,-1.5,31607,10,-1.0,29373,9,22.7,13522,5,11.1,22927,7
E01000759,Bromley 034A,E09000006,Bromley,7.8,27295,9,0.0,31604,10,0.0,27370,9,7.6,24338,8,-1.3,31088,10,-0.1,18717,6,30.9,6361,2,13.9,20202,7
E01000760,Bromley 034B,E09000006,Bromley,9.1,25692,8,0.0,28038,9,0.0,29828,10,8.2,23765,8,-1.0,29021,9,-0.6,25521,8,34.3,4414,2,21.4,14261,5
E01000761,Bromley 034C,E09000006,Bromley,7.3,27991,9,0.0,31212,10,0.0,30043,10,8.3,23588,8,-1.4,31202,10,0.0,17111,6,28.4,8139,3,14.8,19420,6
E01000762,Bromley 018D,E09000006,Bromley,7.0,28376,9,0.1,24939,8,0.0,28185,9,3.6,29069,9,-1.0,28901,9,-1.1,29995,10,28.7,7881,3,12.1,21884,7
E01000763,Bromley 027A,E09000006,Bromley,5.4,30116,10,0.0,32066,10,0.0,32092,10,8.0,23968,8,-1.4,31250,10,-0.3,21507,7,24.0,12092,4,14.4,19791,7
E01000764,Bromley 027B,E09000006,Bromley,12.2,21942,7,0.1,19623,6,0.1,19010,6,9.7,22104,7,-0.6,24710,8,-0.3,21735,7,27.4,8879,3,15.0,19230,6
E01000765,Bromley 034D,E09000006,Bromley,7.2,28050,9,0.1,25959,8,0.0,26237,8,5.4,26887,9,-1.4,31410,10,0.0,17296,6,20.5,16071,5,16.6,17933,6
E01000766,Bromley 027C,E09000006,Bromley,3.0,32211,10,0.0,32117,10,0.0,30468,10,3.9,28609,9,-1.8,32404,10,-0.9,28484,9,16.0,21686,7,12.7,21345,7
E01000767,Bromley 027D,E09000006,Bromley,4.8,30743,10,0.0,31842,10,0.0,30819,10,4.3,28200,9,-1.5,31721,10,0.0,16428,6,17.3,20058,7,16.0,18427,6
E01000768,Bromley 034E,E09000006,Bromley,8.7,26148,8,0.0,26744,9,0.0,25361,8,2.1,30764,10,-1.2,29966,10,0.0,16307,5,30.7,6497,2,14.1,19991,7
E01000769,Bromley 024A,E09000006,Bromley,23.9,11404,4,0.1,16661,6,0.1,8751,3,10.5,21394,7,-0.3,21441,7,1.4,1275,1,32.8,5194,2,14.3,19893,7
E01000770,Bromley 012D,E09000006,Bromley,6.0,29445,9,0.0,29525,9,0.0,30904,10,1.0,32015,10,-1.8,32364,10,0.2,13409,5,20.1,16482,6,21.1,14480,5
E01000771,Bromley 041C,E09000006,Bromley,5.5,30037,10,0.0,32176,10,0.0,31305,10,2.6,30199,10,-1.9,32490,10,0.2,12793,4,15.8,21956,7,23.9,12501,4
E01000772,Bromley 012E,E09000006,Bromley,4.1,31454,10,0.0,27432,9,0.0,31547,10,1.7,31168,10,-1.5,31635,10,-1.1,30155,10,20.6,15986,5,13.3,20817,7
E01000773,Bromley 024B,E09000006,Bromley,6.5,28902,9,0.0,29080,9,0.0,27891,9,6.3,25880,8,-1.5,31777,10,-0.8,27629,9,24.6,11504,4,20.2,15102,5
E01000774,Bromley 041D,E09000006,Bromley,9.4,25304,8,0.1,24413,8,0.0,26532,9,10.9,20950,7,-1.0,28774,9,0.3,12275,4,20.2,16383,5,18.6,16365,5
E01000775,Bromley 024C,E09000006,Bromley,7.3,27896,9,0.0,27354,9,0.0,30254,10,5.6,26571,9,-2.3,32751,10,-0.5,24085,8,30.9,6348,2,16.5,17960,6
E01000777,Bromley 024D,E09000006,Bromley,7.7,27406,9,0.0,29178,9,0.0,29594,10,5.8,26370,9,-1.2,30067,10,-0.3,21102,7,28.7,7861,3,21.3,14363,5
E01000778,Bromley 024E,E09000006,Bromley,13.2,20877,7,0.1,21694,7,0.1,20130,7,11.4,20509,7,-0.7,26040,8,-0.4,22854,7,34.9,4128,2,17.9,16919,6
E01000779,Bromley 001A,E09000006,Bromley,15.1,18817,6,0.1,18503,6,0.1,20340,7,8.0,23939,8,-0.9,28002,9,1.0,3648,2,20.0,16709,6,27.1,10474,4
E01000780,Bromley 001B,E09000006,Bromley,22.7,12270,4,0.2,9886,4,0.1,12322,4,27.2,9740,3,-0.6,25233,8,0.7,6507,2,25.6,10610,4,18.4,16514,6
E01000781,Bromley 001C,E09000006,Bromley,37.3,5113,2,0.3,3919,2,0.2,5734,2,38.8,5693,2,0.4,10166,4,1.0,3709,2,32.4,5432,2,14.4,19789,7
E01000782,Bromley 001D,E09000006,Bromley,47.7,2534,1,0.3,2474,1,0.2,2229,1,38.4,5785,2,0.8,6107,2,1.1,3069,1,38.4,2717,1,22.5,13490,5
E01000783,Bromley 001E,E09000006,Bromley,31.4,7328,3,0.2,6186,2,0.1,9120,3,40.5,5255,2,0.0,15611,5,1.0,3390,2,29.3,7465,3,15.4,18884,6
E01000784,Bromley 002E,E09000006,Bromley,10.2,24279,8,0.1,21821,7,0.1,23768,8,6.5,25618,8,-0.7,26323,9,0.2,13650,5,20.5,16061,5,20.6,14808,5
E01000785,Bromley 001F,E09000006,Bromley,31.6,7238,3,0.2,5056,2,0.2,6280,2,28.8,9064,3,0.0,16515,6,0.9,4809,2,26.0,10188,4,20.1,15185,5
E01000786,Bromley 032A,E09000006,Bromley,9.5,25123,8,0.0,27873,9,0.1,22826,7,3.9,28608,9,-1.2,29973,10,0.3,12619,4,31.2,6167,2,9.8,24204,8
E01000787,Bromley 029C,E09000006,Bromley,22.4,12471,4,0.1,12226,4,0.1,11236,4,25.0,10824,4,-0.6,24761,8,0.8,5106,2,26.9,9380,3,16.7,17821,6
E01000788,Bromley 029D,E09000006,Bromley,23.0,12035,4,0.1,12764,4,0.1,15400,5,16.1,16498,6,-0.9,27511,9,1.2,2335,1,31.4,6002,2,31.3,8088,3
E01000789,Bromley 032B,E09000006,Bromley,36.6,5332,2,0.3,2622,1,0.2,4560,2,39.9,5391,2,0.0,15537,5,0.3,11330,4,32.1,5625,2,12.5,21529,7
E01000790,Bromley 028C,E09000006,Bromley,13.6,20322,7,0.1,19702,6,0.1,20846,7,4.6,27798,9,-1.3,30619,10,0.1,15180,5,26.0,10164,4,38.3,4866,2
E01000791,Bromley 029E,E09000006,Bromley,9.7,24944,8,0.1,25336,8,0.1,22071,7,10.2,21655,7,-1.0,28476,9,0.0,17283,6,24.6,11505,4,14.2,19921,7
E01000792,Bromley 032C,E09000006,Bromley,18.9,15361,5,0.1,11822,4,0.1,13263,5,17.2,15689,5,-0.7,25692,8,0.9,4379,2,19.4,17358,6,9.5,24584,8
E01000793,Bromley 032D,E09000006,Bromley,4.8,30674,10,0.0,31567,10,0.0,30602,10,2.8,29926,10,-1.0,29145,9,-0.5,23975,8,22.9,13346,5,14.3,19826,7
E01000794,Bromley 035E,E09000006,Bromley,3.7,31758,10,0.0,30843,10,0.0,29892,10,3.4,29209,9,-1.3,30687,10,-1.2,30705,10,21.6,14744,5,8.2,25973,8
E01000795,Bromley 032E,E09000006,Bromley,14.3,19648,6,0.1,15405,5,0.1,15132,5,10.2,21647,7,-0.5,22839,7,-0.5,24301,8,27.7,8678,3,10.8,23263,8
E01000796,Bromley 009C,E09000006,Bromley,30.1,7964,3,0.2,4535,2,0.2,6085,2,22.6,12151,4,0.0,15806,5,0.2,13933,5,32.3,5477,2,14.8,19355,6
E01000797,Bromley 013E,E09000006,Bromley,13.5,20518,7,0.1,24859,8,0.1,20102,7,3.0,29759,10,-0.8,26756,9,0.8,5310,2,26.8,9491,3,26.2,11028,4
E01000798,Bromley 009D,E09000006,Bromley,42.1,3678,2,0.3,2851,1,0.2,4295,2,33.2,7363,3,0.3,11895,4,1.2,2298,1,33.8,4652,2,32.6,7409,3
E01000799,Bromley 004A,E09000006,Bromley,19.4,14874,5,0.1,14179,5,0.1,13913,5,8.1,23817,8,-0.7,26257,8,0.8,5342,2,24.7,11452,4,33.4,7021,3
E01000800,Bromley 009E,E09000006,Bromley,28.1,8996,3,0.2,7874,3,0.1,9534,3,18.2,14958,5,-0.4,22181,7,1.1,2641,1,30.9,6383,2,28.5,9642,3
E01000801,Bromley 015E,E09000006,Bromley,18.2,15958,5,0.1,14328,5,0.1,14468,5,13.8,18341,6,-0.6,24273,8,0.2,13220,5,26.4,9791,3,29.7,9002,3
E01000802,Bromley 004B,E09000006,Bromley,19.8,14577,5,0.1,12127,4,0.1,16412,5,6.3,25851,8,-0.6,24957,8,0.4,10504,4,26.9,9411,3,43.1,3390,2
E01000803,Bromley 004C,E09000006,Bromley,17.2,16781,6,0.1,14233,5,0.1,16370,5,6.9,25194,8,-0.4,22411,7,0.1,15730,5,29.8,7120,3,30.2,8694,3
E01000804,Bromley 004D,E09000006,Bromley,8.3,26655,9,0.1,26157,8,0.0,27379,9,2.9,29917,10,-1.3,30978,10,0.3,11826,4,21.8,14602,5,23.2,13010,4
E01000805,Bromley 004E,E09000006,Bromley,21.8,12954,4,0.1,12174,4,0.1,17766,6,14.8,17462,6,-0.3,21391,7,0.7,6038,2,24.5,11587,4,43.5,3290,2
E01000806,Bromley 009F,E09000006,Bromley,25.7,10370,4,0.2,7318,3,0.1,11780,4,19.1,14314,5,-0.1,17794,6,0.3,11747,4,33.1,5026,2,28.5,9663,3
E01000807,Bromley 022C,E09000006,Bromley,6.0,29408,9,0.0,28900,9,0.0,28223,9,3.4,29200,9,-1.4,31365,10,-0.4,22343,7,20.1,16528,6,22.5,13484,5
E01000808,Bromley 025A,E09000006,Bromley,7.0,28321,9,0.1,25931,8,0.1,21796,7,3.8,28734,9,-1.3,31094,10,-0.6,25107,8,23.1,13150,5,9.9,24121,8
E01000809,Bromley 022D,E09000006,Bromley,4.2,31318,10,0.0,31302,10,0.0,30334,10,5.0,27348,9,-1.5,31676,10,-0.7,26093,8,21.2,15316,5,11.3,22689,7
E01000810,Bromley 025B,E09000006,Bromley,2.3,32559,10,0.0,32498,10,0.0,32332,10,2.2,30633,10,-1.9,32557,10,-0.8,27243,9,15.6,22172,7,10.9,23093,8
E01000811,Bromley 025C,E09000006,Bromley,5.1,30389,10,0.0,30598,10,0.0,30314,10,4.5,27914,9,-1.4,31130,10,-0.2,19913,7,19.6,17077,6,16.5,17970,6
E01000812,Bromley 028D,E09000006,Bromley,10.2,24258,8,0.1,19555,6,0.1,21230,7,5.5,26676,9,-1.2,30132,10,-0.1,17615,6,22.7,13517,5,16.5,17979,6
E01000813,Bromley 025D,E09000006,Bromley,3.3,32063,10,0.0,30905,10,0.0,30361,10,5.8,26390,9,-1.5,31815,10,-0.5,24327,8,11.1,27513,9,11.2,22793,7
E01000814,Bromley 028E,E09000006,Bromley,4.3,31234,10,0.0,32379,10,0.0,32245,10,0.8,32215,10,-1.9,32527,10,-0.2,18961,6,23.5,12712,4,12.4,21563,7
E01000815,Bromley 025E,E09000006,Bromley,2.6,32451,10,0.0,32719,10,0.0,32590,10,2.4,30423,10,-2.0,32634,10,-0.7,26669,9,17.7,19570,6,10.9,23064,8
E01000816,Bromley 040A,E09000006,Bromley,14.1,19874,7,0.1,18903,6,0.1,20362,7,14.0,18125,6,-1.0,28976,9,0.4,10975,4,27.1,9164,3,20.8,14677,5
E01000818,Bromley 040B,E09000006,Bromley,13.5,20548,7,0.1,22262,7,0.1,22476,7,10.1,21734,7,-1.4,31275,10,0.6,8073,3,32.8,5170,2,17.9,16880,6
E01000819,Bromley 040C,E09000006,Bromley,26.5,9866,4,0.2,7069,3,0.1,9650,3,16.0,16581,6,-0.2,19828,7,0.6,7176,3,32.7,5262,2,24.5,12117,4
E01000820,Bromley 008C,E09000006,Bromley,21.1,13461,5,0.1,11662,4,0.1,8883,3,6.9,25186,8,-0.1,17666,6,0.6,7620,3,22.7,13480,5,20.9,14650,5
E01000822,Bromley 008D,E09000006,Bromley,13.3,20757,7,0.1,16093,5,0.1,19818,7,6.9,25117,8,-0.2,18773,6,-0.1,18064,6,20.8,15744,5,21.5,14204,5
E01000823,Bromley 008E,E09000006,Bromley,11.6,22675,7,0.1,23310,8,0.1,22919,7,1.9,31023,10,-0.8,26726,9,0.7,6665,3,24.9,11195,4,20.2,15130,5
E01000824,Bromley 008F,E09000006,Bromley,15.4,18531,6,0.1,15600,5,0.1,17648,6,3.2,29539,9,-0.4,22560,7,0.3,11845,4,25.3,10803,4,28.5,9675,3
E01000825,Bromley 008G,E09000006,Bromley,17.0,16991,6,0.1,15863,5,0.1,14445,5,7.2,24827,8,-0.4,22388,7,-0.5,23156,8,30.1,6920,3,33.0,7222,3
E01000826,Bromley 021A,E09000006,Bromley,4.3,31197,10,0.0,32388,10,0.0,32157,10,1.2,31793,10,-1.6,31981,10,-0.9,28545,9,26.6,9655,3,14.8,19405,6
E01000827,Bromley 021B,E09000006,Bromley,5.2,30326,10,0.1,26147,8,0.0,29788,10,3.4,29253,9,-1.7,32270,10,-1.0,28895,9,23.3,12838,4,12.5,21548,7
E01000828,Bromley 011E,E09000006,Bromley,10.1,24387,8,0.1,21571,7,0.1,21736,7,2.5,30286,10,-1.2,29956,10,-0.5,23672,8,30.7,6474,2,16.6,17936,6
E01000829,Bromley 018E,E09000006,Bromley,6.1,29353,9,0.0,26365,9,0.0,29083,9,3.4,29272,9,-1.5,31675,10,-0.9,28464,9,24.9,11176,4,17.1,17483,6
E01000830,Bromley 021C,E09000006,Bromley,3.7,31714,10,0.0,32782,10,0.0,32644,10,1.2,31840,10,-1.9,32555,10,-0.7,26305,9,23.7,12424,4,14.5,19633,6
E01000831,Bromley 021D,E09000006,Bromley,8.2,26887,9,0.1,21908,7,0.1,24785,8,1.5,31470,10,-1.3,30665,10,-1.2,30191,10,28.2,8273,3,16.5,17968,6
E01000832,Bromley 030A,E09000006,Bromley,6.0,29475,9,0.0,29963,10,0.0,29611,10,2.3,30563,10,-1.4,31338,10,-0.4,22685,7,28.8,7815,3,12.3,21729,7
E01000833,Bromley 021E,E09000006,Bromley,2.8,32354,10,0.0,32238,10,0.0,32394,10,2.4,30458,10,-1.8,32459,10,-1.2,30239,10,19.9,16745,6,10.9,23155,8
E01000834,Bromley 027E,E09000006,Bromley,4.9,30642,10,0.0,29810,10,0.0,30384,10,5.0,27306,9,-1.5,31798,10,-1.1,29703,10,23.8,12356,4,14.1,19997,7
E01000835,Bromley 030B,E09000006,Bromley,7.3,27931,9,0.1,21680,7,0.0,27253,9,6.2,25930,8,-1.2,30371,10,-0.6,25449,8,18.2,18842,6,19.7,15534,5
E01000836,Bromley 030C,E09000006,Bromley,5.6,29957,10,0.0,30560,10,0.0,30765,10,4.1,28469,9,-1.5,31811,10,-1.1,29590,10,29.0,7699,3,14.6,19574,6
E01000837,Bromley 030D,E09000006,Bromley,10.2,24247,8,0.1,23135,8,0.1,19046,6,6.4,25694,8,-0.6,24585,8,-0.3,21422,7,24.6,11543,4,13.0,21080,7
E01000838,Bromley 030E,E09000006,Bromley,5.0,30500,10,0.0,32095,10,0.0,29203,9,5.4,26827,9,-1.1,29773,10,-0.5,23265,8,22.0,14374,5,12.7,21331,7
E01000839,Bromley 030F,E09000006,Bromley,4.3,31198,10,0.0,32651,10,0.0,32136,10,3.0,29690,10,-1.7,32125,10,-0.4,22047,7,23.5,12665,4,13.3,20770,7
E01000840,Bromley 030G,E09000006,Bromley,10.4,24041,8,0.1,25193,8,0.1,22036,7,4.2,28268,9,-0.6,25165,8,-1.1,29693,10,34.9,4144,2,16.5,17969,6
E01000841,Bromley 030H,E09000006,Bromley,4.5,30964,10,0.0,29843,10,0.0,29714,10,5.3,26925,9,-1.5,31728,10,-0.8,27091,9,17.6,19670,6,17.4,17273,6
E01032562,Bromley 040D,E09000006,Bromley,32.5,6897,3,0.2,4592,2,0.2,5387,2,28.2,9327,3,-0.3,20031,7,0.4,10429,4,32.1,5597,2,26.2,11058,4
E01032563,Bromley 040E,E09000006,Bromley,8.9,25895,8,0.0,28187,9,0.0,29266,9,3.5,29185,9,-0.8,27288,9,0.7,6981,3,22.4,13877,5,20.0,15325,5
E01032568,Bromley 041E,E09000006,Bromley,25.5,10457,4,0.2,7613,3,0.1,10755,4,25.9,10349,4,-0.2,19799,7,0.4,10803,4,29.9,7039,3,23.5,12757,4
E01032570,Bromley 042D,E09000006,Bromley,12.5,21598,7,0.1,14177,5,0.1,16207,5,12.0,19961,7,-1.1,29629,10,-0.5,24351,8,22.3,14017,5,7.2,27009,9
E01000842,Camden 011A,E09000007,Camden,8.5,26391,9,0.1,25618,8,0.0,26950,9,5.4,26832,9,-1.5,31569,10,0.0,16679,6,20.7,15883,5,28.6,9631,3
E01000843,Camden 014A,E09000007,Camden,13.6,20412,7,0.1,13210,5,0.1,23273,8,5.2,27116,9,-1.4,31419,10,0.0,16140,5,22.1,14183,5,33.5,6948,3
E01000844,Camden 011B,E09000007,Camden,9.8,24762,8,0.1,25915,8,0.0,27271,9,1.4,31617,10,-1.2,30541,10,0.4,10865,4,19.6,17123,6,36.3,5694,2
E01000845,Camden 014B,E09000007,Camden,11.3,22982,7,0.1,19846,7,0.1,24313,8,4.8,27601,9,-0.9,27737,9,0.6,7515,3,16.4,21142,7,25.2,11650,4
E01000846,Camden 014C,E09000007,Camden,22.1,12675,4,0.2,8658,3,0.1,9008,3,7.1,24890,8,-0.5,22854,7,0.4,9870,4,21.5,14943,5,30.2,8661,3
E01000847,Camden 014D,E09000007,Camden,17.1,16872,6,0.2,10258,4,0.1,14432,5,6.3,25791,8,-0.9,27589,9,0.2,13745,5,20.9,15599,5,27.4,10302,4
E01000848,Camden 011C,E09000007,Camden,6.0,29434,9,0.0,27581,9,0.0,30998,10,4.6,27750,9,-2.1,32668,10,0.0,16558,6,16.6,20967,7,23.1,13049,4
E01000849,Camden 011D,E09000007,Camden,7.7,27430,9,0.0,28141,9,0.0,30762,10,11.1,20773,7,-1.2,29985,10,-0.1,18614,6,18.6,18312,6,27.8,10051,4
E01000850,Camden 026A,E09000007,Camden,14.3,19686,6,0.1,23331,8,0.0,28884,9,4.7,27718,9,-1.4,31342,10,0.4,10584,4,26.9,9335,3,53.3,1402,1
E01000851,Camden 026B,E09000007,Camden,15.0,18953,6,0.0,27860,9,0.0,30738,10,6.9,25104,8,-1.2,30485,10,-0.1,17753,6,25.5,10685,4,74.0,45,1
E01000852,Camden 026C,E09000007,Camden,14.6,19304,6,0.1,22053,7,0.0,26666,9,1.3,31671,10,-0.6,24947,8,0.5,9260,3,26.5,9742,3,48.2,2218,1
E01000853,Camden 025A,E09000007,Camden,30.8,7640,3,0.2,5183,2,0.2,4520,2,11.1,20776,7,0.0,16678,6,0.6,7949,3,21.2,15258,5,37.0,5384,2
E01000854,Camden 026D,E09000007,Camden,15.8,18104,6,0.1,13625,5,0.1,21112,7,7.0,25059,8,-0.4,22350,7,-0.4,22453,7,26.3,9899,4,37.5,5165,2
E01000855,Camden 028A,E09000007,Camden,14.7,19276,6,0.0,26530,9,0.0,28615,9,5.3,27009,9,-1.0,29014,9,0.4,11059,4,29.2,7490,3,55.5,1132,1
E01000856,Camden 019A,E09000007,Camden,31.4,7345,3,0.2,6115,2,0.1,8413,3,13.1,18958,6,0.5,9671,3,1.3,1714,1,22.5,13726,5,32.4,7539,3
E01000857,Camden 018A,E09000007,Camden,14.9,19069,6,0.1,12128,4,0.1,14607,5,2.7,30103,10,-0.5,23320,8,-0.2,19446,6,16.0,21610,7,27.2,10410,4
E01000858,Camden 018B,E09000007,Camden,37.7,4987,2,0.3,3559,2,0.2,5312,2,13.1,18976,6,0.3,11236,4,1.8,405,1,25.2,10906,4,27.9,10045,4
E01000859,Camden 018C,E09000007,Camden,7.2,28039,9,0.1,26241,8,0.0,26595,9,3.4,29294,9,-1.6,31915,10,-0.3,21015,7,16.5,21028,7,29.6,9051,3
E01000860,Camden 018D,E09000007,Camden,17.7,16393,5,0.2,9299,3,0.1,18971,6,5.6,26645,9,-0.6,24814,8,0.2,13285,5,24.9,11175,4,31.2,8147,3
E01000861,Camden 019B,E09000007,Camden,33.5,6470,2,0.2,8227,3,0.1,8660,3,4.6,27733,9,0.2,12887,4,1.7,505,1,25.5,10667,4,55.0,1193,1
E01000862,Camden 018E,E09000007,Camden,10.9,23485,8,0.0,27159,9,0.0,28745,9,1.0,32046,10,-1.3,30977,10,1.0,3722,2,18.2,18909,6,34.3,6532,2
E01000863,Camden 021A,E09000007,Camden,34.4,6114,2,0.2,9758,3,0.1,7814,3,13.0,19076,6,0.7,6888,3,1.7,571,1,27.1,9209,3,42.3,3599,2
E01000864,Camden 015A,E09000007,Camden,17.9,16182,5,0.1,14899,5,0.1,16281,5,2.5,30327,10,-0.6,24737,8,0.7,6966,3,26.7,9575,3,35.1,6179,2
E01000865,Camden 015B,E09000007,Camden,13.2,20799,7,0.1,23464,8,0.0,26045,8,2.6,30190,10,-0.3,19996,7,0.4,10136,4,21.3,15126,5,42.0,3658,2
E01000866,Camden 009A,E09000007,Camden,22.4,12432,4,0.2,10424,4,0.1,11343,4,3.6,28994,9,-0.3,21252,7,0.4,10964,4,23.4,12758,4,47.3,2396,1
E01000867,Camden 015C,E09000007,Camden,28.4,8822,3,0.2,5547,2,0.1,9425,3,21.6,12784,4,-0.1,17222,6,0.4,10451,4,24.8,11322,4,37.2,5297,2
E01000868,Camden 015D,E09000007,Camden,39.3,4488,2,0.2,4088,2,0.2,4288,2,18.0,15155,5,0.5,9688,3,0.7,6828,3,31.5,5951,2,52.0,1578,1
E01000869,Camden 015E,E09000007,Camden,22.1,12664,4,0.2,9484,3,0.1,12214,4,5.7,26513,9,0.0,15470,5,0.4,10405,4,23.2,12948,4,35.9,5835,2
E01000870,Camden 009B,E09000007,Camden,26.8,9686,3,0.2,7597,3,0.1,7314,3,7.5,24472,8,0.0,16551,6,0.7,6977,3,21.7,14684,5,39.0,4609,2
E01000871,Camden 005A,E09000007,Camden,14.2,19707,7,0.1,15351,5,0.1,20050,7,4.4,28079,9,-1.3,30616,10,0.9,4686,2,18.8,18152,6,23.0,13146,5
E01000872,Camden 005B,E09000007,Camden,24.3,11176,4,0.2,9914,4,0.1,10964,4,8.8,23082,8,0.0,16080,5,0.8,5219,2,24.3,11862,4,35.7,5926,2
E01000873,Camden 005C,E09000007,Camden,8.6,26279,9,0.1,20918,7,0.1,24022,8,8.4,23543,8,-0.9,28325,9,-0.5,23158,8,14.6,23584,8,22.1,13789,5
E01000874,Camden 005D,E09000007,Camden,4.9,30591,10,0.0,29813,10,0.0,31262,10,2.6,30209,10,-1.5,31669,10,-0.7,25643,8,13.6,24717,8,29.5,9114,3
E01000875,Camden 013A,E09000007,Camden,21.8,12887,4,0.2,9775,3,0.1,12340,4,13.2,18913,6,-0.5,22771,7,0.8,5030,2,22.7,13510,5,25.8,11281,4
E01000876,Camden 013B,E09000007,Camden,29.9,8051,3,0.2,5318,2,0.1,6898,3,15.4,17080,6,0.4,9889,4,0.4,9905,4,26.8,9505,3,26.5,10894,4
E01000877,Camden 005E,E09000007,Camden,11.2,23154,8,0.1,19085,6,0.1,20015,7,4.8,27571,9,-0.5,23955,8,-0.4,22385,7,17.5,19781,7,28.1,9905,4
E01000878,Camden 004A,E09000007,Camden,5.6,29860,10,0.0,26800,9,0.0,31928,10,6.7,25333,8,-1.8,32413,10,-0.7,26140,8,18.4,18626,6,23.3,12904,4
E01000879,Camden 004B,E09000007,Camden,5.9,29597,10,0.0,29327,9,0.0,31036,10,3.9,28645,9,-2.1,32659,10,-0.3,21113,7,15.7,22114,7,30.5,8513,3
E01000880,Camden 004C,E09000007,Camden,6.1,29333,9,0.0,29715,10,0.0,31314,10,1.5,31445,10,-2.3,32748,10,-0.4,22550,7,21.5,14944,5,30.2,8709,3
E01000881,Camden 008A,E09000007,Camden,13.4,20586,7,0.1,17216,6,0.1,21132,7,11.7,20215,7,-1.2,30532,10,-0.2,19869,7,23.0,13259,5,33.6,6894,3
E01000882,Camden 008B,E09000007,Camden,4.3,31192,10,0.0,32407,10,0.0,32701,10,1.1,31917,10,-2.3,32757,10,-0.7,26068,8,16.8,20748,7,29.5,9082,3
E01000883,Camden 008C,E09000007,Camden,9.5,25075,8,0.1,26239,8,0.0,31142,10,1.8,31090,10,-1.6,31989,10,0.5,9213,3,23.2,12993,4,33.9,6756,3
E01000884,Camden 004D,E09000007,Camden,5.3,30248,10,0.0,29565,10,0.0,28368,9,1.1,31935,10,-2.0,32601,10,-0.7,25836,8,20.5,16128,5,22.6,13385,5
E01000885,Camden 004E,E09000007,Camden,7.0,28290,9,0.0,29357,9,0.0,32074,10,6.5,25577,8,-2.0,32637,10,-0.2,19745,7,24.6,11569,4,26.4,10944,4
E01000886,Camden 006A,E09000007,Camden,9.1,25622,8,0.1,20396,7,0.1,23895,8,3.9,28613,9,-1.5,31677,10,-0.3,20363,7,15.5,22350,7,29.9,8858,3
E01000887,Camden 006B,E09000007,Camden,13.1,20985,7,0.1,17838,6,0.1,19243,6,6.1,26108,8,-0.9,27641,9,0.5,9554,3,18.1,19030,6,26.3,10992,4
E01000888,Camden 006C,E09000007,Camden,14.6,19356,6,0.1,17438,6,0.1,16252,5,6.5,25591,8,-0.7,26411,9,0.3,11208,4,18.2,18878,6,31.6,7947,3
E01000889,Camden 007A,E09000007,Camden,30.9,7620,3,0.2,5054,2,0.2,5078,2,24.4,11132,4,0.4,10124,4,0.2,13571,5,18.8,18159,6,26.3,11013,4
E01000890,Camden 007B,E09000007,Camden,40.9,4006,2,0.3,2402,1,0.2,2021,1,33.6,7225,3,0.6,7763,3,0.4,10386,4,21.7,14706,5,20.2,15105,5
E01000891,Camden 007C,E09000007,Camden,38.3,4795,2,0.3,2965,1,0.2,3664,2,29.6,8763,3,0.5,9144,3,0.8,5564,2,26.2,10012,4,20.1,15187,5
E01000892,Camden 006D,E09000007,Camden,15.8,18135,6,0.1,11256,4,0.1,15205,5,8.7,23190,8,-1.3,30793,10,0.4,10156,4,17.6,19606,6,20.7,14754,5
E01000893,Camden 002A,E09000007,Camden,5.3,30202,10,0.0,29201,9,0.0,29969,10,1.2,31805,10,-1.7,32258,10,-0.2,20281,7,18.8,18156,6,22.2,13698,5
E01000894,Camden 002B,E09000007,Camden,6.6,28780,9,0.0,30894,10,0.0,31646,10,10.9,20986,7,-1.9,32534,10,0.1,15700,5,12.6,25841,8,29.3,9226,3
E01000895,Camden 002C,E09000007,Camden,8.4,26602,9,0.1,18320,6,0.0,26619,9,5.1,27133,9,-0.8,26755,9,-0.7,26614,9,15.2,22800,7,22.8,13249,5
E01000896,Camden 002D,E09000007,Camden,5.7,29763,10,0.0,31834,10,0.0,32030,10,2.9,29842,10,-2.1,32693,10,0.1,14353,5,13.9,24386,8,30.2,8664,3
E01000897,Camden 008D,E09000007,Camden,5.4,30122,10,0.0,30822,10,0.0,30989,10,1.8,31154,10,-2.1,32674,10,0.2,13725,5,11.9,26692,9,26.7,10754,4
E01000898,Camden 008E,E09000007,Camden,11.8,22390,7,0.1,15739,5,0.1,22836,7,8.9,22924,7,-0.2,19396,6,-0.9,28141,9,24.0,12158,4,14.8,19364,6
E01000899,Camden 002E,E09000007,Camden,6.0,29501,9,0.0,32705,10,0.0,32761,10,3.1,29613,10,-2.8,32829,10,0.0,16786,6,12.9,25562,8,36.6,5528,2
E01000900,Camden 012A,E09000007,Camden,26.0,10171,4,0.2,9455,3,0.1,9733,3,18.2,14971,5,-0.1,17006,6,1.1,3008,1,19.6,17178,6,32.0,7729,3
E01000901,Camden 007D,E09000007,Camden,30.4,7868,3,0.2,4116,2,0.2,6137,2,25.2,10719,4,-0.1,17041,6,0.5,9483,3,22.8,13448,5,21.8,13949,5
E01000902,Camden 012B,E09000007,Camden,36.2,5453,2,0.3,2894,1,0.2,4800,2,19.7,13926,5,0.6,7757,3,0.7,5999,2,26.0,10136,4,22.0,13865,5
E01000903,Camden 006E,E09000007,Camden,18.9,15302,5,0.2,9868,4,0.1,14560,5,3.7,28851,9,-0.3,21000,7,0.6,8104,3,18.2,18795,6,31.1,8224,3
E01000904,Camden 012C,E09000007,Camden,24.6,11021,4,0.2,7498,3,0.1,11490,4,15.8,16774,6,-0.5,23128,8,1.1,2754,1,21.8,14607,5,23.8,12585,4
E01000905,Camden 012D,E09000007,Camden,38.1,4848,2,0.3,2490,1,0.2,4955,2,24.8,10923,4,0.5,8821,3,1.0,3588,2,22.7,13552,5,27.0,10578,4
E01000906,Camden 012E,E09000007,Camden,10.4,23987,8,0.1,21035,7,0.0,25070,8,1.2,31771,10,-0.9,28324,9,0.6,7966,3,18.4,18641,6,24.4,12135,4
E01000907,Camden 001A,E09000007,Camden,33.8,6341,2,0.2,4713,2,0.2,4083,2,19.1,14347,5,0.3,11363,4,1.1,2784,1,21.1,15367,5,18.5,16399,5
E01000908,Camden 001B,E09000007,Camden,27.2,9462,3,0.2,6585,3,0.2,6128,2,15.1,17264,6,-0.2,18475,6,0.2,13796,5,23.2,12982,4,33.8,6781,3
E01000909,Camden 001C,E09000007,Camden,11.8,22437,7,0.1,19659,6,0.1,18405,6,2.9,29867,10,-1.5,31792,10,0.2,13068,4,16.7,20848,7,31.5,8000,3
E01000910,Camden 003A,E09000007,Camden,9.7,24847,8,0.1,25952,8,0.0,25440,8,1.2,31749,10,-1.6,31951,10,0.7,7005,3,14.8,23323,8,32.7,7343,3
E01000911,Camden 003B,E09000007,Camden,17.0,17027,6,0.2,9966,4,0.1,12063,4,5.2,27026,9,-0.8,26689,9,0.2,13773,5,17.0,20488,7,22.1,13766,5
E01000912,Camden 001D,E09000007,Camden,22.3,12523,4,0.2,7971,3,0.1,11392,4,11.2,20743,7,-0.2,19402,6,0.7,6099,2,18.9,17950,6,24.4,12195,4
E01000913,Camden 001E,E09000007,Camden,9.3,25415,8,0.0,31900,10,0.0,30140,10,1.6,31309,10,-1.6,31923,10,1.0,3662,2,17.1,20297,7,31.7,7906,3
E01000914,Camden 028B,E09000007,Camden,13.1,20943,7,0.1,20944,7,0.1,24096,8,7.6,24400,8,-1.5,31642,10,-0.4,22616,7,22.2,14030,5,49.8,1948,1
E01000915,Camden 027A,E09000007,Camden,23.1,12012,4,0.2,6958,3,0.1,10994,4,13.8,18368,6,-0.4,21966,7,-0.8,27466,9,23.7,12473,4,41.0,3964,2
E01000916,Camden 027B,E09000007,Camden,19.5,14830,5,0.1,12013,4,0.1,15575,5,10.9,20960,7,-0.7,25554,8,-1.0,28879,9,25.3,10799,4,51.3,1702,1
E01000917,Camden 027C,E09000007,Camden,35.0,5902,2,0.3,2945,1,0.2,3496,2,19.1,14339,5,-0.1,16859,6,0.1,15120,5,22.3,13940,5,39.3,4523,2
E01000918,Camden 028C,E09000007,Camden,20.7,13788,5,0.1,12436,4,0.1,15092,5,9.5,22413,7,-1.0,28679,9,0.3,11597,4,23.5,12711,4,52.4,1517,1
E01000919,Camden 028D,E09000007,Camden,21.7,12962,4,0.1,14218,5,0.1,16335,5,10.5,21328,7,-0.3,20693,7,0.8,5143,2,23.4,12739,4,48.2,2221,1
E01000920,Camden 027D,E09000007,Camden,15.0,18902,6,0.1,14510,5,0.1,19426,6,3.9,28692,9,-0.7,25517,8,-0.5,23762,8,21.4,15017,5,43.6,3283,1
E01000921,Camden 003C,E09000007,Camden,15.2,18723,6,0.1,18572,6,0.1,21254,7,3.2,29510,9,-0.4,21559,7,0.7,7002,3,22.1,14264,5,35.5,6013,2
E01000922,Camden 007E,E09000007,Camden,21.7,12979,4,0.2,9614,3,0.1,11984,4,9.2,22703,7,0.1,14343,5,0.2,12925,4,22.7,13567,5,31.7,7908,3
E01000923,Camden 003D,E09000007,Camden,19.4,14943,5,0.1,13191,5,0.1,11986,4,3.5,29155,9,0.2,13405,5,0.6,7683,3,19.3,17483,6,25.6,11402,4
E01000924,Camden 009C,E09000007,Camden,13.3,20738,7,0.1,16420,5,0.1,20211,7,2.3,30568,10,-1.0,28872,9,0.4,11140,4,19.1,17736,6,32.9,7265,3
E01000925,Camden 009D,E09000007,Camden,29.4,8318,3,0.3,3920,2,0.2,6479,2,16.5,16195,5,0.2,13614,5,0.1,14729,5,22.9,13326,5,26.4,10928,4
E01000926,Camden 009E,E09000007,Camden,17.4,16623,6,0.1,10561,4,0.1,17162,6,4.3,28125,9,0.1,14660,5,0.2,13586,5,20.1,16510,6,25.1,11710,4
E01000927,Camden 007F,E09000007,Camden,14.9,18974,6,0.1,16950,6,0.1,19526,6,5.6,26622,9,-0.4,22569,7,0.7,6670,3,16.1,21562,7,31.6,7949,3
E01000928,Camden 003E,E09000007,Camden,20.3,14085,5,0.1,10682,4,0.1,11309,4,5.7,26540,9,-0.2,18786,6,0.3,12475,4,18.7,18251,6,36.2,5728,2
E01000929,Camden 020A,E09000007,Camden,25.4,10528,4,0.2,6498,2,0.1,9291,3,18.6,14700,5,-0.1,16981,6,0.3,11605,4,20.4,16163,5,30.1,8716,3
E01000930,Camden 020B,E09000007,Camden,30.8,7671,3,0.2,4064,2,0.1,9908,4,17.1,15773,5,0.0,15929,5,0.7,6680,3,25.1,10959,4,40.8,4006,2
E01000931,Camden 013C,E09000007,Camden,34.6,6050,2,0.3,3955,2,0.2,6124,2,11.9,20079,7,-0.1,17336,6,1.5,1009,1,25.4,10734,4,33.0,7205,3
E01000932,Camden 013D,E09000007,Camden,20.0,14310,5,0.2,9287,3,0.1,12924,4,10.7,21219,7,0.1,14950,5,0.4,10821,4,17.9,19209,6,21.6,14119,5
E01000933,Camden 020C,E09000007,Camden,25.7,10342,4,0.2,9691,3,0.1,11881,4,9.5,22347,7,-0.4,22026,7,1.3,1567,1,18.1,19044,6,44.6,2982,1
E01000934,Camden 020D,E09000007,Camden,35.4,5734,2,0.3,3267,1,0.2,3996,2,7.4,24572,8,0.8,6275,2,0.3,11421,4,27.9,8499,3,30.1,8769,3
E01000935,Camden 020E,E09000007,Camden,32.3,6954,3,0.3,2969,1,0.2,5353,2,14.0,18138,6,0.1,15134,5,0.1,14955,5,31.8,5758,2,24.1,12363,4
E01000936,Camden 024A,E09000007,Camden,21.5,13208,5,0.1,10735,4,0.1,16109,5,20.0,13780,5,-0.7,26047,8,0.1,15221,5,23.8,12358,4,46.6,2533,1
E01000937,Camden 025B,E09000007,Camden,14.3,19616,6,0.1,22586,7,0.0,28629,9,10.8,21048,7,-0.9,28069,9,0.6,7760,3,27.4,8911,3,39.8,4332,2
E01000938,Camden 024B,E09000007,Camden,33.7,6387,2,0.2,8029,3,0.1,9093,3,16.2,16387,5,0.2,13128,4,1.3,1972,1,25.3,10827,4,59.9,690,1
E01000939,Camden 024C,E09000007,Camden,39.1,4547,2,0.3,3310,2,0.2,4736,2,29.7,8707,3,0.2,12694,4,1.3,1958,1,23.0,13215,5,36.6,5532,2
E01000940,Camden 024D,E09000007,Camden,19.7,14633,5,0.1,11030,4,0.1,16975,6,8.6,23256,8,-0.2,19309,6,0.2,13925,5,24.9,11211,4,39.4,4473,2
E01000941,Camden 025C,E09000007,Camden,38.0,4860,2,0.3,3178,1,0.2,4445,2,17.2,15669,5,0.5,8993,3,1.2,2440,1,22.3,13955,5,34.7,6394,2
E01000942,Camden 025D,E09000007,Camden,15.3,18602,6,0.1,23530,8,0.0,29822,10,12.9,19162,6,-1.2,30494,10,-0.1,18859,6,22.3,14001,5,65.8,251,1
E01000943,Camden 025E,E09000007,Camden,19.8,14517,5,0.1,15079,5,0.1,11042,4,1.3,31711,10,-0.7,25868,8,0.3,11189,4,26.4,9842,3,43.9,3186,1
E01000944,Camden 023A,E09000007,Camden,22.7,12258,4,0.2,8019,3,0.1,12535,4,28.9,9026,3,-0.3,21376,7,-0.3,21016,7,22.9,13348,5,29.6,9052,3
E01000945,Camden 023B,E09000007,Camden,29.5,8263,3,0.2,7197,3,0.1,9707,3,19.1,14320,5,0.6,8036,3,0.2,13447,5,23.4,12762,4,46.1,2651,1
E01000946,Camden 021B,E09000007,Camden,14.8,19148,6,0.1,12726,4,0.1,19827,7,9.4,22508,7,-0.7,25394,8,-0.8,27193,9,21.2,15255,5,35.1,6180,2
E01000947,Camden 021C,E09000007,Camden,24.7,10959,4,0.2,9881,4,0.1,10600,4,7.1,24965,8,0.1,14512,5,0.5,8695,3,27.3,8975,3,39.4,4445,2
E01000948,Camden 021D,E09000007,Camden,28.9,8522,3,0.2,10200,4,0.1,10244,4,8.2,23719,8,-0.2,19171,6,1.8,398,1,25.3,10807,4,40.6,4056,2
E01000949,Camden 023C,E09000007,Camden,19.6,14696,5,0.2,9864,4,0.1,12451,4,16.5,16168,5,0.1,14027,5,-0.8,26826,9,19.4,17336,6,24.8,11934,4
E01000950,Camden 023D,E09000007,Camden,39.7,4347,2,0.3,2343,1,0.2,4344,2,37.5,6056,2,0.5,9620,3,0.2,13875,5,23.9,12227,4,39.7,4353,2
E01000951,Camden 023E,E09000007,Camden,34.2,6164,2,0.3,2536,1,0.2,6476,2,24.0,11318,4,0.3,11897,4,0.3,12697,4,22.4,13852,5,35.3,6097,2
E01000952,Camden 022A,E09000007,Camden,33.4,6511,2,0.2,4990,2,0.2,6034,2,22.0,12528,4,0.3,11582,4,1.0,3627,2,23.7,12454,4,31.2,8173,3
E01000953,Camden 022B,E09000007,Camden,37.2,5146,2,0.3,3785,2,0.1,8256,3,23.1,11853,4,0.6,8266,3,1.7,600,1,21.7,14667,5,33.2,7113,3
E01000954,Camden 022C,E09000007,Camden,34.9,5931,2,0.3,3203,1,0.2,4608,2,37.1,6162,2,0.4,10944,4,-0.5,23410,8,21.7,14626,5,31.1,8184,3
E01000955,Camden 022D,E09000007,Camden,33.2,6579,3,0.2,5633,2,0.2,5797,2,33.0,7439,3,0.2,12542,4,0.8,5240,2,21.6,14832,5,31.1,8180,3
E01000956,Camden 022E,E09000007,Camden,33.6,6420,2,0.2,5146,2,0.1,7144,3,26.2,10197,4,0.0,15490,5,0.8,5745,2,23.5,12612,4,47.2,2420,1
E01000957,Camden 019C,E09000007,Camden,26.3,9984,4,0.2,6345,2,0.1,8248,3,11.4,20480,7,-0.1,17022,6,0.6,7863,3,25.6,10542,4,26.7,10765,4
E01000958,Camden 019D,E09000007,Camden,24.5,11047,4,0.2,6933,3,0.1,11311,4,16.1,16501,6,0.5,9028,3,0.0,16078,5,22.3,14000,5,24.1,12374,4
E01000959,Camden 019E,E09000007,Camden,39.0,4567,2,0.3,3570,2,0.2,5939,2,27.5,9603,3,0.4,9939,4,1.3,1818,1,24.9,11265,4,39.8,4322,2
E01000960,Camden 017A,E09000007,Camden,16.5,17492,6,0.1,14178,5,0.1,20536,7,12.7,19339,6,-1.0,29128,9,0.3,11846,4,27.9,8511,3,31.2,8156,3
E01000961,Camden 017B,E09000007,Camden,22.6,12315,4,0.2,8389,3,0.1,8970,3,12.1,19837,7,-0.7,25788,8,0.6,8400,3,21.4,15006,5,27.6,10216,4
E01000962,Camden 016A,E09000007,Camden,6.1,29401,9,0.0,29249,9,0.0,30941,10,2.9,29873,10,-1.1,29340,9,-0.3,21478,7,21.0,15447,5,24.0,12388,4
E01000963,Camden 017C,E09000007,Camden,8.8,26116,8,0.1,23658,8,0.0,30389,10,5.4,26896,9,-1.3,30987,10,-0.1,18440,6,19.3,17478,6,34.4,6508,2
E01000964,Camden 016B,E09000007,Camden,17.9,16265,5,0.2,9223,3,0.1,13695,5,9.4,22446,7,-0.7,25589,8,-0.6,25367,8,28.0,8420,3,21.1,14523,5
E01000965,Camden 016C,E09000007,Camden,17.4,16618,6,0.1,11070,4,0.1,16175,5,9.7,22209,7,-0.4,21518,7,0.3,11520,4,19.0,17835,6,26.9,10595,4
E01000966,Camden 016D,E09000007,Camden,7.0,28370,9,0.0,29273,9,0.0,31775,10,3.4,29307,9,-1.3,31072,10,0.2,13923,5,23.7,12477,4,22.5,13467,5
E01000967,Camden 017D,E09000007,Camden,9.3,25349,8,0.1,24531,8,0.0,27813,9,3.5,29156,9,-1.8,32405,10,0.5,9591,3,18.7,18290,6,30.3,8623,3
E01000968,Camden 016E,E09000007,Camden,14.3,19671,6,0.1,16112,5,0.1,20113,7,8.7,23232,8,-0.8,27323,9,0.7,6603,3,15.9,21821,7,26.8,10673,4
E01000969,Camden 010A,E09000007,Camden,6.3,29120,9,0.0,26957,9,0.0,31399,10,0.7,32326,10,-1.4,31166,10,-0.1,18594,6,15.5,22309,7,30.6,8473,3
E01000970,Camden 010B,E09000007,Camden,10.3,24158,8,0.1,25148,8,0.0,28500,9,2.4,30374,10,-0.4,21554,7,-0.1,18589,6,18.8,18105,6,40.2,4190,2
E01000971,Camden 010C,E09000007,Camden,7.9,27230,9,0.1,24584,8,0.0,26110,8,1.1,31908,10,-1.1,29523,9,-0.5,24029,8,14.5,23640,8,35.1,6194,2
E01000972,Camden 010D,E09000007,Camden,27.1,9542,3,0.2,6182,2,0.1,6796,3,7.5,24492,8,-0.1,17971,6,-0.1,18022,6,31.0,6278,2,34.8,6341,2
E01000973,Camden 010E,E09000007,Camden,20.6,13867,5,0.1,12290,4,0.1,14804,5,8.0,23897,8,-0.1,18066,6,0.7,6557,2,23.5,12696,4,35.0,6244,2
E01000974,Camden 013E,E09000007,Camden,25.1,10710,4,0.2,7844,3,0.1,9538,3,14.0,18126,6,-0.2,18801,6,0.6,8151,3,26.8,9437,3,29.2,9265,3
E01000975,Croydon 022A,E09000008,Croydon,17.7,16380,5,0.1,16861,6,0.1,23305,8,17.6,15380,5,-0.1,17368,6,0.1,14856,5,30.6,6569,3,34.2,6578,3
E01000976,Croydon 022B,E09000008,Croydon,25.8,10317,4,0.1,10583,4,0.1,14371,5,11.8,20191,7,0.5,9461,3,0.3,12276,4,32.5,5385,2,44.4,3045,1
E01000977,Croydon 022C,E09000008,Croydon,28.3,8864,3,0.2,6983,3,0.1,8518,3,13.9,18250,6,0.4,10181,4,0.1,14593,5,35.8,3737,2,26.2,11045,4
E01000978,Croydon 022D,E09000008,Croydon,20.6,13895,5,0.1,18537,6,0.1,19136,6,6.3,25867,8,-0.2,19395,6,-0.1,17421,6,44.7,1109,1,43.2,3360,2
E01000979,Croydon 022E,E09000008,Croydon,17.6,16495,6,0.1,17083,6,0.1,17821,6,11.5,20376,7,-0.5,22779,7,-0.3,21430,7,35.2,3981,2,34.3,6551,2
E01000980,Croydon 017A,E09000008,Croydon,26.5,9879,4,0.2,7170,3,0.1,9475,3,11.7,20204,7,0.5,9482,3,0.2,12837,4,24.0,12089,4,34.0,6702,3
E01000981,Croydon 017B,E09000008,Croydon,14.0,19959,7,0.1,16718,6,0.1,23183,8,12.8,19260,6,-0.1,18313,6,-0.2,19201,6,21.6,14792,5,28.7,9557,3
E01000982,Croydon 017C,E09000008,Croydon,18.6,15540,5,0.1,11691,4,0.1,17082,6,14.9,17428,6,-0.4,22299,7,0.2,13682,5,25.0,11115,4,31.0,8227,3
E01000983,Croydon 017D,E09000008,Croydon,13.5,20498,7,0.1,21331,7,0.1,23391,8,7.8,24114,8,-0.3,20119,7,-0.1,17656,6,24.3,11826,4,36.7,5514,2
E01000984,Croydon 022F,E09000008,Croydon,30.6,7716,3,0.2,7036,3,0.1,9722,3,14.8,17496,6,0.9,5257,2,0.2,13328,5,33.9,4615,2,35.0,6248,2
E01000985,Croydon 021A,E09000008,Croydon,8.7,26136,8,0.1,23968,8,0.0,26068,8,7.6,24426,8,-0.6,24857,8,0.1,14571,5,19.0,17812,6,15.8,18592,6
E01000986,Croydon 021B,E09000008,Croydon,13.0,21003,7,0.1,19001,6,0.1,20620,7,3.4,29297,9,-0.6,24670,8,0.3,11473,4,27.1,9199,3,22.0,13834,5
E01000987,Croydon 021C,E09000008,Croydon,9.4,25290,8,0.0,26455,9,0.0,27565,9,9.6,22263,7,-0.6,24882,8,0.2,13810,5,16.6,20876,7,28.7,9564,3
E01000989,Croydon 018A,E09000008,Croydon,12.4,21663,7,0.1,19823,7,0.1,22149,7,15.0,17361,6,-0.4,21944,7,-0.4,22741,7,27.8,8633,3,15.1,19103,6
E01000990,Croydon 045A,E09000008,Croydon,40.3,4189,2,0.3,3703,2,0.2,3416,2,36.4,6317,2,0.3,11082,4,0.3,11813,4,41.1,1903,1,25.9,11241,4
E01000991,Croydon 018B,E09000008,Croydon,8.8,25997,8,0.1,26270,8,0.0,27838,9,8.4,23552,8,-0.8,26949,9,-0.3,20914,7,29.9,7012,3,14.5,19631,6
E01000992,Croydon 014A,E09000008,Croydon,32.2,7019,3,0.2,7725,3,0.2,5618,2,21.0,13117,4,0.3,12304,4,0.7,6632,3,36.6,3355,2,26.6,10799,4
E01000993,Croydon 021D,E09000008,Croydon,12.2,21934,7,0.1,21674,7,0.0,25392,8,10.8,21060,7,-0.4,22053,7,0.2,13558,5,23.5,12673,4,26.9,10606,4
E01000994,Croydon 009A,E09000008,Croydon,19.8,14569,5,0.1,13802,5,0.1,15517,5,10.3,21515,7,-0.4,22567,7,0.6,7120,3,33.5,4790,2,23.6,12720,4
E01000995,Croydon 009B,E09000008,Croydon,20.6,13889,5,0.1,14099,5,0.1,17805,6,10.4,21450,7,-0.5,23611,8,0.6,7688,3,34.4,4350,2,36.6,5541,2
E01000996,Croydon 009C,E09000008,Croydon,19.9,14397,5,0.1,13085,4,0.1,15599,5,10.5,21350,7,0.1,14542,5,0.3,11511,4,27.9,8489,3,29.7,8999,3
E01000997,Croydon 009D,E09000008,Croydon,22.3,12509,4,0.2,9769,3,0.1,13948,5,15.4,17065,6,0.1,14014,5,0.2,13874,5,29.5,7303,3,26.9,10583,4
E01000998,Croydon 010A,E09000008,Croydon,32.6,6849,3,0.2,8422,3,0.1,8031,3,17.5,15430,5,0.2,12648,4,1.0,3649,2,41.3,1848,1,33.4,6986,3
E01000999,Croydon 009E,E09000008,Croydon,22.8,12197,4,0.1,12751,4,0.1,14216,5,15.9,16685,6,-0.2,19468,6,0.5,8661,3,26.1,10053,4,44.4,3048,1
E01001000,Croydon 010B,E09000008,Croydon,28.2,8917,3,0.1,11962,4,0.1,12288,4,15.2,17211,6,0.3,12034,4,1.2,2153,1,36.0,3611,2,32.8,7278,3
E01001001,Croydon 013A,E09000008,Croydon,37.5,5065,2,0.2,4106,2,0.1,7283,3,17.5,15477,5,0.3,11481,4,0.8,5886,2,42.1,1642,1,42.8,3443,2
E01001002,Croydon 009F,E09000008,Croydon,22.2,12648,4,0.1,12233,4,0.1,15849,5,17.5,15470,5,0.0,16144,5,0.2,14021,5,31.4,5994,2,36.8,5460,2
E01001003,Croydon 010C,E09000008,Croydon,25.0,10779,4,0.2,8508,3,0.1,13474,5,15.7,16811,6,-0.4,22521,7,0.2,13092,4,37.7,2919,1,36.3,5671,2
E01001004,Croydon 015A,E09000008,Croydon,26.9,9626,3,0.2,6566,2,0.1,10908,4,19.2,14293,5,-0.2,19671,6,0.2,13134,4,39.6,2337,1,23.4,12862,4
E01001005,Croydon 019A,E09000008,Croydon,23.2,11930,4,0.1,12607,4,0.1,17190,6,15.9,16682,6,-0.1,16797,6,0.8,5130,2,35.5,3842,2,30.0,8824,3
E01001006,Croydon 016A,E09000008,Croydon,30.7,7710,3,0.2,7672,3,0.1,12785,4,22.3,12367,4,-0.1,17495,6,0.7,6757,3,54.1,80,1,18.6,16343,5
E01001007,Croydon 016B,E09000008,Croydon,18.9,15344,5,0.1,11095,4,0.1,20203,7,14.4,17829,6,-0.6,25153,8,-0.1,18256,6,37.4,3073,1,25.4,11529,4
E01001008,Croydon 019B,E09000008,Croydon,30.4,7840,3,0.2,7231,3,0.1,11320,4,32.1,7776,3,0.3,12330,4,0.5,9446,3,37.1,3171,1,30.0,8834,3
E01001009,Croydon 019C,E09000008,Croydon,23.7,11542,4,0.2,10190,4,0.1,14297,5,12.5,19529,6,-0.2,19638,6,0.4,10706,4,37.4,3062,1,34.0,6696,3
E01001010,Croydon 019D,E09000008,Croydon,41.8,3792,2,0.2,4075,2,0.1,6850,3,42.5,4750,2,0.2,12389,4,1.3,1856,1,40.5,2053,1,35.8,5907,2
E01001011,Croydon 019E,E09000008,Croydon,30.9,7617,3,0.2,7705,3,0.1,9596,3,20.2,13664,5,-0.3,20531,7,0.9,4312,2,42.8,1465,1,31.7,7861,3
E01001012,Croydon 020A,E09000008,Croydon,37.5,5032,2,0.2,6292,2,0.1,9219,3,23.7,11518,4,0.4,10488,4,1.1,2621,1,46.5,810,1,39.2,4527,2
E01001013,Croydon 020B,E09000008,Croydon,46.1,2836,1,0.3,2862,1,0.2,4798,2,31.7,7901,3,0.9,5303,2,1.3,1680,1,45.2,1025,1,25.5,11498,4
E01001014,Croydon 024A,E09000008,Croydon,30.3,7895,3,0.1,10676,4,0.1,13838,5,19.0,14363,5,0.2,12765,4,1.0,3175,1,42.8,1468,1,38.5,4800,2
E01001015,Croydon 041A,E09000008,Croydon,24.3,11187,4,0.2,8597,3,0.1,12171,4,20.3,13591,5,-0.1,17984,6,-0.4,22178,7,44.4,1165,1,10.1,23914,8
E01001016,Croydon 041B,E09000008,Croydon,14.4,19580,6,0.1,21999,7,0.1,21376,7,7.3,24701,8,-0.6,24421,8,-0.2,19908,7,44.5,1136,1,11.1,22838,7
E01001017,Croydon 043A,E09000008,Croydon,8.0,27025,9,0.0,29612,10,0.0,30396,10,3.7,28929,9,-1.2,30109,10,-1.3,30905,10,39.7,2302,1,13.5,20560,7
E01001018,Croydon 044A,E09000008,Croydon,6.4,28945,9,0.0,29223,9,0.0,30240,10,6.6,25539,8,-0.6,25133,8,-0.1,18644,6,20.0,16650,6,15.9,18490,6
E01001019,Croydon 044B,E09000008,Croydon,5.4,30069,10,0.0,28229,9,0.0,29211,9,5.5,26729,9,-0.9,27654,9,-1.0,28865,9,24.2,11891,4,8.5,25646,8
E01001020,Croydon 044C,E09000008,Croydon,8.4,26497,9,0.1,25143,8,0.1,22849,7,10.2,21596,7,-0.7,25837,8,-0.2,18945,6,17.4,19872,7,13.8,20350,7
E01001021,Croydon 044D,E09000008,Croydon,35.5,5720,2,0.2,4619,2,0.1,7042,3,36.3,6341,2,0.7,7144,3,0.5,9130,3,38.4,2680,1,10.6,23390,8
E01001022,Croydon 044E,E09000008,Croydon,9.3,25335,8,0.1,25667,8,0.0,26814,9,5.3,26986,9,-1.0,28853,9,0.1,15788,5,34.2,4470,2,7.2,27005,9
E01001023,Croydon 041C,E09000008,Croydon,23.4,11765,4,0.1,11262,4,0.1,9844,3,9.1,22719,7,0.1,14367,5,0.2,13090,4,31.9,5734,2,29.8,8925,3
E01001024,Croydon 043B,E09000008,Croydon,8.9,25960,8,0.1,23496,8,0.1,23019,8,6.1,26076,8,-0.6,25305,8,0.1,15839,5,17.9,19325,6,15.9,18507,6
E01001025,Croydon 043C,E09000008,Croydon,6.2,29173,9,0.0,29305,9,0.0,30751,10,9.9,21957,7,-1.2,30024,10,-0.4,23068,8,24.1,12020,4,13.2,20850,7
E01001026,Croydon 043D,E09000008,Croydon,12.7,21373,7,0.1,15179,5,0.1,20070,7,14.3,17912,6,-0.3,20635,7,-0.5,23606,8,21.8,14580,5,9.6,24458,8
E01001027,Croydon 043E,E09000008,Croydon,10.5,23880,8,0.1,24022,8,0.1,24424,8,11.0,20924,7,-0.7,26062,8,-0.3,20377,7,30.4,6669,3,13.7,20371,7
E01001028,Croydon 038A,E09000008,Croydon,6.2,29249,9,0.0,29964,10,0.0,25430,8,2.6,30247,10,-1.0,28534,9,-0.6,24781,8,23.9,12204,4,14.2,19938,7
E01001029,Croydon 038B,E09000008,Croydon,15.0,18934,6,0.1,20222,7,0.1,19324,6,3.3,29325,9,-0.4,21597,7,0.1,14321,5,38.9,2506,1,16.3,18109,6
E01001030,Croydon 038C,E09000008,Croydon,7.3,27962,9,0.0,28670,9,0.0,29723,10,2.0,30845,10,-1.0,28640,9,0.0,16421,5,28.8,7829,3,13.9,20171,7
E01001031,Croydon 038D,E09000008,Croydon,6.9,28476,9,0.0,30499,10,0.0,28913,9,2.4,30438,10,-0.8,27120,9,0.6,7992,3,16.9,20552,7,14.7,19483,6
E01001032,Croydon 035A,E09000008,Croydon,3.8,31701,10,0.0,32101,10,0.0,30592,10,1.8,31155,10,-0.8,26598,9,-0.9,28192,9,20.0,16691,6,10.8,23175,8
E01001033,Croydon 031A,E09000008,Croydon,14.5,19477,6,0.1,22048,7,0.0,26834,9,7.0,25011,8,-0.5,23678,8,0.2,12881,4,30.6,6571,3,40.6,4082,2
E01001034,Croydon 031B,E09000008,Croydon,14.8,19092,6,0.1,20511,7,0.1,21378,7,10.2,21635,7,-0.4,21692,7,-0.3,21633,7,34.8,4152,2,28.8,9535,3
E01001035,Croydon 027A,E09000008,Croydon,18.4,15799,5,0.1,18026,6,0.1,17813,6,10.2,21642,7,0.4,10658,4,-0.1,18793,6,36.8,3279,1,20.6,14806,5
E01001036,Croydon 029A,E09000008,Croydon,12.0,22193,7,0.0,29641,10,0.0,26443,9,4.6,27792,9,-0.6,24711,8,0.3,11973,4,41.0,1928,1,15.8,18575,6
E01001037,Croydon 029B,E09000008,Croydon,20.4,14015,5,0.1,12919,4,0.1,17995,6,18.4,14820,5,0.0,15975,5,0.0,16333,5,25.6,10583,4,39.9,4313,2
E01001038,Croydon 029C,E09000008,Croydon,18.5,15646,5,0.1,17418,6,0.1,17416,6,13.5,18559,6,0.1,15171,5,-0.2,19348,6,37.6,2965,1,23.7,12628,4
E01001039,Croydon 029D,E09000008,Croydon,8.6,26259,8,0.1,25359,8,0.1,24396,8,2.0,30929,10,-1.1,29394,9,0.3,12022,4,25.6,10597,4,11.6,22412,7
E01001040,Croydon 029E,E09000008,Croydon,15.2,18763,6,0.1,16339,5,0.1,18694,6,10.9,20961,7,-0.5,23898,8,-0.5,23878,8,25.9,10276,4,34.0,6688,3
E01001041,Croydon 031C,E09000008,Croydon,21.1,13451,5,0.1,14452,5,0.1,14657,5,9.0,22878,7,0.1,14856,5,0.4,10957,4,29.7,7211,3,38.3,4897,2
E01001042,Croydon 024B,E09000008,Croydon,36.6,5333,2,0.2,7542,3,0.1,13376,5,22.4,12293,4,0.1,13966,5,2.0,215,1,39.9,2208,1,47.1,2442,1
E01001043,Croydon 027B,E09000008,Croydon,31.5,7324,3,0.2,9099,3,0.1,13670,5,12.9,19163,6,-0.2,18528,6,1.4,1425,1,38.0,2831,1,52.0,1585,1
E01001044,Croydon 023A,E09000008,Croydon,10.2,24251,8,0.1,22742,7,0.0,28330,9,1.4,31599,10,-0.9,28309,9,0.3,11935,4,29.9,7010,3,20.8,14696,5
E01001045,Croydon 027C,E09000008,Croydon,35.8,5615,2,0.2,6818,3,0.2,5841,2,15.7,16795,6,0.2,12346,4,0.3,11842,4,42.1,1639,1,53.0,1440,1
E01001046,Croydon 023B,E09000008,Croydon,9.8,24801,8,0.1,26262,8,0.0,30462,10,2.4,30378,10,-1.1,29805,10,-0.3,20647,7,36.7,3300,2,24.2,12317,4
E01001047,Croydon 027D,E09000008,Croydon,22.1,12736,4,0.1,16027,5,0.1,20686,7,10.0,21850,7,0.0,16229,5,0.8,5164,2,31.7,5855,2,47.3,2388,1
E01001048,Croydon 020C,E09000008,Croydon,28.9,8534,3,0.2,9584,3,0.1,11219,4,10.5,21326,7,0.2,13365,5,1.3,1733,1,37.1,3151,1,28.9,9413,3
E01001049,Croydon 023C,E09000008,Croydon,12.3,21805,7,0.0,27876,9,0.0,25666,8,1.6,31366,10,-1.1,29746,10,0.9,4572,2,36.9,3232,1,13.8,20318,7
E01001050,Croydon 023D,E09000008,Croydon,22.0,12739,4,0.1,11751,4,0.1,17465,6,7.4,24556,8,0.3,11121,4,0.4,11019,4,39.5,2355,1,22.6,13433,5
E01001051,Croydon 030A,E09000008,Croydon,39.1,4553,2,0.3,3244,1,0.2,6374,2,42.9,4657,2,0.7,6946,3,0.7,6153,2,37.8,2911,1,8.8,25355,8
E01001052,Croydon 030B,E09000008,Croydon,42.1,3683,2,0.3,2107,1,0.2,4033,2,40.4,5281,2,0.4,10373,4,0.6,7532,3,41.1,1897,1,10.3,23713,8
E01001053,Croydon 032A,E09000008,Croydon,32.4,6916,3,0.2,6040,2,0.1,7708,3,40.6,5221,2,0.3,11627,4,0.4,9827,3,31.7,5872,2,22.9,13217,5
E01001054,Croydon 030C,E09000008,Croydon,34.9,5919,2,0.2,4560,2,0.2,5656,2,39.5,5496,2,0.5,9170,3,0.2,13421,5,33.6,4772,2,16.3,18154,6
E01001055,Croydon 032B,E09000008,Croydon,38.9,4623,2,0.2,4742,2,0.2,4511,2,52.2,2859,1,0.5,9504,3,0.5,8423,3,30.8,6412,2,25.4,11523,4
E01001056,Croydon 030D,E09000008,Croydon,37.9,4911,2,0.3,3151,1,0.2,5267,2,44.8,4206,2,0.3,11507,4,0.3,12649,4,38.0,2846,1,13.3,20809,7
E01001057,Croydon 030E,E09000008,Croydon,40.5,4109,2,0.3,2173,1,0.2,4931,2,47.5,3672,2,0.4,10122,4,0.1,15498,5,40.7,2009,1,9.7,24307,8
E01001058,Croydon 034A,E09000008,Croydon,11.6,22615,7,0.1,24166,8,0.1,22360,7,13.3,18759,6,-0.2,19659,6,0.1,14851,5,26.8,9438,3,8.9,25177,8
E01001059,Croydon 034B,E09000008,Croydon,15.2,18690,6,0.1,16272,5,0.1,19594,6,10.0,21791,7,0.0,16346,5,-0.6,24877,8,34.6,4281,2,12.6,21446,7
E01001060,Croydon 034C,E09000008,Croydon,20.5,13900,5,0.1,11796,4,0.1,17409,6,18.3,14923,5,-0.5,22846,7,0.9,4600,2,32.4,5424,2,12.2,21782,7
E01001061,Croydon 034D,E09000008,Croydon,23.7,11605,4,0.1,10741,4,0.1,14102,5,23.6,11560,4,-0.1,16907,6,0.6,7407,3,35.3,3952,2,14.6,19555,6
E01001062,Croydon 026A,E09000008,Croydon,9.9,24671,8,0.1,19900,7,0.1,22037,7,6.2,25968,8,-0.6,25010,8,-0.2,19236,6,20.8,15711,5,14.4,19776,7
E01001063,Croydon 026B,E09000008,Croydon,6.9,28486,9,0.1,24231,8,0.0,26892,9,6.5,25552,8,-0.9,28206,9,-0.3,21089,7,16.4,21140,7,15.8,18564,6
E01001064,Croydon 026C,E09000008,Croydon,12.8,21223,7,0.1,26104,8,0.0,25305,8,5.8,26431,9,-0.9,28047,9,0.9,4086,2,33.5,4810,2,13.3,20804,7
E01001065,Croydon 034E,E09000008,Croydon,15.9,18054,6,0.1,18681,6,0.1,20762,7,11.5,20378,7,-0.5,23363,8,0.6,7847,3,31.8,5813,2,20.2,15131,5
E01001066,Croydon 034F,E09000008,Croydon,38.9,4602,2,0.3,2735,1,0.2,4851,2,31.2,8121,3,0.6,8253,3,0.1,15323,5,43.2,1376,1,13.5,20558,7
E01001067,Croydon 041D,E09000008,Croydon,7.0,28333,9,0.0,32423,10,0.0,27754,9,1.8,31124,10,-0.6,24444,8,-0.8,27007,9,32.9,5162,2,11.2,22734,7
E01001068,Croydon 042A,E09000008,Croydon,17.3,16728,6,0.1,16389,5,0.1,17790,6,15.8,16711,6,-0.6,25323,8,-0.3,21025,7,41.9,1675,1,13.2,20859,7
E01001069,Croydon 040A,E09000008,Croydon,9.8,24807,8,0.0,28010,9,0.0,25557,8,5.2,27051,9,-0.4,21743,7,-1.0,28804,9,37.5,3013,1,10.3,23717,8
E01001070,Croydon 040B,E09000008,Croydon,14.5,19494,6,0.1,15820,5,0.1,18478,6,10.5,21321,7,-0.2,19478,6,-0.6,24709,8,32.6,5302,2,8.7,25416,8
E01001071,Croydon 042B,E09000008,Croydon,12.9,21108,7,0.1,20843,7,0.1,22580,7,14.6,17673,6,-0.8,27103,9,-0.2,20237,7,35.2,4019,2,12.8,21233,7
E01001072,Croydon 042C,E09000008,Croydon,8.2,26813,9,0.0,28592,9,0.0,31401,10,2.1,30769,10,-0.8,26626,9,-0.3,20989,7,37.6,2977,1,9.5,24547,8
E01001073,Croydon 037A,E09000008,Croydon,16.3,17617,6,0.1,19654,6,0.1,18436,6,4.3,28201,9,-0.1,17338,6,-0.5,24053,8,40.0,2177,1,26.1,11114,4
E01001074,Croydon 041E,E09000008,Croydon,18.3,15845,5,0.1,14419,5,0.1,19619,6,12.6,19409,6,-0.3,20920,7,-0.4,22300,7,39.7,2301,1,27.1,10508,4
E01001075,Croydon 040C,E09000008,Croydon,11.6,22665,7,0.1,22874,7,0.0,26005,8,6.0,26123,8,-0.2,19548,6,-0.6,24598,8,31.6,5932,2,24.7,11962,4
E01001076,Croydon 036A,E09000008,Croydon,36.2,5461,2,0.2,5350,2,0.2,5113,2,39.1,5615,2,0.6,8146,3,0.4,10290,4,36.0,3632,2,18.5,16447,6
E01001077,Croydon 032C,E09000008,Croydon,18.5,15639,5,0.1,16644,6,0.1,17531,6,27.6,9548,3,-0.2,18875,6,0.3,12286,4,27.5,8850,3,20.7,14752,5
E01001078,Croydon 032D,E09000008,Croydon,36.0,5536,2,0.2,4658,2,0.2,6561,2,38.2,5860,2,0.5,9681,3,0.6,7122,3,37.9,2880,1,16.1,18293,6
E01001079,Croydon 036B,E09000008,Croydon,34.0,6279,2,0.2,5032,2,0.1,7816,3,36.7,6253,2,0.4,9929,4,-0.3,21591,7,45.1,1040,1,16.3,18136,6
E01001080,Croydon 036C,E09000008,Croydon,49.6,2247,1,0.3,2407,1,0.2,1922,1,51.7,2931,1,1.0,4287,2,0.6,7669,3,43.5,1331,1,9.8,24226,8
E01001081,Croydon 036D,E09000008,Croydon,34.6,6015,2,0.2,5794,2,0.1,9070,3,50.0,3254,1,0.8,6054,2,0.1,15711,5,36.0,3651,2,19.2,15856,5
E01001082,Croydon 032E,E09000008,Croydon,33.0,6659,3,0.2,6570,3,0.1,6932,3,43.4,4545,2,0.2,13263,5,0.6,7526,3,35.1,4042,2,15.1,19129,6
E01001083,Croydon 003A,E09000008,Croydon,13.4,20660,7,0.1,18098,6,0.1,24770,8,5.8,26355,9,-0.8,27056,9,0.3,11415,4,30.8,6416,2,24.1,12378,4
E01001084,Croydon 002A,E09000008,Croydon,14.0,19960,7,0.1,22264,7,0.0,25295,8,4.1,28468,9,-0.5,23665,8,0.4,9879,4,29.1,7548,3,36.6,5534,2
E01001085,Croydon 004A,E09000008,Croydon,18.6,15555,5,0.1,13831,5,0.1,21226,7,10.5,21398,7,-0.8,27381,9,0.5,9245,3,29.5,7295,3,41.3,3859,2
E01001086,Croydon 003B,E09000008,Croydon,16.7,17278,6,0.1,19166,6,0.1,22336,7,8.2,23764,8,-0.6,24683,8,0.9,4300,2,31.5,5972,2,27.6,10212,4
E01001087,Croydon 003C,E09000008,Croydon,24.0,11394,4,0.1,14418,5,0.1,16697,6,17.5,15440,5,-0.6,24306,8,0.8,5616,2,39.8,2261,1,39.4,4467,2
E01001088,Croydon 004B,E09000008,Croydon,16.1,17821,6,0.1,13748,5,0.1,17723,6,14.9,17399,6,-0.6,25151,8,-0.3,21164,7,28.5,8014,3,23.4,12820,4
E01001089,Croydon 004C,E09000008,Croydon,28.7,8631,3,0.2,9066,3,0.1,13999,5,16.2,16389,5,0.4,10952,4,0.6,7150,3,37.2,3136,1,42.4,3557,2
E01001090,Croydon 004D,E09000008,Croydon,23.4,11770,4,0.1,12043,4,0.1,16464,6,17.1,15701,5,-0.5,23894,8,0.4,10811,4,40.1,2154,1,37.3,5240,2
E01001091,Croydon 004E,E09000008,Croydon,15.4,18543,6,0.1,18208,6,0.1,21161,7,5.6,26623,9,-0.5,23923,8,0.8,5764,2,29.2,7520,3,22.8,13290,5
E01001092,Croydon 037B,E09000008,Croydon,19.8,14497,5,0.1,19077,6,0.1,11518,4,3.9,28657,9,-0.1,18090,6,0.4,10017,4,40.5,2062,1,19.0,16006,5
E01001093,Croydon 037C,E09000008,Croydon,11.7,22543,7,0.1,19068,6,0.1,23591,8,8.4,23531,8,-0.6,25032,8,-0.2,20213,7,29.5,7298,3,16.2,18242,6
E01001094,Croydon 038E,E09000008,Croydon,8.5,26468,9,0.0,28544,9,0.0,28830,9,1.6,31357,10,-0.8,27201,9,-0.2,18897,6,34.1,4533,2,15.0,19206,6
E01001095,Croydon 031D,E09000008,Croydon,16.3,17663,6,0.1,13949,5,0.1,17590,6,8.3,23672,8,-0.4,21912,7,0.1,15773,5,29.7,7212,3,22.4,13567,5
E01001096,Croydon 037D,E09000008,Croydon,7.1,28195,9,0.0,28934,9,0.0,25762,8,1.1,31958,10,-1.0,28791,9,-0.6,24907,8,31.0,6247,2,10.6,23447,8
E01001097,Croydon 037E,E09000008,Croydon,22.4,12443,4,0.1,10911,4,0.1,12527,4,12.6,19374,6,-0.2,19695,6,0.6,7633,3,31.2,6155,2,26.4,10914,4
E01001098,Croydon 037F,E09000008,Croydon,7.5,27652,9,0.0,28936,9,0.0,29768,10,1.8,31136,10,-0.5,23733,8,0.0,16407,5,27.9,8553,3,13.4,20708,7
E01001099,Croydon 040D,E09000008,Croydon,19.7,14611,5,0.1,11730,4,0.1,11977,4,9.7,22129,7,-0.6,25307,8,-0.3,20675,7,37.6,2983,1,19.5,15686,5
E01001100,Croydon 031E,E09000008,Croydon,8.8,26012,8,0.1,25735,8,0.0,30186,10,1.8,31081,10,-1.0,28474,9,-0.5,23646,8,31.8,5751,2,26.0,11147,4
E01001101,Croydon 035B,E09000008,Croydon,5.1,30394,10,0.0,31442,10,0.0,29348,9,3.3,29402,9,-1.0,28772,9,-0.9,27930,9,25.7,10411,4,12.0,22023,7
E01001102,Croydon 035C,E09000008,Croydon,7.1,28156,9,0.1,25534,8,0.0,26304,9,4.7,27667,9,-0.6,24120,8,-0.2,19767,7,18.3,18695,6,13.6,20516,7
E01001103,Croydon 039A,E09000008,Croydon,7.2,28082,9,0.1,25420,8,0.1,21670,7,7.3,24655,8,-0.8,27304,9,-0.8,26797,9,19.9,16747,6,8.0,26211,8
E01001104,Croydon 042D,E09000008,Croydon,5.8,29727,10,0.0,30221,10,0.0,29733,10,3.0,29695,10,-0.9,28145,9,-0.3,21508,7,19.4,17354,6,22.1,13813,5
E01001105,Croydon 039B,E09000008,Croydon,20.8,13713,5,0.1,14003,5,0.1,14663,5,18.7,14636,5,0.2,12662,4,0.0,17404,6,36.0,3648,2,15.6,18737,6
E01001106,Croydon 039C,E09000008,Croydon,12.6,21553,7,0.1,19727,7,0.1,19551,6,16.0,16624,6,-0.2,19619,6,-0.2,19165,6,21.8,14572,5,11.8,22130,7
E01001107,Croydon 035D,E09000008,Croydon,7.0,28273,9,0.0,30619,10,0.0,29469,9,1.5,31439,10,-1.2,30422,10,-0.8,27760,9,35.1,4029,2,14.8,19425,6
E01001108,Croydon 035E,E09000008,Croydon,5.1,30386,10,0.0,31163,10,0.0,31235,10,2.4,30447,10,-1.7,32218,10,-0.5,23847,8,28.6,7994,3,10.5,23561,8
E01001109,Croydon 013B,E09000008,Croydon,32.1,7046,3,0.2,6568,2,0.1,7647,3,24.8,10927,4,0.0,16096,5,0.5,9522,3,39.6,2311,1,33.9,6748,3
E01001110,Croydon 020D,E09000008,Croydon,43.0,3477,2,0.2,4820,2,0.2,6608,3,21.8,12676,4,1.1,3767,2,1.1,2779,1,38.8,2567,1,51.7,1631,1
E01001111,Croydon 010D,E09000008,Croydon,28.5,8781,3,0.2,9867,4,0.1,11285,4,19.0,14425,5,0.1,14357,5,0.9,4131,2,31.0,6294,2,40.8,4000,2
E01001112,Croydon 013C,E09000008,Croydon,30.4,7851,3,0.2,5196,2,0.1,9031,3,17.9,15207,5,0.6,8387,3,0.2,12864,4,37.7,2943,1,17.4,17326,6
E01001113,Croydon 013D,E09000008,Croydon,28.4,8829,3,0.2,9452,3,0.1,10005,4,18.5,14778,5,-0.1,18112,6,0.7,6145,2,37.2,3137,1,36.2,5741,2
E01001114,Croydon 013E,E09000008,Croydon,41.5,3866,2,0.3,4035,2,0.1,6683,3,34.2,7040,3,0.7,7053,3,1.0,3901,2,43.9,1257,1,32.4,7534,3
E01001115,Croydon 015B,E09000008,Croydon,44.4,3186,1,0.3,3724,2,0.2,5471,2,26.2,10212,4,0.8,5861,2,1.6,755,1,42.8,1463,1,29.5,9119,3
E01001116,Croydon 013F,E09000008,Croydon,28.9,8560,3,0.2,9835,3,0.1,10112,4,17.4,15517,5,0.1,14084,5,0.8,5006,2,34.1,4516,2,39.0,4629,2
E01001117,Croydon 015C,E09000008,Croydon,27.5,9323,3,0.1,11890,4,0.1,14031,5,13.8,18335,6,0.0,16702,6,0.6,7188,3,45.3,995,1,40.5,4100,2
E01001118,Croydon 020E,E09000008,Croydon,40.5,4115,2,0.3,3662,2,0.2,4753,2,20.7,13330,5,0.5,9396,3,1.1,2836,1,41.6,1756,1,29.6,9037,3
E01001119,Croydon 034G,E09000008,Croydon,8.9,25971,8,0.0,28382,9,0.0,25113,8,11.8,20119,7,-1.0,28426,9,-0.9,28188,9,34.4,4378,2,6.5,27764,9
E01001120,Croydon 033A,E09000008,Croydon,10.0,24489,8,0.1,24604,8,0.1,24293,8,10.9,21028,7,-0.3,21362,7,-0.2,18908,6,16.5,21107,7,25.9,11194,4
E01001121,Croydon 039D,E09000008,Croydon,7.2,28016,9,0.0,29947,10,0.0,29267,9,7.1,24901,8,-0.6,25244,8,-0.4,21778,7,30.4,6714,3,6.8,27491,9
E01001122,Croydon 033B,E09000008,Croydon,9.5,25084,8,0.0,29996,10,0.0,31846,10,6.6,25499,8,-0.9,28378,9,-0.7,26410,9,41.7,1732,1,17.7,17042,6
E01001123,Croydon 033C,E09000008,Croydon,9.2,25485,8,0.0,29516,9,0.0,27751,9,9.2,22631,7,-0.8,26578,9,-0.1,17702,6,33.7,4739,2,11.1,22884,7
E01001124,Croydon 033D,E09000008,Croydon,5.8,29636,10,0.0,30874,10,0.0,29452,9,3.0,29713,10,-0.8,27321,9,-0.7,25666,8,27.5,8872,3,12.0,21957,7
E01001125,Croydon 033E,E09000008,Croydon,12.1,22109,7,0.1,19084,6,0.1,19674,6,10.8,21064,7,-0.2,19658,6,-0.1,18556,6,19.3,17542,6,16.3,18170,6
E01001126,Croydon 034H,E09000008,Croydon,6.8,28547,9,0.0,28081,9,0.0,30157,10,8.2,23751,8,-0.7,25922,8,-0.6,25219,8,23.5,12654,4,17.0,17622,6
E01001127,Croydon 025A,E09000008,Croydon,9.4,25246,8,0.1,22432,7,0.1,22434,7,8.8,23138,8,-0.9,27820,9,0.1,14792,5,17.7,19524,6,15.6,18743,6
E01001128,Croydon 025B,E09000008,Croydon,34.9,5944,2,0.3,3716,2,0.2,6508,2,34.5,6957,3,0.1,13883,5,0.6,8287,3,36.4,3481,2,16.1,18325,6
E01001129,Croydon 026D,E09000008,Croydon,4.6,30882,10,0.0,31018,10,0.0,28046,9,7.0,25020,8,-1.1,29574,10,-0.5,24178,8,16.7,20765,7,11.1,22857,7
E01001130,Croydon 025C,E09000008,Croydon,37.2,5163,2,0.3,2333,1,0.2,6284,2,30.2,8498,3,0.0,16012,5,0.3,11554,4,44.3,1192,1,14.5,19676,6
E01001131,Croydon 018C,E09000008,Croydon,12.7,21386,7,0.1,19667,6,0.0,28202,9,13.2,18831,6,-0.6,24254,8,-0.9,28005,9,38.9,2508,1,15.3,18977,6
E01001132,Croydon 018D,E09000008,Croydon,9.3,25449,8,0.1,25825,8,0.1,23657,8,10.3,21576,7,-0.6,25014,8,-0.1,18003,6,22.6,13664,5,15.1,19076,6
E01001133,Croydon 026E,E09000008,Croydon,11.3,22956,7,0.1,18980,6,0.1,21627,7,12.7,19348,6,-0.6,24514,8,-0.5,23339,8,22.0,14309,5,18.3,16560,6
E01001134,Croydon 018E,E09000008,Croydon,9.9,24648,8,0.1,21537,7,0.0,25459,8,8.8,23109,8,-0.9,27959,9,-0.5,23937,8,29.8,7079,3,14.0,20097,7
E01001135,Croydon 025D,E09000008,Croydon,8.6,26298,9,0.1,22196,7,0.0,27558,9,10.6,21278,7,-1.3,30596,10,-0.1,17995,6,21.7,14629,5,15.9,18497,6
E01001136,Croydon 007A,E09000008,Croydon,32.9,6706,3,0.2,8366,3,0.1,9866,4,17.4,15504,5,0.1,13961,5,0.9,4531,2,37.2,3128,1,53.3,1401,1
E01001137,Croydon 001A,E09000008,Croydon,23.5,11694,4,0.1,11374,4,0.1,9995,4,5.5,26777,9,-0.1,17779,6,1.0,3712,2,29.9,7040,3,23.5,12754,4
E01001138,Croydon 001B,E09000008,Croydon,18.6,15577,5,0.1,13734,5,0.1,17490,6,7.3,24733,8,-0.4,22404,7,0.6,7560,3,33.4,4898,2,23.5,12802,4
E01001139,Croydon 007B,E09000008,Croydon,19.6,14729,5,0.1,14786,5,0.1,17188,6,13.5,18594,6,-0.6,24255,8,0.4,10050,4,30.8,6439,2,37.0,5375,2
E01001140,Croydon 007C,E09000008,Croydon,21.7,12982,4,0.1,11845,4,0.1,17351,6,15.6,16873,6,0.0,16404,5,0.4,11138,4,34.8,4177,2,29.5,9100,3
E01001141,Croydon 008A,E09000008,Croydon,27.5,9313,3,0.2,7504,3,0.1,8781,3,14.0,18146,6,-0.1,17911,6,0.3,11525,4,39.9,2227,1,25.0,11767,4
E01001142,Croydon 007D,E09000008,Croydon,21.4,13217,5,0.1,14575,5,0.1,16028,5,10.0,21793,7,0.0,15992,5,1.0,3278,1,27.4,8935,3,30.6,8461,3
E01001143,Croydon 008B,E09000008,Croydon,30.2,7941,3,0.2,8796,3,0.1,10266,4,21.1,13099,4,0.2,13493,5,0.4,11099,4,44.6,1133,1,34.4,6502,2
E01001144,Croydon 007E,E09000008,Croydon,37.1,5183,2,0.2,6262,2,0.2,4689,2,21.7,12734,4,0.6,7741,3,0.4,10398,4,40.1,2155,1,38.8,4684,2
E01001145,Croydon 008C,E09000008,Croydon,39.9,4281,2,0.3,3243,1,0.2,5135,2,21.1,13070,4,0.4,10921,4,0.8,5224,2,38.0,2821,1,41.1,3899,2
E01001146,Croydon 006A,E09000008,Croydon,19.7,14580,5,0.1,12825,4,0.1,14155,5,12.6,19396,6,-0.5,23311,8,0.2,14011,5,27.5,8855,3,35.8,5915,2
E01001147,Croydon 005A,E09000008,Croydon,34.0,6270,2,0.2,6387,2,0.1,8152,3,34.3,6999,3,0.3,10990,4,0.6,8392,3,37.7,2952,1,32.5,7473,3
E01001148,Croydon 005B,E09000008,Croydon,23.2,11948,4,0.2,9952,4,0.1,15377,5,11.8,20123,7,0.2,13029,4,0.2,13656,5,28.6,7935,3,39.9,4278,2
E01001149,Croydon 006B,E09000008,Croydon,16.1,17888,6,0.1,16139,5,0.1,18863,6,11.2,20728,7,-0.3,21369,7,0.1,14808,5,29.9,7014,3,24.0,12406,4
E01001150,Croydon 006C,E09000008,Croydon,20.5,13899,5,0.1,12388,4,0.1,17088,6,8.2,23750,8,-0.5,23765,8,0.7,5983,2,34.5,4334,2,29.1,9315,3
E01001151,Croydon 005C,E09000008,Croydon,40.8,4019,2,0.2,5531,2,0.2,4412,2,31.4,8053,3,0.6,7507,3,0.9,4047,2,39.1,2439,1,37.0,5371,2
E01001152,Croydon 005D,E09000008,Croydon,37.2,5158,2,0.2,5237,2,0.1,7464,3,18.3,14918,5,0.5,9655,3,0.9,3937,2,37.3,3098,1,47.5,2356,1
E01001153,Croydon 006D,E09000008,Croydon,22.7,12275,4,0.1,11552,4,0.1,13772,5,18.5,14795,5,-0.4,22014,7,0.6,8381,3,31.1,6222,2,32.2,7619,3
E01001154,Croydon 006E,E09000008,Croydon,28.9,8530,3,0.2,9582,3,0.1,12639,4,22.0,12537,4,-0.4,22522,7,0.9,4695,2,36.7,3309,2,46.2,2613,1
E01001155,Croydon 010E,E09000008,Croydon,43.8,3291,2,0.3,2838,1,0.2,5169,2,23.8,11442,4,0.9,4815,2,0.8,4918,2,46.1,873,1,30.4,8574,3
E01001156,Croydon 001C,E09000008,Croydon,26.2,10027,4,0.2,8474,3,0.1,12869,4,16.5,16192,5,0.6,8418,3,0.0,17206,6,39.4,2371,1,21.4,14290,5
E01001157,Croydon 002B,E09000008,Croydon,18.2,15973,5,0.1,14352,5,0.1,18142,6,10.2,21674,7,-0.5,23020,8,0.8,5632,2,27.6,8766,3,25.6,11391,4
E01001158,Croydon 005E,E09000008,Croydon,20.4,13982,5,0.1,12824,4,0.1,16169,5,15.8,16748,6,-0.2,18848,6,0.0,16453,6,33.6,4753,2,31.2,8133,3
E01001159,Croydon 002C,E09000008,Croydon,14.5,19487,6,0.1,17482,6,0.1,23608,8,6.8,25298,8,-0.7,25792,8,0.2,13747,5,35.7,3759,2,21.6,14104,5
E01001160,Croydon 002D,E09000008,Croydon,13.7,20215,7,0.1,15346,5,0.1,20496,7,11.7,20283,7,-0.5,23985,8,0.1,15497,5,23.3,12843,4,19.0,16031,5
E01001161,Croydon 003D,E09000008,Croydon,42.6,3575,2,0.3,2426,1,0.2,3696,2,34.0,7092,3,0.7,7272,3,0.5,9006,3,41.2,1878,1,18.9,16155,5
E01001162,Croydon 001D,E09000008,Croydon,28.4,8850,3,0.2,8681,3,0.1,8869,3,16.3,16356,5,0.0,15275,5,0.6,7341,3,37.7,2947,1,28.8,9485,3
E01001163,Croydon 002E,E09000008,Croydon,16.3,17644,6,0.1,17867,6,0.1,19193,6,7.2,24833,8,-0.6,25019,8,0.4,10035,4,25.5,10622,4,38.5,4792,2
E01001164,Croydon 001E,E09000008,Croydon,20.5,13940,5,0.1,12256,4,0.1,14782,5,8.5,23370,8,-0.4,22368,7,0.4,10231,4,33.9,4612,2,30.2,8708,3
E01001165,Croydon 024C,E09000008,Croydon,24.2,11281,4,0.1,13105,4,0.1,13367,5,14.7,17594,6,-0.2,18675,6,0.8,5610,2,33.9,4607,2,36.3,5658,2
E01001166,Croydon 024D,E09000008,Croydon,32.1,7025,3,0.2,6630,3,0.1,11273,4,19.8,13870,5,0.8,6112,2,0.2,13348,5,43.4,1355,1,31.2,8144,3
E01001167,Croydon 028A,E09000008,Croydon,21.8,12891,4,0.1,12396,4,0.1,16288,5,11.2,20693,7,-0.1,16949,6,0.4,10037,4,35.6,3799,2,32.1,7667,3
E01001168,Croydon 024E,E09000008,Croydon,21.2,13421,5,0.1,16531,6,0.1,21297,7,13.2,18835,6,0.1,14710,5,0.5,8448,3,33.7,4722,2,42.3,3585,2
E01001169,Croydon 028B,E09000008,Croydon,32.7,6795,3,0.2,5890,2,0.1,7456,3,29.0,8955,3,0.6,8000,3,0.1,15799,5,37.6,2961,1,24.0,12392,4
E01001170,Croydon 027E,E09000008,Croydon,27.1,9544,3,0.1,10809,4,0.1,10595,4,8.8,23048,8,0.4,9872,4,0.6,8068,3,32.7,5300,2,41.1,3926,2
E01001171,Croydon 028C,E09000008,Croydon,24.6,11031,4,0.2,10301,4,0.1,10494,4,18.3,14907,5,-0.1,17070,6,-0.2,20282,7,41.9,1679,1,20.2,15106,5
E01001172,Croydon 028D,E09000008,Croydon,43.1,3467,2,0.3,2559,1,0.2,4112,2,40.2,5330,2,0.6,7770,3,0.5,8838,3,42.7,1491,1,20.5,14930,5
E01001173,Croydon 028E,E09000008,Croydon,19.8,14566,5,0.1,12490,4,0.1,15303,5,10.6,21305,7,0.0,16188,5,0.0,16598,6,37.1,3155,1,17.1,17538,6
E01001174,Croydon 011A,E09000008,Croydon,22.5,12417,4,0.2,10203,4,0.1,14910,5,18.2,15001,5,-0.5,23335,8,0.8,5226,2,30.0,6965,3,24.6,12026,4
E01001175,Croydon 011B,E09000008,Croydon,30.6,7742,3,0.2,8674,3,0.1,8026,3,11.8,20194,7,0.3,11149,4,0.9,4401,2,35.2,4006,2,36.1,5753,2
E01001176,Croydon 011C,E09000008,Croydon,22.7,12219,4,0.1,12660,4,0.1,16493,6,12.3,19632,6,-0.5,23091,8,0.9,4792,2,37.2,3132,1,32.1,7639,3
E01001177,Croydon 016C,E09000008,Croydon,31.6,7251,3,0.2,7178,3,0.1,7412,3,16.3,16305,5,0.3,11079,4,0.6,8329,3,39.3,2392,1,31.4,8067,3
E01001178,Croydon 015D,E09000008,Croydon,58.2,1096,1,0.4,252,1,0.2,2336,1,32.5,7634,3,1.3,2370,1,0.5,9037,3,47.3,652,1,32.5,7485,3
E01001179,Croydon 016D,E09000008,Croydon,20.7,13775,5,0.1,12613,4,0.1,19461,6,13.2,18854,6,-0.5,23623,8,0.5,8834,3,29.0,7671,3,43.8,3204,1
E01001180,Croydon 016E,E09000008,Croydon,27.8,9127,3,0.2,8878,3,0.1,14734,5,14.6,17687,6,-0.3,19888,7,0.8,5548,2,35.0,4094,2,50.9,1760,1
E01001181,Croydon 015E,E09000008,Croydon,42.4,3607,2,0.3,4012,2,0.2,6113,2,20.0,13745,5,0.6,7998,3,1.0,3522,2,46.1,870,1,46.8,2493,1
E01001182,Croydon 011D,E09000008,Croydon,21.7,13038,4,0.1,12810,4,0.1,16762,6,14.2,18012,6,-0.2,19789,7,0.7,6455,2,31.1,6239,2,33.9,6765,3
E01001183,Croydon 011E,E09000008,Croydon,24.1,11301,4,0.1,10633,4,0.1,12745,4,16.7,16051,5,-0.4,21982,7,0.6,7764,3,36.7,3318,2,28.6,9614,3
E01001184,Croydon 011F,E09000008,Croydon,16.9,17067,6,0.1,15891,5,0.1,19569,6,10.4,21478,7,-0.3,21069,7,0.5,8660,3,27.5,8852,3,27.5,10270,4
E01001185,Croydon 014B,E09000008,Croydon,20.0,14358,5,0.1,13270,5,0.1,16210,5,17.1,15767,5,-0.1,18245,6,0.2,14215,5,32.2,5511,2,26.7,10735,4
E01001186,Croydon 014C,E09000008,Croydon,29.1,8461,3,0.2,7620,3,0.1,7879,3,17.5,15462,5,0.3,11356,4,0.2,13286,5,37.4,3068,1,26.6,10830,4
E01001187,Croydon 017E,E09000008,Croydon,20.6,13847,5,0.1,13251,5,0.1,14283,5,14.3,17936,6,-0.4,21619,7,0.0,16812,6,32.2,5530,2,36.0,5825,2
E01001188,Croydon 014D,E09000008,Croydon,28.2,8950,3,0.2,8144,3,0.1,10412,4,17.8,15296,5,0.0,16133,5,0.9,4857,2,33.8,4695,2,31.2,8140,3
E01001189,Croydon 045B,E09000008,Croydon,17.7,16383,5,0.1,16141,5,0.1,12821,4,12.5,19464,6,-0.4,22075,7,0.4,11075,4,25.9,10238,4,22.2,13728,5
E01001190,Croydon 045C,E09000008,Croydon,27.4,9331,3,0.2,8437,3,0.1,10577,4,13.5,18562,6,0.2,12573,4,0.2,12889,4,36.0,3646,2,37.2,5300,2
E01001191,Croydon 008D,E09000008,Croydon,34.9,5914,2,0.2,5617,2,0.1,8237,3,14.1,18064,6,0.2,12376,4,0.8,5507,2,38.8,2549,1,48.8,2108,1
E01001192,Croydon 008E,E09000008,Croydon,27.8,9166,3,0.2,9062,3,0.1,10440,4,17.2,15674,5,0.2,13483,5,0.8,5652,2,36.5,3418,2,26.2,11070,4
E01001193,Croydon 014E,E09000008,Croydon,34.4,6123,2,0.2,4905,2,0.2,5036,2,26.5,10061,4,0.3,11700,4,0.1,15612,5,43.1,1414,1,14.4,19763,7
E01001194,Croydon 045D,E09000008,Croydon,18.3,15918,5,0.1,14799,5,0.1,19399,6,16.9,15884,5,-0.4,21792,7,0.8,5801,2,23.6,12586,4,27.8,10068,4
E01032569,Croydon 045E,E09000008,Croydon,45.2,3024,1,0.3,2834,1,0.2,4011,2,38.0,5917,2,0.5,8815,3,0.6,7189,3,53.3,96,1,20.0,15332,5
E01001195,Ealing 021A,E09000009,Ealing,14.0,19967,7,0.1,18654,6,0.0,29742,10,10.4,21417,7,-0.9,27642,9,0.3,12182,4,37.0,3206,1,23.3,12898,4
E01001196,Ealing 015A,E09000009,Ealing,38.0,4857,2,0.2,4249,2,0.2,4644,2,15.3,17112,6,0.7,7395,3,0.4,10824,4,38.5,2644,1,40.5,4114,2
E01001197,Ealing 021B,E09000009,Ealing,22.6,12321,4,0.1,12413,4,0.1,11005,4,7.3,24736,8,0.0,16214,5,0.4,11014,4,33.7,4745,2,30.9,8289,3
E01001198,Ealing 021C,E09000009,Ealing,14.8,19095,6,0.1,21058,7,0.1,19259,6,2.2,30661,10,-0.4,22394,7,0.3,11615,4,29.6,7223,3,33.0,7221,3
E01001199,Ealing 021D,E09000009,Ealing,22.3,12563,4,0.2,8204,3,0.1,11671,4,11.7,20200,7,0.0,16752,6,-0.1,18475,6,31.1,6197,2,22.3,13650,5
E01001200,Ealing 025A,E09000009,Ealing,16.0,17969,6,0.1,18773,6,0.1,18163,6,3.5,29112,9,-0.1,18028,6,0.3,11467,4,29.3,7471,3,29.3,9216,3
E01001201,Ealing 025B,E09000009,Ealing,17.6,16425,6,0.1,14729,5,0.1,17119,6,7.5,24498,8,-0.6,24152,8,0.2,12909,4,29.4,7371,3,34.5,6451,2
E01001202,Ealing 025C,E09000009,Ealing,33.8,6344,2,0.2,6258,2,0.1,7681,3,11.4,20555,7,0.1,14703,5,1.2,2457,1,38.4,2679,1,38.8,4702,2
E01001203,Ealing 025D,E09000009,Ealing,32.8,6778,3,0.2,5391,2,0.2,6540,2,10.3,21539,7,0.4,10413,4,0.2,13036,4,37.3,3094,1,39.6,4383,2
E01001204,Ealing 018A,E09000009,Ealing,13.7,20285,7,0.1,14379,5,0.1,18935,6,2.2,30598,10,-0.6,24671,8,-0.4,22903,7,28.4,8098,3,23.0,13093,4
E01001205,Ealing 018B,E09000009,Ealing,31.0,7545,3,0.2,7610,3,0.1,7924,3,10.6,21222,7,-0.3,20350,7,0.5,9249,3,53.6,91,1,25.3,11586,4
E01001206,Ealing 018C,E09000009,Ealing,42.3,3637,2,0.3,1821,1,0.2,3675,2,28.0,9401,3,0.0,15495,5,-0.3,20857,7,55.9,50,1,18.5,16463,6
E01001207,Ealing 018D,E09000009,Ealing,16.2,17745,6,0.1,17116,6,0.1,19694,6,3.8,28810,9,-0.4,21831,7,0.3,12727,4,28.1,8362,3,37.5,5173,2
E01001208,Ealing 018E,E09000009,Ealing,11.8,22354,7,0.1,22542,7,0.1,24053,8,1.5,31508,10,-0.9,27805,9,0.5,9586,3,20.0,16656,6,36.8,5458,2
E01001209,Ealing 013A,E09000009,Ealing,7.1,28190,9,0.0,27365,9,0.0,28860,9,0.8,32278,10,-1.1,29701,10,-0.2,19145,6,18.8,18143,6,30.2,8678,3
E01001210,Ealing 016A,E09000009,Ealing,50.7,2075,1,0.3,1051,1,0.2,1609,1,23.2,11777,4,0.6,7815,3,-0.1,17629,6,58.9,17,1,25.3,11614,4
E01001211,Ealing 013B,E09000009,Ealing,10.4,24028,8,0.1,19468,6,0.1,23081,8,0.7,32297,10,-0.8,27261,9,0.1,15173,5,25.6,10605,4,17.2,17410,6
E01001212,Ealing 018F,E09000009,Ealing,13.5,20550,7,0.1,19768,7,0.1,15194,5,1.7,31253,10,-0.4,21968,7,-0.5,24227,8,27.3,8963,3,25.8,11309,4
E01001213,Ealing 023A,E09000009,Ealing,28.2,8943,3,0.2,8913,3,0.1,11242,4,25.0,10853,4,-0.1,16850,6,0.5,8807,3,38.6,2621,1,31.4,8065,3
E01001214,Ealing 023B,E09000009,Ealing,15.9,18010,6,0.1,18555,6,0.1,16580,6,17.2,15649,5,-0.5,23887,8,-0.2,20331,7,30.4,6702,3,23.9,12485,4
E01001215,Ealing 023C,E09000009,Ealing,30.2,7934,3,0.2,8533,3,0.1,13528,5,17.9,15222,5,0.3,11828,4,1.0,3533,2,38.4,2682,1,37.8,5075,2
E01001216,Ealing 023D,E09000009,Ealing,22.2,12636,4,0.1,14093,5,0.1,18466,6,15.4,17031,6,-0.3,19995,7,0.4,10643,4,39.8,2269,1,36.9,5415,2
E01001217,Ealing 014A,E09000009,Ealing,16.1,17865,6,0.1,14523,5,0.1,20701,7,13.1,18932,6,-0.5,23542,8,0.2,13024,4,28.7,7906,3,23.7,12658,4
E01001218,Ealing 012A,E09000009,Ealing,36.3,5429,2,0.2,4493,2,0.1,8001,3,22.9,11974,4,0.5,8786,3,0.3,12691,4,51.9,157,1,20.3,15038,5
E01001219,Ealing 029A,E09000009,Ealing,36.0,5527,2,0.2,4334,2,0.2,5755,2,25.2,10735,4,0.2,13612,5,-0.2,19932,7,51.2,197,1,20.3,15043,5
E01001220,Ealing 029B,E09000009,Ealing,47.7,2523,1,0.3,1546,1,0.2,3582,2,31.4,8020,3,0.1,14356,5,0.9,4281,2,52.0,153,1,28.7,9547,3
E01001221,Ealing 020A,E09000009,Ealing,24.1,11345,4,0.1,11944,4,0.1,19038,6,14.3,17945,6,-0.3,20187,7,1.1,3015,1,36.4,3471,2,34.8,6334,2
E01001222,Ealing 019A,E09000009,Ealing,21.9,12874,4,0.1,13108,4,0.1,16185,5,6.5,25621,8,-0.3,20841,7,0.2,13668,5,36.1,3572,2,46.1,2656,1
E01001223,Ealing 020B,E09000009,Ealing,11.7,22559,7,0.1,23160,8,0.1,22115,7,0.6,32468,10,-0.6,24239,8,-0.5,23162,8,33.6,4776,2,25.6,11423,4
E01001224,Ealing 019B,E09000009,Ealing,9.1,25604,8,0.0,27344,9,0.0,26807,9,0.3,32667,10,-0.9,27564,9,-0.5,23149,8,24.5,11657,4,36.9,5420,2
E01001225,Ealing 020C,E09000009,Ealing,21.7,12984,4,0.1,15105,5,0.1,17450,6,2.3,30569,10,-0.5,23407,8,1.2,2020,1,31.9,5733,2,39.5,4434,2
E01001226,Ealing 019C,E09000009,Ealing,13.4,20668,7,0.1,19894,7,0.1,22229,7,1.9,30962,10,-0.2,19492,6,-0.6,25180,8,36.1,3577,2,23.4,12873,4
E01001227,Ealing 019D,E09000009,Ealing,10.3,24152,8,0.1,25270,8,0.1,23626,8,0.7,32375,10,-0.9,28193,9,-0.4,22815,7,28.0,8445,3,33.1,7135,3
E01001228,Ealing 019E,E09000009,Ealing,11.4,22860,7,0.1,20297,7,0.0,26901,9,2.0,30865,10,-0.3,20534,7,-0.6,25445,8,35.2,4007,2,18.5,16410,5
E01001229,Ealing 031A,E09000009,Ealing,30.2,7923,3,0.2,6769,3,0.1,7915,3,19.3,14180,5,0.2,13257,5,0.5,9297,3,37.5,3006,1,26.8,10698,4
E01001230,Ealing 031B,E09000009,Ealing,21.3,13358,5,0.1,14677,5,0.1,9248,3,6.2,25907,8,-0.5,23626,8,0.0,17188,6,31.5,5989,2,39.8,4317,2
E01001231,Ealing 027A,E09000009,Ealing,13.8,20102,7,0.1,24325,8,0.0,30300,10,2.3,30566,10,-1.2,30374,10,0.4,10104,4,38.3,2731,1,38.4,4822,2
E01001232,Ealing 031C,E09000009,Ealing,23.8,11537,4,0.1,13078,4,0.1,11713,4,10.1,21762,7,-0.2,18798,6,0.4,10971,4,46.0,893,1,21.1,14463,5
E01001233,Ealing 031D,E09000009,Ealing,23.8,11472,4,0.2,9313,3,0.1,11027,4,3.4,29242,9,-0.1,17892,6,0.9,4080,2,29.5,7312,3,26.9,10589,4
E01001234,Ealing 027B,E09000009,Ealing,22.9,12109,4,0.1,15970,5,0.1,21774,7,5.1,27186,9,-0.4,22274,7,1.0,3301,2,36.9,3247,1,52.0,1575,1
E01001235,Ealing 020D,E09000009,Ealing,14.2,19722,7,0.1,19912,7,0.1,24417,8,7.1,24888,8,-0.5,23433,8,0.6,7228,3,26.6,9628,3,28.8,9510,3
E01001236,Ealing 020E,E09000009,Ealing,16.3,17674,6,0.1,13552,5,0.1,23422,8,7.7,24283,8,-0.4,22234,7,-0.1,17936,6,32.6,5318,2,31.4,8051,3
E01001237,Ealing 031E,E09000009,Ealing,17.0,16963,6,0.1,23303,8,0.0,27686,9,1.5,31441,10,-0.2,18592,6,0.9,4464,2,36.9,3233,1,36.9,5438,2
E01001238,Ealing 015B,E09000009,Ealing,24.5,11044,4,0.1,13063,4,0.1,19508,6,15.1,17308,6,-0.6,24213,8,-0.2,19794,7,55.5,55,1,40.2,4211,2
E01001239,Ealing 015C,E09000009,Ealing,32.7,6813,3,0.2,6307,2,0.1,8043,3,16.4,16230,5,0.1,13803,5,0.0,17010,6,58.7,21,1,23.2,12960,4
E01001240,Ealing 024A,E09000009,Ealing,20.5,13977,5,0.1,12176,4,0.1,19596,6,14.1,18079,6,-0.5,23167,8,0.2,13880,5,38.9,2510,1,31.3,8082,3
E01001241,Ealing 024B,E09000009,Ealing,22.2,12616,4,0.1,13379,5,0.1,19392,6,7.4,24539,8,-0.5,23595,8,1.3,1860,1,36.0,3653,2,30.9,8330,3
E01001242,Ealing 024C,E09000009,Ealing,26.9,9639,3,0.2,10535,4,0.1,9940,4,13.8,18309,6,0.1,15201,5,0.5,8427,3,38.9,2521,1,31.9,7784,3
E01001243,Ealing 024D,E09000009,Ealing,25.4,10522,4,0.2,9663,3,0.1,12987,4,10.7,21169,7,-0.7,26164,8,0.6,7933,3,39.9,2215,1,39.4,4469,2
E01001244,Ealing 024E,E09000009,Ealing,28.9,8569,3,0.2,7492,3,0.1,11965,4,10.1,21740,7,0.0,15958,5,0.0,16868,6,45.3,998,1,43.7,3226,1
E01001245,Ealing 024F,E09000009,Ealing,15.4,18507,6,0.1,16403,5,0.1,22559,7,5.3,26961,9,-0.5,24008,8,0.2,13345,5,29.7,7165,3,34.7,6387,2
E01001246,Ealing 015D,E09000009,Ealing,32.0,7075,3,0.2,6690,3,0.1,10072,4,19.0,14423,5,-0.3,21266,7,0.4,10371,4,45.6,957,1,45.7,2730,1
E01001247,Ealing 015E,E09000009,Ealing,21.3,13338,5,0.1,13807,5,0.1,20769,7,12.2,19726,7,-0.3,20106,7,0.3,11201,4,45.1,1041,1,28.7,9551,3
E01001248,Ealing 035A,E09000009,Ealing,17.4,16655,6,0.1,13131,4,0.1,15293,5,9.8,22030,7,-0.5,22791,7,0.1,15591,5,28.4,8093,3,24.1,12350,4
E01001249,Ealing 028A,E09000009,Ealing,41.5,3848,2,0.3,3202,1,0.2,4603,2,14.6,17637,6,0.6,8255,3,1.1,3142,1,40.1,2171,1,38.8,4695,2
E01001250,Ealing 028B,E09000009,Ealing,37.1,5176,2,0.2,5031,2,0.2,3786,2,17.0,15835,5,0.5,8791,3,0.6,7388,3,36.6,3362,2,32.8,7305,3
E01001251,Ealing 030A,E09000009,Ealing,18.7,15489,5,0.1,14071,5,0.1,15948,5,3.6,28960,9,-0.2,19495,6,0.2,14162,5,28.0,8474,3,39.9,4282,2
E01001252,Ealing 030B,E09000009,Ealing,25.7,10397,4,0.2,9227,3,0.1,10890,4,9.4,22462,7,0.1,14359,5,0.1,14939,5,35.7,3767,2,38.2,4916,2
E01001253,Ealing 030C,E09000009,Ealing,15.6,18300,6,0.1,13088,4,0.1,17467,6,5.7,26523,9,-0.5,23255,8,-0.5,23981,8,30.6,6546,2,24.2,12277,4
E01001254,Ealing 030D,E09000009,Ealing,14.6,19351,6,0.1,16002,5,0.1,20248,7,3.7,28848,9,-0.5,22950,7,-0.3,20749,7,30.5,6591,3,29.6,9047,3
E01001255,Ealing 028C,E09000009,Ealing,13.5,20547,7,0.1,22690,7,0.1,18095,6,3.3,29423,9,-0.6,25114,8,0.3,12180,4,23.7,12442,4,33.8,6767,3
E01001257,Ealing 008A,E09000009,Ealing,40.8,4021,2,0.3,3087,1,0.2,4530,2,30.5,8361,3,0.2,12656,4,0.5,9623,3,49.7,358,1,21.4,14279,5
E01001258,Ealing 010B,E09000009,Ealing,15.9,18071,6,0.1,16502,6,0.1,17384,6,11.3,20624,7,-0.5,23954,8,-0.2,19924,7,29.1,7572,3,29.3,9248,3
E01001259,Ealing 014B,E09000009,Ealing,20.1,14241,5,0.1,13004,4,0.1,19906,7,16.1,16489,6,-0.3,21063,7,0.7,6325,2,30.4,6703,3,29.8,8926,3
E01001260,Ealing 012B,E09000009,Ealing,20.7,13738,5,0.1,15940,5,0.1,20194,7,8.3,23601,8,-0.2,19014,6,1.1,2829,1,30.2,6801,3,36.6,5525,2
E01001261,Ealing 012C,E09000009,Ealing,22.7,12265,4,0.1,12989,4,0.1,15618,5,14.8,17525,6,-0.7,25662,8,0.4,10172,4,38.4,2712,1,39.0,4615,2
E01001262,Ealing 010C,E09000009,Ealing,31.3,7386,3,0.2,5839,2,0.1,8600,3,20.3,13626,5,0.0,16602,6,0.6,8001,3,41.2,1884,1,28.5,9668,3
E01001263,Ealing 010D,E09000009,Ealing,34.5,6069,2,0.2,4480,2,0.2,6069,2,18.2,15017,5,0.1,14028,5,0.4,10572,4,44.5,1150,1,26.2,11059,4
E01001264,Ealing 010E,E09000009,Ealing,24.4,11124,4,0.1,11459,4,0.1,10354,4,23.5,11598,4,-0.8,26860,9,0.2,13699,5,39.2,2434,1,27.1,10473,4
E01001265,Ealing 006A,E09000009,Ealing,20.6,13878,5,0.1,17173,6,0.1,17182,6,10.9,21016,7,-0.4,22612,7,-0.6,25096,8,56.2,42,1,21.9,13898,5
E01001266,Ealing 006B,E09000009,Ealing,16.1,17834,6,0.1,17782,6,0.1,22564,7,10.1,21719,7,-0.7,25637,8,0.1,15365,5,37.9,2882,1,28.3,9785,3
E01001267,Ealing 006C,E09000009,Ealing,31.8,7140,3,0.2,5389,2,0.1,8964,3,15.8,16772,6,0.0,16286,5,0.3,11281,4,45.4,992,1,32.7,7327,3
E01001268,Ealing 012D,E09000009,Ealing,18.5,15642,5,0.1,15326,5,0.1,15905,5,8.6,23351,8,0.1,15218,5,0.0,17174,6,30.9,6343,2,30.7,8403,3
E01001269,Ealing 001A,E09000009,Ealing,13.6,20420,7,0.1,22429,7,0.0,25134,8,11.4,20554,7,-1.4,31134,10,0.1,15191,5,31.5,5964,2,35.5,6024,2
E01001270,Ealing 004A,E09000009,Ealing,15.7,18289,6,0.1,16649,6,0.1,21089,7,8.4,23480,8,-0.7,25838,8,0.4,10021,4,32.3,5489,2,23.8,12559,4
E01001271,Ealing 001B,E09000009,Ealing,16.9,17106,6,0.1,14016,5,0.1,18816,6,18.0,15134,5,-0.9,27640,9,0.0,17132,6,29.9,7028,3,26.2,11075,4
E01001272,Ealing 006D,E09000009,Ealing,19.1,15184,5,0.1,16473,6,0.1,19371,6,7.4,24609,8,-0.4,22358,7,0.1,14590,5,40.7,2003,1,35.5,6015,2
E01001273,Ealing 020F,E09000009,Ealing,9.5,25179,8,0.0,27309,9,0.0,29796,10,2.2,30721,10,-1.2,29959,10,0.1,15587,5,29.5,7339,3,30.9,8307,3
E01001274,Ealing 020G,E09000009,Ealing,8.5,26422,9,0.0,26695,9,0.0,28370,9,6.5,25566,8,-1.3,31024,10,-0.7,25857,8,32.7,5265,2,18.6,16326,5
E01001275,Ealing 020H,E09000009,Ealing,19.0,15212,5,0.1,17767,6,0.1,16307,5,6.1,26021,8,-0.3,21431,7,0.5,8406,3,36.4,3440,2,31.2,8150,3
E01001276,Ealing 011A,E09000009,Ealing,20.6,13885,5,0.1,12785,4,0.1,18505,6,12.4,19600,6,-0.8,27154,9,-0.1,18879,6,44.8,1104,1,31.6,7917,3
E01001277,Ealing 011B,E09000009,Ealing,17.5,16527,6,0.1,15248,5,0.1,24057,8,8.0,23938,8,-0.8,27401,9,-0.1,17875,6,38.9,2509,1,39.2,4553,2
E01001278,Ealing 011C,E09000009,Ealing,23.8,11526,4,0.1,12032,4,0.1,21371,7,12.1,19887,7,-0.7,26175,8,0.5,9122,3,40.3,2100,1,52.5,1501,1
E01001279,Ealing 013C,E09000009,Ealing,7.2,28128,9,0.0,31197,10,0.0,30278,10,0.4,32642,10,-0.9,27778,9,-0.4,22843,7,21.9,14438,5,35.1,6198,2
E01001280,Ealing 011D,E09000009,Ealing,13.7,20279,7,0.1,19766,7,0.0,26889,9,6.3,25801,8,-0.9,27850,9,-0.3,21550,7,38.7,2606,1,30.7,8436,3
E01001281,Ealing 013D,E09000009,Ealing,7.5,27738,9,0.0,28389,9,0.0,29439,9,0.2,32732,10,-0.9,28224,9,-0.5,24428,8,21.5,14907,5,34.7,6358,2
E01001282,Ealing 016B,E09000009,Ealing,35.0,5881,2,0.2,4652,2,0.2,4733,2,18.6,14696,5,0.2,12599,4,0.1,15609,5,43.9,1250,1,26.7,10746,4
E01001283,Ealing 016C,E09000009,Ealing,40.1,4237,2,0.3,3070,1,0.2,3328,2,17.0,15776,5,0.4,9942,4,0.7,6705,3,37.7,2929,1,32.6,7419,3
E01001284,Ealing 022A,E09000009,Ealing,15.8,18191,6,0.1,20264,7,0.1,21528,7,9.9,21949,7,-0.5,23600,8,0.8,5409,2,23.4,12821,4,33.4,6995,3
E01001285,Ealing 016D,E09000009,Ealing,23.2,11937,4,0.2,10131,4,0.1,10140,4,14.9,17435,6,-0.3,20633,7,0.1,14367,5,30.9,6363,2,30.6,8447,3
E01001286,Ealing 016E,E09000009,Ealing,23.5,11665,4,0.1,10546,4,0.1,11480,4,14.0,18157,6,-0.1,16945,6,0.0,17037,6,37.2,3131,1,28.0,9960,4
E01001287,Ealing 016F,E09000009,Ealing,31.2,7443,3,0.3,3356,2,0.2,6029,2,15.0,17370,6,-0.3,21177,7,-0.3,20352,7,41.0,1936,1,19.4,15726,5
E01001288,Ealing 022B,E09000009,Ealing,16.0,17925,6,0.1,16244,5,0.1,16649,6,3.0,29691,10,-0.3,21313,7,-0.2,19258,6,26.3,9905,4,37.0,5370,2
E01001289,Ealing 022C,E09000009,Ealing,15.5,18420,6,0.1,17198,6,0.1,17983,6,2.6,30270,10,-0.5,23097,8,-0.4,22480,7,29.1,7609,3,38.8,4670,2
E01001290,Ealing 022D,E09000009,Ealing,12.7,21401,7,0.1,20253,7,0.1,21871,7,2.6,30179,10,-0.6,24107,8,-0.3,20595,7,29.1,7590,3,31.4,8077,3
E01001291,Ealing 014C,E09000009,Ealing,19.4,14947,5,0.1,12668,4,0.1,12951,4,11.9,20070,7,-0.7,25708,8,0.2,13569,5,32.6,5346,2,23.5,12793,4
E01001292,Ealing 014D,E09000009,Ealing,13.9,20084,7,0.1,18580,6,0.1,20312,7,9.4,22494,7,-0.7,25859,8,0.0,17179,6,27.6,8734,3,28.2,9852,3
E01001293,Ealing 014E,E09000009,Ealing,17.4,16678,6,0.1,14558,5,0.1,16129,5,11.5,20402,7,-0.2,19535,6,-0.4,21967,7,33.6,4773,2,21.6,14137,5
E01001294,Ealing 017A,E09000009,Ealing,22.5,12398,4,0.2,9962,4,0.1,14735,5,17.8,15272,5,-0.2,19112,6,0.6,8221,3,31.3,6113,2,24.1,12329,4
E01001295,Ealing 017B,E09000009,Ealing,17.2,16799,6,0.1,13239,5,0.1,17877,6,12.0,19969,7,-0.4,22337,7,-0.3,20778,7,30.6,6563,2,28.3,9777,3
E01001296,Ealing 017C,E09000009,Ealing,22.0,12764,4,0.1,11480,4,0.1,10911,4,16.3,16334,5,0.0,15565,5,-0.1,17892,6,30.7,6449,2,24.3,12202,4
E01001297,Ealing 017D,E09000009,Ealing,23.4,11800,4,0.1,11089,4,0.1,11100,4,15.4,17023,6,0.1,13764,5,0.3,12631,4,33.3,4931,2,22.2,13709,5
E01001298,Ealing 017E,E09000009,Ealing,28.0,9045,3,0.2,9364,3,0.1,11339,4,17.0,15831,5,0.8,5823,2,0.3,12486,4,35.8,3712,2,27.0,10558,4
E01001299,Ealing 035B,E09000009,Ealing,8.0,27061,9,0.1,25704,8,0.0,25019,8,1.8,31148,10,-1.2,29999,10,-0.5,24028,8,22.2,14076,5,28.0,9935,4
E01001300,Ealing 039A,E09000009,Ealing,8.9,25967,8,0.0,27650,9,0.0,28898,9,1.8,31126,10,-0.9,28051,9,0.2,13534,5,20.1,16524,6,34.7,6389,2
E01001301,Ealing 039B,E09000009,Ealing,20.0,14321,5,0.1,13939,5,0.1,18373,6,4.6,27749,9,0.2,13468,5,0.8,5600,2,28.7,7862,3,31.0,8232,3
E01001302,Ealing 039C,E09000009,Ealing,11.7,22524,7,0.1,23939,8,0.0,25527,8,1.3,31663,10,-0.9,28369,9,0.6,7617,3,23.8,12378,4,33.1,7163,3
E01001303,Ealing 032A,E09000009,Ealing,9.9,24632,8,0.1,25995,8,0.0,29565,10,0.7,32340,10,-1.1,29643,10,0.0,17243,6,21.5,14869,5,44.3,3087,1
E01001304,Ealing 039D,E09000009,Ealing,14.1,19885,7,0.1,16720,6,0.1,19020,6,1.7,31172,10,-0.4,21659,7,-0.2,19436,6,24.9,11190,4,32.5,7460,3
E01001305,Ealing 035C,E09000009,Ealing,7.7,27464,9,0.0,27190,9,0.0,25193,8,0.6,32428,10,-0.8,26787,9,-0.4,22230,7,20.5,16036,5,27.0,10573,4
E01001306,Ealing 035D,E09000009,Ealing,8.3,26685,9,0.1,24704,8,0.0,29824,10,1.1,31918,10,-0.8,26802,9,-0.5,23851,8,21.9,14446,5,33.7,6829,3
E01001307,Ealing 002A,E09000009,Ealing,11.1,23210,8,0.1,22225,7,0.0,27549,9,9.7,22160,7,-1.2,30411,10,-0.1,17560,6,28.5,8024,3,28.3,9757,3
E01001308,Ealing 002B,E09000009,Ealing,11.4,22868,7,0.1,21695,7,0.0,29629,10,8.3,23663,8,-1.2,30009,10,0.0,16669,6,34.1,4546,2,23.6,12728,4
E01001309,Ealing 001C,E09000009,Ealing,15.1,18839,6,0.1,17129,6,0.0,26261,8,11.3,20609,7,-0.8,26993,9,0.4,10310,4,32.1,5609,2,28.4,9719,3
E01001310,Ealing 001D,E09000009,Ealing,18.6,15589,5,0.1,13133,4,0.1,18887,6,14.9,17395,6,-0.6,24685,8,0.0,17009,6,36.3,3487,2,26.9,10605,4
E01001311,Ealing 001E,E09000009,Ealing,28.9,8519,3,0.2,6423,2,0.1,8631,3,21.7,12765,4,-0.2,18668,6,-0.2,19442,6,46.9,728,1,15.2,19006,6
E01001312,Ealing 002C,E09000009,Ealing,16.7,17313,6,0.1,15672,5,0.1,20043,7,11.7,20281,7,-0.8,26990,9,-0.1,17899,6,32.5,5392,2,34.1,6653,3
E01001313,Ealing 002D,E09000009,Ealing,13.7,20272,7,0.1,18084,6,0.1,23881,8,9.0,22861,7,-1.0,28516,9,-0.1,18229,6,33.3,4924,2,26.8,10668,4
E01001314,Ealing 002E,E09000009,Ealing,11.0,23394,8,0.1,22942,7,0.0,26919,9,7.1,24944,8,-1.0,28869,9,-0.3,20789,7,31.8,5767,2,26.5,10838,4
E01001315,Ealing 003A,E09000009,Ealing,18.3,15913,5,0.1,13281,5,0.1,18107,6,14.9,17453,6,-0.7,26046,8,0.1,15621,5,37.1,3167,1,20.8,14721,5
E01001316,Ealing 003B,E09000009,Ealing,31.8,7159,3,0.2,5448,2,0.1,8197,3,20.7,13312,5,0.0,15551,5,0.3,12421,4,45.3,1000,1,24.3,12205,4
E01001317,Ealing 003C,E09000009,Ealing,26.5,9896,4,0.2,9180,3,0.1,11715,4,21.9,12600,4,-0.2,19001,6,0.2,13580,5,43.3,1373,1,25.1,11732,4
E01001318,Ealing 003D,E09000009,Ealing,36.0,5532,2,0.2,4204,2,0.1,7458,3,23.5,11626,4,0.3,12218,4,0.8,5280,2,44.7,1112,1,22.5,13498,5
E01001319,Ealing 004B,E09000009,Ealing,18.0,16095,5,0.1,14954,5,0.1,19553,6,19.2,14290,5,-0.7,26244,8,-0.4,22449,7,39.7,2291,1,23.9,12461,4
E01001320,Ealing 003E,E09000009,Ealing,41.6,3831,2,0.3,3008,1,0.2,3258,1,32.3,7709,3,0.1,15160,5,0.5,8657,3,48.4,521,1,17.8,16965,6
E01001321,Ealing 003F,E09000009,Ealing,26.1,10147,4,0.2,10144,4,0.1,9845,3,19.7,13967,5,-0.3,19993,7,0.5,9197,3,38.0,2829,1,26.5,10840,4
E01001322,Ealing 004C,E09000009,Ealing,23.9,11458,4,0.1,10609,4,0.1,13097,4,10.1,21688,7,-0.6,24500,8,0.9,4468,2,36.6,3363,2,28.8,9488,3
E01001323,Ealing 004D,E09000009,Ealing,23.1,12015,4,0.1,14242,5,0.1,15890,5,10.9,21039,7,-0.5,23670,8,1.1,3003,1,33.5,4796,2,38.4,4823,2
E01001324,Ealing 008B,E09000009,Ealing,33.5,6468,2,0.2,7848,3,0.1,10813,4,15.5,17010,6,0.1,14345,5,0.9,3986,2,62.4,8,1,28.8,9534,3
E01001325,Ealing 009A,E09000009,Ealing,26.6,9812,3,0.2,7688,3,0.1,10803,4,22.7,12108,4,-0.1,17325,6,0.5,9299,3,35.5,3857,2,21.1,14486,5
E01001326,Ealing 008C,E09000009,Ealing,33.1,6645,3,0.2,7052,3,0.1,10134,4,18.9,14493,5,-0.2,18958,6,0.8,5840,2,56.0,45,1,28.6,9622,3
E01001327,Ealing 009B,E09000009,Ealing,30.8,7636,3,0.2,7083,3,0.1,8352,3,20.9,13183,5,-0.1,17601,6,0.8,5646,2,40.9,1947,1,26.2,11053,4
E01001328,Ealing 009C,E09000009,Ealing,33.6,6406,2,0.2,7035,3,0.1,9900,4,25.3,10686,4,0.1,15217,5,1.0,3476,2,46.7,781,1,27.4,10295,4
E01001329,Ealing 009D,E09000009,Ealing,24.1,11307,4,0.2,8385,3,0.1,15061,5,17.7,15326,5,-0.1,18084,6,0.5,8528,3,36.0,3662,2,22.5,13480,5
E01001330,Ealing 008D,E09000009,Ealing,42.9,3501,2,0.3,3074,1,0.2,4055,2,24.7,10982,4,0.1,14809,5,0.7,6356,2,57.9,24,1,28.3,9798,3
E01001331,Ealing 009E,E09000009,Ealing,37.3,5126,2,0.2,4160,2,0.2,6292,2,27.1,9768,3,0.4,10772,4,0.7,7008,3,43.9,1254,1,24.5,12086,4
E01001332,Ealing 008E,E09000009,Ealing,39.9,4277,2,0.3,3329,2,0.2,5214,2,22.1,12499,4,0.5,9448,3,0.4,10925,4,51.3,192,1,23.3,12905,4
E01001333,Ealing 038A,E09000009,Ealing,39.7,4369,2,0.2,4439,2,0.1,8457,3,27.1,9750,3,0.4,10121,4,1.1,3121,1,43.4,1342,1,42.6,3499,2
E01001334,Ealing 029C,E09000009,Ealing,41.2,3919,2,0.3,2510,1,0.2,3959,2,30.3,8418,3,0.3,11978,4,0.1,14437,5,46.9,724,1,24.3,12229,4
E01001335,Ealing 038B,E09000009,Ealing,20.9,13665,5,0.1,12952,4,0.1,16325,5,8.4,23514,8,-0.3,20069,7,0.5,9227,3,32.1,5600,2,37.2,5307,2
E01001336,Ealing 038C,E09000009,Ealing,24.9,10825,4,0.2,8938,3,0.1,11222,4,12.8,19259,6,-0.2,18611,6,0.1,14749,5,38.5,2662,1,30.3,8640,3
E01001337,Ealing 029D,E09000009,Ealing,35.7,5627,2,0.2,8454,3,0.1,7034,3,14.7,17574,6,0.4,10810,4,1.3,1763,1,48.9,463,1,26.6,10801,4
E01001338,Ealing 029E,E09000009,Ealing,27.2,9484,3,0.1,11605,4,0.1,9251,3,13.6,18481,6,0.1,13820,5,0.0,16980,6,47.1,705,1,28.3,9790,3
E01001339,Ealing 029F,E09000009,Ealing,35.6,5657,2,0.2,4587,2,0.2,5412,2,20.5,13506,5,0.0,16283,5,0.1,15510,5,52.2,139,1,21.2,14401,5
E01001340,Ealing 029G,E09000009,Ealing,38.0,4859,2,0.2,5984,2,0.2,2802,1,23.6,11544,4,0.3,12033,4,0.6,7130,3,45.3,1016,1,17.4,17307,6
E01001341,Ealing 005A,E09000009,Ealing,12.8,21235,7,0.1,18915,6,0.0,26680,9,13.3,18804,6,-1.0,28639,9,-0.5,23546,8,30.8,6406,2,30.1,8760,3
E01001342,Ealing 005B,E09000009,Ealing,14.8,19108,6,0.1,18234,6,0.0,25836,8,10.4,21480,7,-0.8,26515,9,-0.5,24268,8,34.9,4143,2,37.2,5306,2
E01001343,Ealing 005C,E09000009,Ealing,15.4,18564,6,0.1,16248,5,0.1,17453,6,13.8,18303,6,-1.0,28455,9,-0.4,21952,7,30.9,6331,2,24.7,11982,4
E01001344,Ealing 007A,E09000009,Ealing,18.4,15761,5,0.1,11817,4,0.1,16409,5,8.2,23760,8,-0.8,26564,9,-0.5,24323,8,42.4,1569,1,18.3,16570,6
E01001345,Ealing 005D,E09000009,Ealing,17.5,16547,6,0.1,13736,5,0.1,16887,6,15.7,16798,6,-0.5,23916,8,-0.5,23693,8,34.1,4518,2,23.1,13089,4
E01001346,Ealing 007B,E09000009,Ealing,12.0,22171,7,0.1,17336,6,0.1,24317,8,6.3,25877,8,-1.2,30139,10,-0.4,23063,8,26.0,10147,4,32.1,7638,3
E01001347,Ealing 007C,E09000009,Ealing,18.7,15517,5,0.1,16051,5,0.1,24089,8,13.8,18300,6,-0.8,26925,9,0.0,16975,6,44.4,1166,1,33.3,7063,3
E01001348,Ealing 007D,E09000009,Ealing,19.4,14879,5,0.1,11126,4,0.1,19815,7,8.3,23615,8,-0.7,25440,8,0.3,12378,4,31.3,6112,2,39.2,4524,2
E01001349,Ealing 006E,E09000009,Ealing,33.6,6422,2,0.2,8310,3,0.1,8877,3,17.3,15627,5,0.3,11611,4,1.2,2426,1,46.1,875,1,28.0,9977,4
E01001350,Ealing 027C,E09000009,Ealing,16.2,17789,6,0.1,18818,6,0.1,17460,6,2.0,30949,10,-0.3,21236,7,0.1,15074,5,34.0,4593,2,31.4,8031,3
E01001351,Ealing 025E,E09000009,Ealing,28.0,9030,3,0.2,9506,3,0.1,12440,4,4.5,27948,9,0.1,14015,5,1.3,1779,1,34.4,4389,2,37.5,5164,2
E01001352,Ealing 027D,E09000009,Ealing,15.2,18684,6,0.1,16005,5,0.1,24190,8,3.0,29772,10,-0.9,28257,9,0.3,12667,4,27.5,8859,3,42.5,3529,2
E01001353,Ealing 033A,E09000009,Ealing,23.4,11787,4,0.1,11564,4,0.1,15297,5,12.0,19889,7,-0.1,16931,6,0.4,10853,4,37.9,2876,1,34.8,6344,2
E01001354,Ealing 027E,E09000009,Ealing,22.2,12592,4,0.1,13494,5,0.1,19182,6,6.5,25559,8,0.6,8393,3,0.7,6276,2,27.0,9259,3,38.9,4636,2
E01001355,Ealing 033B,E09000009,Ealing,24.5,11088,4,0.1,10681,4,0.1,10752,4,6.8,25256,8,0.2,12558,4,0.3,11884,4,31.3,6111,2,37.5,5170,2
E01001356,Ealing 033C,E09000009,Ealing,45.9,2863,1,0.3,1455,1,0.2,1511,1,28.5,9204,3,0.4,10349,4,0.3,12199,4,39.5,2348,1,20.3,15042,5
E01001357,Ealing 033D,E09000009,Ealing,42.0,3722,2,0.3,1967,1,0.2,5423,2,11.7,20224,7,0.4,10722,4,0.7,5962,2,49.0,455,1,33.5,6946,3
E01001358,Ealing 033E,E09000009,Ealing,45.8,2888,1,0.3,1649,1,0.2,4547,2,26.5,10055,4,0.2,13255,5,0.1,15681,5,56.6,37,1,42.7,3481,2
E01001359,Ealing 026A,E09000009,Ealing,24.9,10824,4,0.1,11215,4,0.1,14832,5,22.8,12033,4,-0.2,19090,6,0.4,10722,4,42.0,1663,1,27.8,10074,4
E01001360,Ealing 026B,E09000009,Ealing,29.1,8447,3,0.1,10898,4,0.1,13956,5,21.0,13107,4,-0.2,18442,6,1.5,931,1,37.4,3041,1,31.9,7797,3
E01001361,Ealing 023E,E09000009,Ealing,34.2,6178,2,0.2,7997,3,0.1,10560,4,27.2,9727,3,-0.1,17239,6,1.2,1992,1,44.6,1122,1,35.8,5884,2
E01001362,Ealing 026C,E09000009,Ealing,29.2,8413,3,0.2,9883,4,0.1,9968,4,28.7,9112,3,0.1,14478,5,0.3,11752,4,42.1,1634,1,29.1,9305,3
E01001363,Ealing 026D,E09000009,Ealing,26.2,10083,4,0.1,10992,4,0.1,14262,5,30.0,8578,3,-0.2,19863,7,0.5,8782,3,42.0,1664,1,24.9,11861,4
E01001364,Ealing 026E,E09000009,Ealing,42.2,3672,2,0.3,2060,1,0.2,4173,2,26.2,10192,4,0.5,9100,3,0.5,9115,3,44.9,1067,1,21.6,14106,5
E01001365,Ealing 026F,E09000009,Ealing,28.0,9026,3,0.2,10206,4,0.1,10857,4,21.8,12694,4,0.3,11803,4,-0.1,18727,6,46.1,882,1,27.4,10286,4
E01001366,Ealing 037A,E09000009,Ealing,28.5,8743,3,0.2,8896,3,0.1,9610,3,24.0,11371,4,0.0,16295,5,-0.1,18079,6,45.0,1059,1,28.1,9902,4
E01001367,Ealing 037B,E09000009,Ealing,30.3,7890,3,0.2,7376,3,0.1,13159,5,30.7,8289,3,-0.3,20769,7,0.5,8784,3,45.0,1051,1,33.4,7008,3
E01001368,Ealing 037C,E09000009,Ealing,28.9,8520,3,0.2,9381,3,0.1,8181,3,22.1,12448,4,0.0,16643,6,0.7,6405,2,38.3,2745,1,25.5,11500,4
E01001369,Ealing 038D,E09000009,Ealing,24.9,10823,4,0.1,10895,4,0.1,16380,5,25.6,10535,4,-0.3,20875,7,0.3,12541,4,41.2,1867,1,33.5,6950,3
E01001370,Ealing 037D,E09000009,Ealing,25.9,10253,4,0.1,11500,4,0.1,13529,5,27.6,9582,3,-0.2,19162,6,0.7,6518,2,38.5,2664,1,26.4,10948,4
E01001371,Ealing 037E,E09000009,Ealing,27.1,9509,3,0.2,9089,3,0.1,12084,4,28.9,9032,3,-0.2,19349,6,0.3,11557,4,41.9,1690,1,23.8,12569,4
E01001372,Ealing 037F,E09000009,Ealing,31.0,7551,3,0.2,7368,3,0.1,8569,3,30.1,8511,3,-0.1,16957,6,0.2,14125,5,46.8,744,1,21.1,14521,5
E01001373,Ealing 037G,E09000009,Ealing,26.3,9995,4,0.2,8567,3,0.1,13434,5,27.3,9677,3,0.0,16085,5,0.1,15401,5,38.1,2793,1,28.3,9779,3
E01001374,Ealing 040A,E09000009,Ealing,11.2,23089,8,0.1,20771,7,0.0,24950,8,1.6,31381,10,-0.6,24513,8,-0.1,18426,6,28.1,8380,3,27.1,10491,4
E01001375,Ealing 034A,E09000009,Ealing,5.5,29992,10,0.0,30403,10,0.0,32163,10,0.3,32659,10,-1.2,30589,10,0.2,14149,5,18.2,18843,6,22.5,13521,5
E01001376,Ealing 040B,E09000009,Ealing,23.9,11416,4,0.2,7281,3,0.1,8441,3,11.0,20932,7,-0.2,19691,6,-0.1,17584,6,30.6,6550,2,23.0,13161,5
E01001377,Ealing 034B,E09000009,Ealing,8.2,26779,9,0.0,28165,9,0.0,31828,10,0.8,32280,10,-1.4,31434,10,0.1,15546,5,24.6,11489,4,34.3,6557,2
E01001379,Ealing 034C,E09000009,Ealing,6.5,28867,9,0.0,29004,9,0.0,31485,10,0.2,32750,10,-0.9,28346,9,-0.2,20225,7,21.0,15555,5,29.0,9384,3
E01001380,Ealing 040C,E09000009,Ealing,12.5,21610,7,0.1,18864,6,0.0,26362,9,1.3,31710,10,-0.8,26940,9,-0.1,18771,6,31.6,5894,2,32.8,7320,3
E01001381,Ealing 034D,E09000009,Ealing,18.0,16099,5,0.1,13279,5,0.1,16853,6,3.4,29282,9,-0.6,24297,8,-0.2,19561,6,29.0,7648,3,43.3,3337,2
E01001382,Ealing 032B,E09000009,Ealing,8.4,26572,9,0.0,30908,10,0.0,31902,10,0.4,32624,10,-0.9,28270,9,0.2,13466,5,21.9,14458,5,37.9,5043,2
E01001383,Ealing 028D,E09000009,Ealing,11.6,22673,7,0.1,21280,7,0.1,23911,8,2.0,30883,10,-0.3,20486,7,-0.2,19953,7,26.0,10159,4,29.0,9373,3
E01001384,Ealing 032C,E09000009,Ealing,9.8,24713,8,0.1,21306,7,0.0,26012,8,2.2,30666,10,-0.8,26845,9,-0.1,18807,6,22.5,13718,5,29.0,9356,3
E01001385,Ealing 032D,E09000009,Ealing,8.6,26344,9,0.1,23038,8,0.0,29403,9,0.3,32652,10,-1.2,30400,10,0.1,15505,5,22.6,13629,5,28.2,9815,3
E01001386,Ealing 031F,E09000009,Ealing,9.9,24623,8,0.1,24438,8,0.0,25379,8,0.7,32343,10,-0.8,27052,9,-0.1,18134,6,25.2,10892,4,31.3,8121,3
E01001387,Ealing 032E,E09000009,Ealing,16.5,17508,6,0.1,20783,7,0.1,19817,7,1.4,31622,10,-0.3,21337,7,0.1,15733,5,28.6,7946,3,49.6,1974,1
E01001388,Ealing 028E,E09000009,Ealing,34.8,5956,2,0.2,6335,2,0.2,6425,2,9.3,22592,7,0.3,11645,4,1.1,2967,1,36.2,3543,2,43.5,3300,2
E01001389,Ealing 028F,E09000009,Ealing,21.1,13509,5,0.1,12540,4,0.1,20874,7,4.4,28051,9,-0.4,21547,7,1.0,3583,2,27.1,9139,3,45.0,2897,1
E01032572,Ealing 040D,E09000009,Ealing,16.3,17645,6,0.1,15987,5,0.1,23142,8,5.8,26407,9,-0.3,19955,7,0.8,5387,2,27.3,8981,3,25.9,11205,4
E01032743,Ealing 010F,E09000009,Ealing,27.4,9353,3,0.2,7421,3,0.1,9824,3,13.0,19086,6,-0.2,18897,6,0.1,14736,5,47.3,655,1,18.7,16234,5
E01032744,Ealing 010G,E09000009,Ealing,33.8,6338,2,0.2,6557,2,0.1,10391,4,18.9,14469,5,0.7,7090,3,1.1,3113,1,40.7,2005,1,27.3,10345,4
E01001390,Enfield 036A,E09000010,Enfield,10.5,23838,8,0.1,20190,7,0.0,26347,9,3.0,29684,10,-1.3,31093,10,0.0,17263,6,30.0,6988,3,22.8,13244,5
E01001391,Enfield 036B,E09000010,Enfield,25.6,10400,4,0.1,11952,4,0.1,13568,5,13.6,18527,6,-0.2,19766,7,0.4,10118,4,47.5,632,1,31.4,8075,3
E01001392,Enfield 032A,E09000010,Enfield,10.7,23651,8,0.1,22317,7,0.0,27275,9,3.6,28985,9,-1.4,31359,10,-0.4,22031,7,28.1,8374,3,36.0,5823,2
E01001393,Enfield 036C,E09000010,Enfield,19.1,15156,5,0.1,14490,5,0.1,17419,6,8.2,23727,8,-0.3,20564,7,0.0,16129,5,35.6,3819,2,34.7,6357,2
E01001394,Enfield 035A,E09000010,Enfield,27.0,9612,3,0.2,6254,2,0.1,15985,5,14.8,17494,6,-0.5,23974,8,0.5,9264,3,40.8,1960,1,37.7,5083,2
E01001395,Enfield 035B,E09000010,Enfield,35.3,5795,2,0.2,4850,2,0.2,4870,2,21.5,12843,4,-0.3,20676,7,0.7,7027,3,46.7,778,1,20.8,14711,5
E01001396,Enfield 036D,E09000010,Enfield,19.0,15197,5,0.1,10980,4,0.1,21677,7,12.2,19732,7,-0.8,27227,9,0.5,8975,3,33.5,4834,2,29.0,9364,3
E01001397,Enfield 035C,E09000010,Enfield,24.6,10992,4,0.2,7422,3,0.1,12497,4,12.4,19539,6,-0.9,28156,9,0.3,12205,4,40.3,2104,1,29.1,9346,3
E01001398,Enfield 021A,E09000010,Enfield,9.2,25510,8,0.1,22054,7,0.0,26258,8,5.0,27355,9,-0.8,27134,9,-0.3,21307,7,20.3,16311,5,28.3,9803,3
E01001399,Enfield 021B,E09000010,Enfield,11.2,23079,8,0.1,20426,7,0.1,24630,8,10.0,21796,7,-1.0,29010,9,0.1,14647,5,24.2,11909,4,22.7,13340,5
E01001400,Enfield 021C,E09000010,Enfield,10.4,24050,8,0.1,21749,7,0.1,21851,7,4.3,28101,9,-0.7,26424,9,-0.5,23810,8,27.7,8672,3,20.1,15248,5
E01001401,Enfield 016A,E09000010,Enfield,12.4,21705,7,0.1,20166,7,0.1,23229,8,9.8,22025,7,-1.3,31054,10,0.3,12082,4,23.7,12418,4,29.2,9268,3
E01001402,Enfield 021D,E09000010,Enfield,9.0,25812,8,0.1,21433,7,0.0,25144,8,5.0,27342,9,-1.3,30598,10,-0.3,21162,7,25.9,10297,4,17.2,17441,6
E01001403,Enfield 021E,E09000010,Enfield,15.9,18070,6,0.1,16882,6,0.1,20573,7,12.5,19490,6,-0.8,26575,9,0.0,17171,6,33.7,4725,2,28.1,9889,4
E01001404,Enfield 026A,E09000010,Enfield,19.2,15105,5,0.1,13706,5,0.1,17708,6,15.2,17198,6,-0.7,25676,8,0.4,9981,4,37.3,3102,1,19.9,15406,5
E01001405,Enfield 015A,E09000010,Enfield,12.1,22069,7,0.1,17645,6,0.1,24418,8,4.8,27570,9,-0.4,21676,7,-0.4,22899,7,31.6,5884,2,16.8,17772,6
E01001406,Enfield 015B,E09000010,Enfield,24.5,11086,4,0.2,10417,4,0.1,10407,4,13.5,18591,6,-0.2,19299,6,0.4,10894,4,36.0,3661,2,29.8,8951,3
E01001407,Enfield 005A,E09000010,Enfield,18.5,15675,5,0.1,15213,5,0.1,18465,6,15.8,16769,6,-0.9,27806,9,0.7,6379,2,32.6,5344,2,23.6,12732,4
E01001408,Enfield 004A,E09000010,Enfield,16.7,17296,6,0.1,15251,5,0.1,18625,6,8.3,23651,8,-0.6,24774,8,-0.2,19537,6,24.5,11631,4,44.0,3149,1
E01001409,Enfield 005B,E09000010,Enfield,34.9,5926,2,0.2,5268,2,0.1,6886,3,21.1,13088,4,-0.3,20124,7,0.4,9996,4,48.8,468,1,34.9,6274,2
E01001410,Enfield 005C,E09000010,Enfield,45.5,2967,1,0.3,2702,1,0.2,3900,2,39.3,5555,2,0.5,9299,3,0.2,13685,5,61.5,10,1,28.0,9972,4
E01001411,Enfield 004B,E09000010,Enfield,13.4,20608,7,0.1,15867,5,0.1,20091,7,8.1,23848,8,-1.0,28487,9,-0.2,19528,6,25.9,10216,4,26.1,11085,4
E01001412,Enfield 004C,E09000010,Enfield,28.4,8853,3,0.1,10956,4,0.1,13733,5,20.9,13225,5,-0.8,26509,9,0.8,5796,2,49.9,337,1,34.1,6662,3
E01001413,Enfield 004D,E09000010,Enfield,7.8,27340,9,0.1,26182,8,0.0,28716,9,4.9,27424,9,-0.8,27495,9,-0.2,20058,7,26.7,9584,3,16.1,18348,6
E01001414,Enfield 004E,E09000010,Enfield,42.8,3518,2,0.3,2972,1,0.2,3976,2,37.3,6099,2,0.2,13228,5,-0.4,22130,7,50.7,245,1,35.9,5861,2
E01001415,Enfield 011A,E09000010,Enfield,15.5,18476,6,0.1,12591,4,0.1,24119,8,6.6,25464,8,-0.8,27362,9,0.2,12737,4,35.5,3845,2,17.2,17426,6
E01001416,Enfield 013A,E09000010,Enfield,7.7,27463,9,0.1,23558,8,0.0,29747,10,3.9,28653,9,-1.5,31765,10,-0.6,25079,8,25.3,10805,4,24.3,12255,4
E01001417,Enfield 011B,E09000010,Enfield,8.3,26756,9,0.0,30206,10,0.0,31701,10,3.8,28772,9,-1.7,32262,10,-0.7,25848,8,41.2,1854,1,13.1,20950,7
E01001418,Enfield 011C,E09000010,Enfield,21.1,13494,5,0.2,10450,4,0.1,11063,4,7.5,24452,8,-0.3,21247,7,0.1,14705,5,36.0,3657,2,17.9,16872,6
E01001419,Enfield 020A,E09000010,Enfield,15.2,18716,6,0.1,16418,5,0.1,18125,6,3.7,28828,9,-1.0,28725,9,0.2,13033,4,35.4,3914,2,19.6,15610,5
E01001420,Enfield 020B,E09000010,Enfield,26.4,9953,4,0.2,9869,4,0.1,11999,4,20.4,13554,5,-0.1,16959,6,-0.1,17433,6,46.2,867,1,25.7,11321,4
E01001421,Enfield 020C,E09000010,Enfield,26.7,9728,3,0.2,7283,3,0.1,12256,4,14.9,17450,6,-0.3,19981,7,-0.2,19229,6,47.0,710,1,27.2,10433,4
E01001422,Enfield 011D,E09000010,Enfield,7.9,27233,9,0.0,31696,10,0.0,32513,10,2.0,30926,10,-2.1,32679,10,-0.8,27584,9,44.2,1210,1,9.6,24447,8
E01001423,Enfield 027A,E09000010,Enfield,31.8,7161,3,0.2,6203,2,0.1,9488,3,28.5,9184,3,-0.5,22853,7,0.6,8041,3,43.8,1270,1,31.6,7943,3
E01001424,Enfield 030A,E09000010,Enfield,45.7,2918,1,0.3,1393,1,0.2,3393,2,24.9,10880,4,0.4,10858,4,0.8,5842,2,46.5,802,1,24.6,12033,4
E01001425,Enfield 027B,E09000010,Enfield,48.2,2455,1,0.3,2257,1,0.2,5206,2,38.9,5653,2,0.0,16449,6,1.6,849,1,49.5,387,1,36.8,5453,2
E01001426,Enfield 030B,E09000010,Enfield,41.0,3965,2,0.2,4224,2,0.1,7285,3,36.8,6238,2,0.2,12726,4,1.2,2362,1,49.3,417,1,26.1,11122,4
E01001427,Enfield 030C,E09000010,Enfield,42.6,3582,2,0.3,2681,1,0.2,5546,2,40.6,5226,2,-0.2,19030,6,0.6,8263,3,53.7,88,1,27.8,10102,4
E01001428,Enfield 027C,E09000010,Enfield,38.1,4845,2,0.2,4378,2,0.2,5129,2,38.1,5875,2,-0.2,18972,6,0.4,10141,4,44.9,1071,1,31.1,8185,3
E01001429,Enfield 030D,E09000010,Enfield,46.4,2781,1,0.3,1895,1,0.2,3963,2,37.9,5947,2,0.4,10930,4,1.1,3051,1,37.7,2940,1,38.4,4831,2
E01001430,Enfield 030E,E09000010,Enfield,42.1,3702,2,0.3,2292,1,0.2,5739,2,39.9,5393,2,-0.2,19698,6,0.5,8631,3,47.4,637,1,33.8,6792,3
E01001431,Enfield 033A,E09000010,Enfield,43.3,3388,2,0.3,2789,1,0.2,5519,2,33.8,7156,3,-0.1,17990,6,0.6,7101,3,54.0,83,1,37.5,5157,2
E01001432,Enfield 033B,E09000010,Enfield,39.6,4375,2,0.2,4564,2,0.1,8068,3,29.0,8985,3,-0.1,16803,6,0.9,4385,2,47.0,709,1,48.4,2189,1
E01001433,Enfield 007A,E09000010,Enfield,36.1,5499,2,0.2,5005,2,0.1,7568,3,48.0,3585,2,-0.1,17548,6,0.0,15931,5,45.9,908,1,27.7,10113,4
E01001434,Enfield 007B,E09000010,Enfield,28.2,8928,3,0.2,8659,3,0.1,13419,5,34.9,6790,3,-0.4,21607,7,0.4,9899,4,42.3,1589,1,27.4,10316,4
E01001435,Enfield 007C,E09000010,Enfield,26.2,10023,4,0.2,9198,3,0.1,14682,5,32.1,7765,3,-0.6,24050,8,0.8,4995,2,32.1,5577,2,31.1,8193,3
E01001436,Enfield 007D,E09000010,Enfield,28.6,8730,3,0.2,5403,2,0.1,9506,3,25.3,10668,4,-0.4,22474,7,0.3,11571,4,34.3,4415,2,27.4,10297,4
E01001437,Enfield 014A,E09000010,Enfield,38.8,4642,2,0.3,3246,1,0.2,6537,2,29.6,8760,3,0.1,14217,5,-0.3,21581,7,50.5,266,1,35.9,5837,2
E01001438,Enfield 007E,E09000010,Enfield,34.9,5904,2,0.2,4234,2,0.1,7526,3,30.0,8559,3,-0.2,19757,7,0.8,5728,2,40.6,2023,1,28.7,9567,3
E01001439,Enfield 006A,E09000010,Enfield,35.3,5806,2,0.3,3989,2,0.2,6609,3,32.4,7648,3,-0.4,22676,7,0.6,7908,3,41.4,1793,1,28.0,9956,4
E01001440,Enfield 012A,E09000010,Enfield,30.6,7766,3,0.2,6299,2,0.1,9831,3,28.4,9213,3,-0.5,23741,8,0.9,4739,2,37.6,2979,1,28.0,9933,4
E01001441,Enfield 006B,E09000010,Enfield,37.1,5182,2,0.2,4551,2,0.1,7172,3,30.4,8388,3,-0.2,18721,6,1.0,3615,2,46.4,816,1,26.0,11141,4
E01001442,Enfield 002A,E09000010,Enfield,44.5,3165,1,0.3,1826,1,0.2,4593,2,38.8,5678,2,0.5,9503,3,0.3,12622,4,42.5,1536,1,36.8,5477,2
E01001444,Enfield 001A,E09000010,Enfield,22.8,12215,4,0.1,11829,4,0.1,17226,6,22.7,12097,4,-0.5,23057,8,0.3,11599,4,39.9,2202,1,28.8,9514,3
E01001445,Enfield 003B,E09000010,Enfield,29.8,8094,3,0.2,6199,2,0.1,12614,4,23.4,11695,4,-0.7,25961,8,0.2,13834,5,44.8,1095,1,41.3,3846,2
E01001446,Enfield 001B,E09000010,Enfield,27.9,9085,3,0.2,7435,3,0.1,10541,4,28.9,9031,3,-0.5,23612,8,0.1,14362,5,36.1,3591,2,35.8,5905,2
E01001447,Enfield 003C,E09000010,Enfield,42.8,3524,2,0.3,2142,1,0.2,3875,2,32.6,7581,3,0.1,14413,5,0.2,13265,5,51.7,167,1,19.2,15864,5
E01001448,Enfield 003D,E09000010,Enfield,30.2,7950,3,0.2,5293,2,0.1,8549,3,26.2,10236,4,-0.4,21487,7,0.2,14222,5,40.6,2027,1,24.7,11953,4
E01001449,Enfield 003E,E09000010,Enfield,29.4,8289,3,0.2,5720,2,0.1,11734,4,31.9,7864,3,-0.5,23189,8,0.2,14097,5,45.9,903,1,18.4,16526,6
E01001450,Enfield 015C,E09000010,Enfield,21.4,13223,5,0.1,12059,4,0.1,19354,6,14.1,18034,6,-0.5,23812,8,0.4,10459,4,42.3,1582,1,27.8,10104,4
E01001451,Enfield 017A,E09000010,Enfield,16.8,17172,6,0.1,22021,7,0.1,23042,8,4.5,27865,9,-1.4,31220,10,1.1,2942,1,39.4,2364,1,24.7,11989,4
E01001452,Enfield 017B,E09000010,Enfield,11.4,22909,7,0.1,23369,8,0.0,25898,8,5.1,27218,9,-1.3,30777,10,-0.2,19135,6,35.2,3990,2,25.3,11562,4
E01001453,Enfield 017C,E09000010,Enfield,6.2,29230,9,0.0,30342,10,0.0,29928,10,2.8,29983,10,-1.7,32297,10,-0.8,27017,9,30.6,6558,2,16.1,18339,6
E01001454,Enfield 017D,E09000010,Enfield,9.1,25609,8,0.1,23124,8,0.0,27439,9,1.9,31010,10,-1.3,30772,10,-0.6,25108,8,31.0,6283,2,24.3,12219,4
E01001455,Enfield 021F,E09000010,Enfield,11.2,23129,8,0.1,22035,7,0.0,26073,8,10.9,20999,7,-0.9,27686,9,-0.7,26339,9,35.3,3956,2,16.6,17910,6
E01001456,Enfield 022A,E09000010,Enfield,5.7,29825,10,0.1,25598,8,0.0,30811,10,1.3,31707,10,-1.6,31907,10,-0.6,24939,8,20.5,16125,5,22.1,13795,5
E01001457,Enfield 010A,E09000010,Enfield,13.9,20056,7,0.1,17805,6,0.1,19171,6,7.3,24702,8,-0.6,25147,8,-1.0,29179,9,37.4,3051,1,16.6,17924,6
E01001458,Enfield 037A,E09000010,Enfield,40.3,4196,2,0.3,3278,1,0.2,4994,2,44.8,4221,2,0.0,15692,5,0.3,12201,4,45.1,1035,1,27.2,10419,4
E01001459,Enfield 024A,E09000010,Enfield,23.8,11498,4,0.2,8499,3,0.1,12415,4,24.4,11133,4,-0.9,28049,9,0.4,10255,4,33.9,4646,2,22.4,13577,5
E01001460,Enfield 024B,E09000010,Enfield,38.3,4797,2,0.2,4707,2,0.1,7062,3,38.8,5690,2,-0.1,18362,6,0.6,7844,3,45.5,976,1,39.5,4443,2
E01001461,Enfield 027D,E09000010,Enfield,40.0,4246,2,0.3,2551,1,0.2,4650,2,37.1,6180,2,-0.2,19133,6,0.3,11228,4,45.1,1050,1,26.1,11105,4
E01001462,Enfield 024C,E09000010,Enfield,35.1,5863,2,0.3,3836,2,0.1,7802,3,26.4,10130,4,-0.7,25506,8,0.6,8024,3,46.6,789,1,30.9,8304,3
E01001463,Enfield 031A,E09000010,Enfield,22.7,12284,4,0.2,8354,3,0.1,15709,5,21.4,12930,4,-0.6,24331,8,0.2,14109,5,36.9,3252,1,21.7,14031,5
E01001464,Enfield 027E,E09000010,Enfield,38.3,4782,2,0.3,2993,1,0.2,5285,2,40.5,5248,2,0.0,15737,5,0.2,14058,5,40.5,2057,1,27.1,10453,4
E01001465,Enfield 031B,E09000010,Enfield,24.4,11104,4,0.2,10403,4,0.1,14081,5,25.9,10353,4,-0.8,27345,9,0.2,13633,5,42.0,1658,1,28.2,9838,3
E01001466,Enfield 031C,E09000010,Enfield,28.3,8860,3,0.2,6494,2,0.1,15267,5,33.2,7378,3,-0.6,24309,8,0.2,12739,4,40.4,2090,1,34.8,6347,2
E01001467,Enfield 031D,E09000010,Enfield,26.5,9903,4,0.2,7659,3,0.1,13174,5,22.7,12103,4,-0.8,26931,9,0.1,15047,5,40.9,1955,1,36.1,5781,2
E01001468,Enfield 010B,E09000010,Enfield,29.8,8107,3,0.1,11878,4,0.2,4492,2,10.3,21501,7,0.4,9916,4,0.1,15636,5,48.4,522,1,10.5,23576,8
E01001469,Enfield 008A,E09000010,Enfield,23.3,11863,4,0.1,11514,4,0.1,11262,4,16.7,16015,5,-0.7,25957,8,-0.5,24299,8,50.0,313,1,12.4,21579,7
E01001470,Enfield 013B,E09000010,Enfield,10.6,23825,8,0.1,19961,7,0.1,20187,7,5.3,26912,9,-1.3,30877,10,-0.7,26254,8,31.3,6076,2,11.3,22656,7
E01001471,Enfield 010C,E09000010,Enfield,17.4,16683,6,0.1,14878,5,0.1,17961,6,7.1,24902,8,-0.9,27655,9,-0.6,25166,8,45.3,1009,1,20.1,15179,5
E01001472,Enfield 010D,E09000010,Enfield,13.8,20183,7,0.1,16347,5,0.1,22875,7,8.2,23752,8,-1.2,30362,10,-0.7,25693,8,39.6,2321,1,16.9,17647,6
E01001473,Enfield 013C,E09000010,Enfield,16.0,17974,6,0.1,13450,5,0.1,15807,5,14.3,17871,6,-0.7,25558,8,-0.4,22071,7,30.6,6540,2,12.9,21111,7
E01001474,Enfield 010E,E09000010,Enfield,13.1,20983,7,0.1,20155,7,0.1,20226,7,2.1,30734,10,-1.2,30403,10,-0.2,20116,7,41.5,1779,1,11.9,22066,7
E01001475,Enfield 013D,E09000010,Enfield,7.3,27973,9,0.1,25049,8,0.0,28416,9,5.8,26389,9,-1.3,30820,10,-0.9,28116,9,25.7,10416,4,19.6,15602,5
E01001476,Enfield 018A,E09000010,Enfield,28.0,9017,3,0.2,6368,2,0.1,10727,4,30.8,8280,3,-0.5,23084,8,0.3,11588,4,36.7,3306,2,24.2,12279,4
E01001477,Enfield 018B,E09000010,Enfield,35.0,5893,2,0.2,5447,2,0.2,5679,2,33.8,7151,3,-0.1,17850,6,0.4,10669,4,42.8,1469,1,26.5,10859,4
E01001478,Enfield 016B,E09000010,Enfield,25.9,10250,4,0.1,10916,4,0.1,11562,4,23.8,11451,4,0.0,15977,5,0.3,11292,4,38.7,2577,1,26.3,10975,4
E01001479,Enfield 023A,E09000010,Enfield,33.3,6554,2,0.2,5598,2,0.1,10492,4,29.0,8987,3,-0.2,19605,6,0.5,8839,3,42.0,1652,1,42.2,3612,2
E01001480,Enfield 024D,E09000010,Enfield,30.6,7739,3,0.2,7133,3,0.1,10874,4,19.9,13809,5,0.0,15576,5,0.3,11738,4,48.7,486,1,28.9,9427,3
E01001481,Enfield 018C,E09000010,Enfield,26.5,9869,4,0.2,7680,3,0.1,11932,4,22.7,12071,4,-0.3,21027,7,0.2,13166,5,37.5,3034,1,31.5,7978,3
E01001482,Enfield 023B,E09000010,Enfield,38.5,4720,2,0.2,4329,2,0.2,6430,2,32.9,7481,3,-0.3,19917,7,0.7,6588,3,47.9,581,1,35.4,6055,2
E01001483,Enfield 025A,E09000010,Enfield,53.7,1643,1,0.3,1115,1,0.2,2749,1,37.8,5962,2,0.4,10163,4,0.7,6633,3,57.5,28,1,42.2,3606,2
E01001484,Enfield 016C,E09000010,Enfield,24.5,11064,4,0.1,10596,4,0.1,14198,5,23.5,11615,4,-0.6,24935,8,0.6,8012,3,36.3,3489,2,32.1,7657,3
E01001485,Enfield 025B,E09000010,Enfield,37.1,5172,2,0.2,4930,2,0.1,9260,3,33.2,7374,3,-0.3,19941,7,0.9,4459,2,46.8,749,1,38.9,4647,2
E01001486,Enfield 025C,E09000010,Enfield,41.5,3856,2,0.3,2397,1,0.2,5289,2,39.5,5504,2,-0.2,19332,6,0.3,11715,4,51.4,186,1,23.4,12817,4
E01001487,Enfield 023C,E09000010,Enfield,35.0,5869,2,0.2,5216,2,0.1,6656,3,32.5,7615,3,-0.2,19574,6,0.4,10287,4,44.7,1108,1,31.0,8256,3
E01001488,Enfield 024E,E09000010,Enfield,30.5,7798,3,0.2,6094,2,0.1,11081,4,29.3,8862,3,-0.6,24308,8,0.6,8132,3,41.8,1716,1,31.3,8111,3
E01001489,Enfield 023D,E09000010,Enfield,30.9,7594,3,0.2,7482,3,0.1,9787,3,35.1,6724,3,-0.4,21734,7,0.5,8518,3,41.3,1836,1,30.3,8648,3
E01001491,Enfield 023E,E09000010,Enfield,32.8,6746,3,0.2,5809,2,0.1,8819,3,25.4,10616,4,-0.3,20101,7,0.5,9429,3,44.7,1116,1,35.1,6221,2
E01001492,Enfield 025E,E09000010,Enfield,32.0,7065,3,0.2,5968,2,0.1,9747,3,27.6,9552,3,-0.4,22708,7,0.8,5822,2,42.6,1520,1,31.0,8278,3
E01001493,Enfield 026B,E09000010,Enfield,29.2,8384,3,0.2,8163,3,0.1,7627,3,22.3,12328,4,-0.1,17529,6,-0.4,22177,7,48.0,568,1,20.7,14781,5
E01001494,Enfield 026C,E09000010,Enfield,15.5,18473,6,0.1,14220,5,0.1,21766,7,13.8,18354,6,-0.7,26165,8,-0.4,22139,7,33.7,4720,2,22.3,13649,5
E01001495,Enfield 029A,E09000010,Enfield,12.5,21557,7,0.1,19692,6,0.0,25040,8,5.4,26833,9,-1.0,28850,9,0.1,15196,5,29.2,7478,3,30.9,8344,3
E01001496,Enfield 026D,E09000010,Enfield,14.3,19665,6,0.1,16129,5,0.1,21058,7,7.5,24439,8,-0.9,27759,9,-0.1,18846,6,32.0,5635,2,25.2,11645,4
E01001497,Enfield 031E,E09000010,Enfield,23.5,11718,4,0.2,8255,3,0.1,15150,5,14.2,18028,6,-0.7,25913,8,0.4,10040,4,40.9,1957,1,23.0,13115,4
E01001498,Enfield 029B,E09000010,Enfield,17.4,16629,6,0.1,13627,5,0.1,20671,7,7.1,24972,8,-0.7,26391,9,0.2,13585,5,31.8,5790,2,36.4,5628,2
E01001499,Enfield 031F,E09000010,Enfield,24.0,11372,4,0.2,8739,3,0.1,14710,5,13.7,18449,6,-0.3,20361,7,0.2,13028,4,39.6,2312,1,30.3,8638,3
E01001500,Enfield 035D,E09000010,Enfield,19.8,14503,5,0.1,13669,5,0.1,19137,6,9.3,22577,7,-0.7,25801,8,0.7,6857,3,35.2,3968,2,33.2,7117,3
E01001501,Enfield 036E,E09000010,Enfield,26.3,9993,4,0.2,9108,3,0.1,14125,5,11.4,20506,7,-0.1,18037,6,0.6,8009,3,41.1,1911,1,36.5,5567,2
E01001502,Enfield 018D,E09000010,Enfield,31.2,7448,3,0.2,6575,3,0.1,10771,4,31.3,8074,3,-0.5,23277,8,0.6,7199,3,41.4,1813,1,34.0,6666,3
E01001503,Enfield 018E,E09000010,Enfield,28.2,8948,3,0.2,6422,2,0.1,13323,5,27.0,9843,3,-0.4,22638,7,0.5,9539,3,38.5,2643,1,31.5,7974,3
E01001504,Enfield 012B,E09000010,Enfield,30.3,7894,3,0.2,7704,3,0.1,8951,3,27.4,9640,3,-0.3,20589,7,0.5,9081,3,39.5,2347,1,34.1,6626,3
E01001505,Enfield 012C,E09000010,Enfield,33.6,6432,2,0.2,4897,2,0.1,7268,3,27.3,9712,3,-0.1,18196,6,0.4,9969,4,41.4,1809,1,30.2,8712,3
E01001506,Enfield 014B,E09000010,Enfield,38.7,4674,2,0.3,3380,2,0.1,6817,3,32.9,7471,3,0.0,15969,5,0.7,6069,2,45.0,1053,1,30.1,8742,3
E01001507,Enfield 012D,E09000010,Enfield,40.5,4121,2,0.3,3699,2,0.2,4915,2,31.0,8180,3,-0.3,20334,7,0.9,4266,2,47.3,660,1,32.2,7591,3
E01001508,Enfield 012E,E09000010,Enfield,31.9,7139,3,0.2,5316,2,0.1,10246,4,22.9,11951,4,-0.3,20499,7,0.5,8521,3,45.2,1032,1,31.0,8236,3
E01001509,Enfield 014C,E09000010,Enfield,34.3,6129,2,0.2,5680,2,0.1,7990,3,28.4,9219,3,-0.8,26642,9,0.3,11391,4,47.8,600,1,40.9,3974,2
E01001510,Enfield 014D,E09000010,Enfield,47.2,2622,1,0.3,2023,1,0.2,2949,1,40.4,5268,2,0.5,9036,3,0.5,8871,3,38.3,2739,1,43.7,3258,1
E01001511,Enfield 016D,E09000010,Enfield,21.9,12867,4,0.1,12569,4,0.1,15307,5,12.9,19110,6,-0.5,23201,8,0.9,4834,2,30.2,6814,3,33.4,7029,3
E01001512,Enfield 015D,E09000010,Enfield,18.4,15781,5,0.1,13578,5,0.1,19486,6,12.2,19797,7,-0.8,27460,9,-0.1,18261,6,36.8,3285,2,33.7,6845,3
E01001513,Enfield 012F,E09000010,Enfield,33.4,6497,2,0.2,4937,2,0.1,7654,3,26.0,10301,4,-0.1,17345,6,0.7,6625,3,41.1,1893,1,25.3,11563,4
E01001514,Enfield 016E,E09000010,Enfield,21.7,12968,4,0.2,10471,4,0.1,13722,5,19.2,14258,5,-0.7,25596,8,-0.1,18587,6,32.6,5306,2,33.8,6778,3
E01001515,Enfield 015E,E09000010,Enfield,37.1,5175,2,0.3,4004,2,0.1,7256,3,28.1,9365,3,0.2,13368,5,0.0,17168,6,48.1,558,1,36.7,5508,2
E01001516,Enfield 005D,E09000010,Enfield,28.9,8539,3,0.2,7553,3,0.1,8769,3,26.9,9879,4,-0.3,20251,7,0.0,15950,5,41.9,1677,1,26.7,10741,4
E01001517,Enfield 006C,E09000010,Enfield,48.7,2365,1,0.3,1328,1,0.2,2730,1,57.2,2078,1,0.3,11725,4,0.5,9495,3,43.9,1261,1,16.0,18395,6
E01001518,Enfield 016F,E09000010,Enfield,22.4,12462,4,0.1,10701,4,0.1,16298,5,7.0,25044,8,-0.4,22362,7,0.8,5027,2,31.2,6169,2,37.7,5090,2
E01001519,Enfield 020D,E09000010,Enfield,13.2,20796,7,0.1,13460,5,0.1,24712,8,3.3,29348,9,-1.2,30314,10,-0.6,24823,8,35.8,3725,2,20.3,15034,5
E01001520,Enfield 019A,E09000010,Enfield,17.4,16603,6,0.1,14009,5,0.1,14519,5,6.8,25302,8,-0.8,26796,9,-0.3,20357,7,39.6,2319,1,16.0,18422,6
E01001521,Enfield 028A,E09000010,Enfield,8.9,25863,8,0.1,23510,8,0.0,28123,9,1.6,31324,10,-1.3,30897,10,-0.3,21345,7,32.2,5545,2,19.3,15817,5
E01001522,Enfield 019B,E09000010,Enfield,14.1,19881,7,0.1,13674,5,0.1,20331,7,12.5,19499,6,-0.9,28172,9,-0.5,23310,8,32.3,5494,2,10.7,23348,8
E01001523,Enfield 019C,E09000010,Enfield,8.8,26051,8,0.1,22621,7,0.0,28655,9,4.4,28025,9,-1.1,29795,10,-0.1,17844,6,29.0,7636,3,14.8,19380,6
E01001524,Enfield 019D,E09000010,Enfield,21.1,13445,5,0.2,10376,4,0.1,12812,4,12.3,19693,6,-0.6,24185,8,-0.6,25072,8,41.0,1927,1,22.2,13747,5
E01001525,Enfield 020E,E09000010,Enfield,16.8,17196,6,0.1,15368,5,0.1,19559,6,5.2,27045,9,-0.5,23866,8,0.1,15865,5,35.4,3877,2,30.6,8474,3
E01001526,Enfield 019E,E09000010,Enfield,10.2,24301,8,0.1,24595,8,0.0,29029,9,4.3,28138,9,-1.4,31493,10,-1.1,29555,9,43.8,1262,1,12.1,21876,7
E01001527,Enfield 036F,E09000010,Enfield,15.8,18129,6,0.1,16884,6,0.1,22205,7,4.4,28026,9,-0.7,26362,9,0.3,11584,4,35.2,4010,2,30.3,8617,3
E01001528,Enfield 032B,E09000010,Enfield,34.9,5918,2,0.2,5015,2,0.1,7161,3,30.3,8423,3,-0.2,19265,6,0.3,11311,4,46.3,845,1,31.7,7907,3
E01001529,Enfield 032C,E09000010,Enfield,32.2,6993,3,0.2,5331,2,0.1,8316,3,19.3,14185,5,0.3,11505,4,0.7,6594,3,37.7,2920,1,26.1,11111,4
E01001530,Enfield 032D,E09000010,Enfield,20.5,13931,5,0.1,12747,4,0.1,15668,5,6.3,25886,8,-0.8,27327,9,0.5,9759,3,38.1,2806,1,32.9,7234,3
E01001531,Enfield 028B,E09000010,Enfield,8.4,26522,9,0.0,26881,9,0.0,28832,9,1.0,31991,10,-1.5,31552,10,-0.4,22445,7,31.1,6213,2,26.3,10977,4
E01001532,Enfield 028C,E09000010,Enfield,8.5,26409,9,0.1,24743,8,0.0,26789,9,1.0,31988,10,-1.7,32191,10,-0.4,22030,7,27.2,9072,3,26.9,10619,4
E01001533,Enfield 028D,E09000010,Enfield,7.1,28218,9,0.1,25217,8,0.0,28064,9,2.0,30901,10,-1.0,28500,9,-0.5,24160,8,22.9,13320,5,21.6,14122,5
E01001534,Enfield 032E,E09000010,Enfield,11.2,23107,8,0.1,23449,8,0.0,27827,9,3.4,29271,9,-1.4,31253,10,0.5,9482,3,32.1,5556,2,22.5,13461,5
E01001535,Enfield 028E,E09000010,Enfield,14.4,19585,6,0.1,19074,6,0.1,24453,8,3.3,29391,9,-1.1,29531,9,0.7,5986,2,30.9,6332,2,28.0,9944,4
E01001536,Enfield 008B,E09000010,Enfield,18.8,15451,5,0.1,14137,5,0.1,15577,5,8.3,23606,8,-0.6,24526,8,0.5,8468,3,28.1,8333,3,32.7,7341,3
E01001537,Enfield 005E,E09000010,Enfield,11.6,22687,7,0.1,17171,6,0.0,25838,8,7.8,24121,8,-0.9,27914,9,-0.6,24486,8,31.4,6015,2,18.6,16324,5
E01001538,Enfield 009A,E09000010,Enfield,11.1,23188,8,0.1,23092,8,0.1,21850,7,10.4,21487,7,-1.1,29483,9,-0.2,19960,7,29.3,7414,3,18.8,16172,5
E01001539,Enfield 009B,E09000010,Enfield,15.2,18732,6,0.1,16080,5,0.1,17776,6,8.0,23927,8,-0.7,25439,8,0.2,13320,5,26.1,10051,4,26.6,10789,4
E01001540,Enfield 008C,E09000010,Enfield,14.3,19677,6,0.1,15320,5,0.1,18849,6,6.2,25911,8,-0.6,24694,8,-0.4,22322,7,27.0,9268,3,28.2,9827,3
E01001541,Enfield 008D,E09000010,Enfield,9.7,24871,8,0.1,23026,8,0.1,23018,8,6.7,25323,8,-0.9,28355,9,-0.4,22826,7,22.4,13853,5,26.1,11093,4
E01001542,Enfield 008E,E09000010,Enfield,18.6,15570,5,0.1,11537,4,0.1,15815,5,15.1,17321,6,-0.7,26393,9,-0.5,24332,8,36.0,3631,2,22.4,13564,5
E01001543,Enfield 009C,E09000010,Enfield,9.6,24981,8,0.1,22073,7,0.0,26987,9,9.9,21966,7,-1.0,28866,9,-0.8,26792,9,29.8,7092,3,17.6,17162,6
E01001544,Enfield 009D,E09000010,Enfield,9.6,25045,8,0.1,21947,7,0.1,21464,7,5.2,27105,9,-0.9,27755,9,-0.7,25863,8,25.4,10735,4,18.0,16826,6
E01001545,Enfield 002B,E09000010,Enfield,45.5,2973,1,0.3,1944,1,0.2,3554,2,38.7,5710,2,0.3,11758,4,0.8,5287,2,47.3,662,1,17.9,16940,6
E01001546,Enfield 001C,E09000010,Enfield,27.9,9083,3,0.2,7364,3,0.1,10023,4,33.1,7388,3,0.0,16089,5,-0.2,19607,6,36.4,3478,2,24.4,12136,4
E01001547,Enfield 002C,E09000010,Enfield,29.2,8436,3,0.2,7034,3,0.1,10355,4,29.0,8951,3,-0.5,23654,8,0.7,6820,3,37.2,3134,1,29.0,9381,3
E01001548,Enfield 002D,E09000010,Enfield,32.1,7056,3,0.2,5125,2,0.1,10606,4,32.3,7693,3,-0.6,25191,8,0.6,8360,3,46.2,859,1,24.8,11895,4
E01001549,Enfield 006D,E09000010,Enfield,42.9,3503,2,0.3,2194,1,0.2,4760,2,39.3,5562,2,-0.3,20523,7,0.6,7794,3,48.6,502,1,29.8,8921,3
E01001550,Enfield 006E,E09000010,Enfield,36.0,5526,2,0.2,4141,2,0.1,7803,3,30.6,8335,3,0.2,13534,5,0.3,12160,4,47.4,646,1,26.1,11119,4
E01001551,Enfield 002E,E09000010,Enfield,42.1,3680,2,0.2,4844,2,0.2,5609,2,35.9,6456,2,0.1,15219,5,1.0,3406,2,52.6,122,1,33.0,7193,3
E01001552,Enfield 001D,E09000010,Enfield,26.4,9954,4,0.1,11047,4,0.1,14691,5,26.6,10024,4,-0.7,26237,8,0.5,9614,3,44.7,1113,1,34.5,6471,2
E01001553,Enfield 037B,E09000010,Enfield,38.3,4794,2,0.2,4936,2,0.2,6030,2,39.1,5599,2,-0.1,17690,6,0.4,9907,4,51.5,176,1,24.5,12063,4
E01001554,Enfield 037C,E09000010,Enfield,42.0,3713,2,0.3,2616,1,0.2,5585,2,45.9,3973,2,-0.1,17386,6,1.1,2943,1,39.9,2212,1,26.1,11129,4
E01001555,Enfield 033C,E09000010,Enfield,34.7,6000,2,0.2,6364,2,0.1,8735,3,28.4,9209,3,-0.5,23541,8,1.2,2263,1,44.0,1237,1,32.9,7264,3
E01001556,Enfield 035E,E09000010,Enfield,19.3,15029,5,0.1,12637,4,0.1,17543,6,16.8,15982,5,-0.8,26825,9,-0.3,20720,7,34.9,4127,2,33.4,6996,3
E01001557,Enfield 033D,E09000010,Enfield,30.2,7947,3,0.2,6419,2,0.1,10598,4,29.6,8750,3,-0.4,21511,7,0.4,9837,3,42.7,1493,1,26.9,10599,4
E01001558,Enfield 033E,E09000010,Enfield,39.7,4348,2,0.2,4908,2,0.1,9139,3,34.1,7064,3,-0.2,18792,6,1.2,2131,1,44.4,1175,1,48.8,2112,1
E01001559,Enfield 033F,E09000010,Enfield,41.1,3951,2,0.2,4693,2,0.1,8278,3,29.1,8935,3,0.1,15205,5,1.0,3425,2,53.2,100,1,43.7,3234,1
E01001560,Enfield 035F,E09000010,Enfield,34.5,6067,2,0.2,6686,3,0.1,11188,4,29.2,8893,3,-0.4,21470,7,1.0,3351,2,50.1,305,1,31.9,7753,3
E01001562,Enfield 037D,E09000010,Enfield,46.6,2725,1,0.3,2392,1,0.2,4963,2,40.1,5334,2,0.7,6439,2,-0.1,17735,6,62.1,9,1,35.8,5883,2
E01001563,Enfield 029C,E09000010,Enfield,16.6,17402,6,0.1,13907,5,0.1,20021,7,4.3,28167,9,-0.7,26199,8,-0.1,17505,6,29.8,7138,3,39.1,4585,2
E01001564,Enfield 022B,E09000010,Enfield,10.3,24184,8,0.1,21384,7,0.1,24468,8,1.4,31592,10,-0.6,25238,8,-0.1,18490,6,27.5,8800,3,21.0,14577,5
E01001565,Enfield 029D,E09000010,Enfield,16.3,17684,6,0.1,13846,5,0.1,19258,6,4.1,28464,9,-1.0,28519,9,-0.1,17472,6,38.1,2814,1,23.7,12640,4
E01001566,Enfield 029E,E09000010,Enfield,13.9,20017,7,0.1,18145,6,0.1,16817,6,2.9,29819,10,-0.4,22526,7,-0.2,20129,7,27.4,8917,3,26.5,10847,4
E01001567,Enfield 022C,E09000010,Enfield,6.3,29111,9,0.0,29755,10,0.0,31899,10,1.7,31258,10,-1.3,30760,10,-0.8,27539,9,31.3,6066,2,18.1,16746,6
E01001568,Enfield 022D,E09000010,Enfield,9.8,24723,8,0.0,27101,9,0.0,25855,8,4.8,27518,9,-1.4,31504,10,0.2,13455,5,31.2,6122,2,20.1,15201,5
E01001569,Enfield 022E,E09000010,Enfield,10.4,24037,8,0.1,20604,7,0.1,22827,7,7.8,24099,8,-1.4,31477,10,-0.4,22620,7,27.5,8874,3,19.7,15538,5
E01001570,Enfield 026E,E09000010,Enfield,17.9,16189,5,0.1,13247,5,0.1,17229,6,10.9,21033,7,-0.6,24389,8,0.2,13315,5,33.6,4762,2,22.9,13222,5
E01032574,Enfield 037E,E09000010,Enfield,31.5,7300,3,0.2,8102,3,0.1,12173,4,27.8,9467,3,0.0,16573,6,0.7,6448,2,48.0,561,1,29.5,9103,3
E01033146,Enfield 025F,E09000010,Enfield,37.6,5022,2,0.3,3766,2,0.1,7339,3,33.4,7316,3,-0.1,16972,6,0.1,14977,5,58.7,20,1,23.1,13050,4
E01033148,Enfield 003F,E09000010,Enfield,36.0,5551,2,0.3,3228,1,0.1,6685,3,27.6,9554,3,-0.6,25255,8,0.1,14937,5,60.4,13,1,14.9,19314,6
E01033150,Enfield 003G,E09000010,Enfield,26.8,9725,3,0.2,5939,2,0.1,13129,4,19.0,14433,5,-0.6,24719,8,-0.2,19195,6,46.7,775,1,23.3,12939,4
E01033151,Enfield 025G,E09000010,Enfield,39.7,4365,2,0.3,2803,1,0.2,3974,2,30.7,8303,3,-0.1,18376,6,0.2,13132,4,47.6,618,1,22.7,13332,5
E01001571,Greenwich 008A,E09000011,Greenwich,17.9,16175,5,0.1,15758,5,0.1,18825,6,13.4,18684,6,0.0,16336,5,0.6,7971,3,22.3,13953,5,30.3,8616,3
E01001572,Greenwich 008B,E09000011,Greenwich,15.5,18456,6,0.1,15869,5,0.1,19929,7,11.1,20790,7,-0.6,24644,8,0.2,13503,5,23.4,12740,4,32.9,7266,3
E01001573,Greenwich 008C,E09000011,Greenwich,15.7,18225,6,0.1,17006,6,0.1,23249,8,14.6,17643,6,-0.4,22595,7,0.5,9298,3,22.9,13302,5,32.3,7582,3
E01001574,Greenwich 008D,E09000011,Greenwich,39.3,4479,2,0.2,4322,2,0.2,4019,2,30.8,8244,3,0.7,6709,3,0.7,6756,3,39.0,2487,1,17.9,16912,6
E01001575,Greenwich 003A,E09000011,Greenwich,47.5,2565,1,0.3,1485,1,0.2,2469,1,22.9,11976,4,1.2,2850,1,0.8,4907,2,35.5,3832,2,19.5,15663,5
E01001576,Greenwich 003B,E09000011,Greenwich,39.5,4419,2,0.3,2836,1,0.2,4790,2,28.0,9394,3,0.7,7329,3,0.8,5475,2,36.4,3458,2,16.9,17704,6
E01001577,Greenwich 003C,E09000011,Greenwich,33.6,6440,2,0.2,6410,2,0.1,6844,3,19.6,14043,5,0.4,10025,4,1.0,3163,1,35.2,3973,2,25.8,11259,4
E01001578,Greenwich 003D,E09000011,Greenwich,26.8,9697,3,0.2,7328,3,0.1,10349,4,20.3,13609,5,-0.2,18493,6,0.7,6101,2,31.2,6134,2,24.1,12344,4
E01001579,Greenwich 003E,E09000011,Greenwich,37.7,4983,2,0.3,3663,2,0.2,5625,2,25.6,10519,4,0.6,7885,3,0.7,6199,2,38.6,2624,1,20.8,14673,5
E01001580,Greenwich 021A,E09000011,Greenwich,10.8,23584,8,0.1,25064,8,0.0,28926,9,2.0,30842,10,-1.1,29729,10,0.8,5648,2,24.0,12093,4,28.2,9864,4
E01001581,Greenwich 016A,E09000011,Greenwich,20.4,13999,5,0.1,10856,4,0.1,13300,5,4.0,28486,9,0.0,15823,5,0.5,8723,3,26.2,9971,4,26.7,10762,4
E01001582,Greenwich 021B,E09000011,Greenwich,23.3,11864,4,0.2,10379,4,0.1,12263,4,9.0,22845,7,-0.2,19681,6,1.0,3255,1,28.2,8297,3,25.7,11324,4
E01001583,Greenwich 021C,E09000011,Greenwich,13.5,20534,7,0.1,23611,8,0.0,26190,8,2.7,30075,10,-0.8,26821,9,0.4,10209,4,33.8,4700,2,34.0,6679,3
E01001584,Greenwich 021D,E09000011,Greenwich,8.8,26016,8,0.1,25015,8,0.0,27869,9,3.6,29000,9,-0.9,28401,9,-0.3,20468,7,30.2,6802,3,19.1,15937,5
E01001585,Greenwich 016B,E09000011,Greenwich,12.9,21113,7,0.1,20523,7,0.1,19724,7,2.8,30002,10,-0.1,18080,6,0.2,13888,5,23.3,12851,4,24.5,12114,4
E01001586,Greenwich 016C,E09000011,Greenwich,24.1,11294,4,0.1,10695,4,0.1,10918,4,8.0,23971,8,-0.1,17657,6,0.8,4991,2,32.8,5227,2,27.1,10516,4
E01001587,Greenwich 016D,E09000011,Greenwich,12.1,22066,7,0.1,21764,7,0.1,22568,7,0.8,32196,10,-0.7,25851,8,0.0,17396,6,33.4,4899,2,23.9,12458,4
E01001588,Greenwich 012A,E09000011,Greenwich,36.0,5533,2,0.2,6917,3,0.1,7095,3,13.7,18404,6,0.3,11115,4,1.7,621,1,39.5,2358,1,30.1,8770,3
E01001589,Greenwich 012B,E09000011,Greenwich,27.7,9174,3,0.2,8235,3,0.1,7981,3,16.7,16052,5,-0.1,18209,6,0.6,7989,3,34.1,4536,2,29.5,9087,3
E01001590,Greenwich 014A,E09000011,Greenwich,18.3,15901,5,0.1,12308,4,0.1,16102,5,6.9,25125,8,-0.4,21770,7,0.5,9029,3,25.0,11090,4,29.3,9232,3
E01001591,Greenwich 012C,E09000011,Greenwich,31.7,7189,3,0.2,5429,2,0.1,6914,3,20.2,13667,5,0.6,7860,3,0.4,10427,4,34.5,4311,2,17.6,17101,6
E01001592,Greenwich 014B,E09000011,Greenwich,14.7,19244,6,0.1,19189,6,0.1,20411,7,4.6,27840,9,-0.4,21922,7,0.3,11994,4,20.8,15719,5,39.6,4379,2
E01001593,Greenwich 014C,E09000011,Greenwich,11.4,22827,7,0.1,23732,8,0.1,21744,7,1.5,31485,10,-0.4,22516,7,0.1,15848,5,18.9,17977,6,36.1,5776,2
E01001594,Greenwich 014D,E09000011,Greenwich,36.3,5415,2,0.3,2644,1,0.2,3666,2,19.9,13811,5,0.5,9391,3,0.2,14183,5,31.5,5992,2,18.7,16267,5
E01001595,Greenwich 012D,E09000011,Greenwich,23.2,11892,4,0.2,9799,3,0.1,13651,5,20.0,13762,5,-0.3,21153,7,0.6,8194,3,34.5,4333,2,20.5,14921,5
E01001596,Greenwich 032A,E09000011,Greenwich,9.4,25312,8,0.1,24812,8,0.1,23260,8,12.5,19475,6,-0.6,24571,8,-0.2,20000,7,21.3,15159,5,13.9,20222,7
E01001597,Greenwich 031A,E09000011,Greenwich,15.2,18757,6,0.1,18107,6,0.1,16984,6,8.3,23673,8,-0.5,22958,7,0.5,9128,3,24.4,11767,4,22.5,13469,5
E01001598,Greenwich 031B,E09000011,Greenwich,14.2,19780,7,0.1,17664,6,0.1,21612,7,12.2,19746,7,-0.5,23783,8,0.5,8923,3,25.2,10917,4,17.1,17518,6
E01001599,Greenwich 032B,E09000011,Greenwich,17.4,16636,6,0.1,17332,6,0.1,15089,5,22.1,12505,4,-0.4,22335,7,0.6,7466,3,20.6,15957,5,19.0,16064,5
E01001600,Greenwich 032C,E09000011,Greenwich,13.5,20482,7,0.1,17943,6,0.1,18557,6,11.0,20887,7,-0.5,23194,8,0.1,14415,5,24.5,11648,4,15.7,18641,6
E01001601,Greenwich 032D,E09000011,Greenwich,11.0,23383,8,0.1,20207,7,0.1,24246,8,9.0,22847,7,-0.4,21784,7,-0.4,21997,7,26.1,10110,4,16.6,17874,6
E01001602,Greenwich 031C,E09000011,Greenwich,32.4,6918,3,0.2,6128,2,0.2,5008,2,28.8,9077,3,0.5,9635,3,0.7,6396,2,23.3,12831,4,20.6,14850,5
E01001603,Greenwich 031D,E09000011,Greenwich,36.7,5305,2,0.2,5107,2,0.2,3317,2,33.6,7239,3,0.7,7006,3,0.5,8586,3,28.1,8341,3,16.4,18037,6
E01001604,Greenwich 027A,E09000011,Greenwich,13.5,20549,7,0.1,20111,7,0.1,19724,7,4.3,28172,9,-0.3,19932,7,0.4,10816,4,18.1,18944,6,31.1,8189,3
E01001605,Greenwich 023A,E09000011,Greenwich,7.2,28074,9,0.0,29732,10,0.0,26465,9,9.1,22727,7,-1.0,28735,9,-0.3,21287,7,22.1,14193,5,17.7,17044,6
E01001606,Greenwich 023B,E09000011,Greenwich,6.4,28995,9,0.0,28135,9,0.0,28162,9,7.5,24431,8,-1.1,29427,9,-0.6,25048,8,15.5,22347,7,25.5,11476,4
E01001607,Greenwich 027B,E09000011,Greenwich,17.9,16263,5,0.1,13677,5,0.1,15493,5,10.6,21220,7,-0.4,22220,7,0.3,12208,4,19.1,17740,6,36.8,5454,2
E01001608,Greenwich 027C,E09000011,Greenwich,14.3,19688,6,0.1,24514,8,0.1,23376,8,2.9,29792,10,-0.7,25429,8,0.1,15028,5,45.3,999,1,19.7,15544,5
E01001609,Greenwich 027D,E09000011,Greenwich,22.0,12789,4,0.1,12890,4,0.1,9524,3,5.6,26573,9,0.0,15646,5,0.7,6110,2,26.1,10064,4,25.0,11780,4
E01001610,Greenwich 023C,E09000011,Greenwich,12.9,21169,7,0.1,18364,6,0.1,21281,7,10.4,21442,7,-0.3,20800,7,-0.4,22088,7,23.2,13022,4,26.0,11184,4
E01001611,Greenwich 023D,E09000011,Greenwich,18.9,15294,5,0.1,13730,5,0.1,14589,5,18.1,15097,5,0.0,16655,6,-0.3,21421,7,25.0,11106,4,30.4,8584,3
E01001613,Greenwich 028A,E09000011,Greenwich,20.0,14317,5,0.1,10723,4,0.1,11921,4,9.4,22431,7,-0.4,22105,7,0.6,8323,3,26.0,10157,4,19.7,15529,5
E01001614,Greenwich 028B,E09000011,Greenwich,8.6,26343,9,0.0,29013,9,0.0,28532,9,9.0,22842,7,-1.0,29169,9,0.5,8885,3,18.2,18901,6,22.4,13550,5
E01001615,Greenwich 028C,E09000011,Greenwich,20.2,14143,5,0.1,14111,5,0.1,16928,6,9.0,22844,7,-0.2,18774,6,1.0,3452,2,28.5,8033,3,25.9,11240,4
E01001617,Greenwich 028D,E09000011,Greenwich,8.8,26084,8,0.1,25281,8,0.0,28239,9,9.5,22323,7,-0.8,26557,9,0.1,14737,5,22.2,14142,5,17.9,16927,6
E01001618,Greenwich 030C,E09000011,Greenwich,23.6,11623,4,0.2,10312,4,0.1,11878,4,25.3,10689,4,0.1,14076,5,0.5,9054,3,26.1,10072,4,18.7,16270,5
E01001619,Greenwich 030D,E09000011,Greenwich,14.7,19186,6,0.1,14514,5,0.1,20493,7,13.7,18460,6,-0.2,18566,6,-0.1,17566,6,20.1,16480,6,23.2,13015,4
E01001620,Greenwich 025A,E09000011,Greenwich,31.7,7205,3,0.2,7176,3,0.1,7635,3,33.7,7214,3,0.5,9565,3,0.6,7805,3,31.6,5893,2,22.6,13389,5
E01001621,Greenwich 025B,E09000011,Greenwich,31.9,7132,3,0.2,7460,3,0.1,7515,3,22.3,12342,4,0.1,13925,5,1.0,3561,2,28.9,7716,3,38.0,4999,2
E01001623,Greenwich 025C,E09000011,Greenwich,24.7,10924,4,0.1,13300,5,0.1,13665,5,22.7,12122,4,-0.1,17282,6,0.7,6246,2,39.1,2464,1,24.3,12204,4
E01001624,Greenwich 025D,E09000011,Greenwich,25.3,10556,4,0.2,10197,4,0.1,8659,3,23.1,11819,4,0.0,15951,5,0.6,7397,3,24.3,11850,4,25.3,11601,4
E01001625,Greenwich 025E,E09000011,Greenwich,40.6,4073,2,0.2,4144,2,0.2,5307,2,39.4,5533,2,0.4,10018,4,0.9,4798,2,41.2,1877,1,29.4,9155,3
E01001629,Greenwich 009A,E09000011,Greenwich,30.4,7852,3,0.2,6348,2,0.1,9077,3,22.2,12431,4,-0.1,17176,6,0.4,10556,4,46.5,799,1,16.9,17663,6
E01001631,Greenwich 007B,E09000011,Greenwich,34.1,6211,2,0.3,3423,2,0.2,5302,2,19.2,14280,5,0.3,11834,4,0.2,13376,5,36.3,3505,2,21.8,13988,5
E01001632,Greenwich 007C,E09000011,Greenwich,18.6,15631,5,0.1,12099,4,0.1,18612,6,15.5,17018,6,-0.3,20581,7,-0.1,18296,6,33.9,4641,2,23.0,13129,4
E01001633,Greenwich 009B,E09000011,Greenwich,34.2,6202,2,0.2,4274,2,0.2,5769,2,21.6,12785,4,0.5,8576,3,0.5,9073,3,35.1,4028,2,18.2,16633,6
E01001634,Greenwich 009C,E09000011,Greenwich,41.7,3802,2,0.3,3058,1,0.2,2930,1,35.1,6717,3,0.7,6947,3,0.5,8539,3,36.7,3311,2,16.4,18031,6
E01001635,Greenwich 007D,E09000011,Greenwich,23.2,11906,4,0.1,11364,4,0.1,15548,5,12.7,19317,6,0.1,14836,5,1.0,3408,2,28.3,8203,3,28.3,9807,3
E01001636,Greenwich 007E,E09000011,Greenwich,25.7,10378,4,0.2,8832,3,0.1,9584,3,15.1,17309,6,0.2,12882,4,-0.2,19809,7,34.8,4180,2,30.1,8728,3
E01001637,Greenwich 009D,E09000011,Greenwich,27.1,9554,3,0.2,7513,3,0.1,10955,4,18.7,14609,5,0.0,15687,5,0.4,9938,4,32.1,5620,2,33.6,6905,3
E01001638,Greenwich 038A,E09000011,Greenwich,28.1,8986,3,0.2,6484,2,0.1,11091,4,12.4,19575,6,0.6,7568,3,0.0,16354,5,38.9,2503,1,21.9,13917,5
E01001640,Greenwich 035A,E09000011,Greenwich,30.6,7763,3,0.2,4737,2,0.1,10077,4,13.6,18537,6,0.4,9786,3,1.0,3904,2,30.8,6394,2,21.8,13990,5
E01001641,Greenwich 038B,E09000011,Greenwich,16.3,17618,6,0.1,16943,6,0.1,20523,7,3.0,29708,10,-0.7,26079,8,0.8,5849,2,26.0,10196,4,35.8,5890,2
E01001642,Greenwich 038C,E09000011,Greenwich,11.5,22742,7,0.0,26579,9,0.0,30198,10,1.0,31971,10,-1.2,30065,10,1.0,3250,1,19.9,16765,6,35.5,6012,2
E01001644,Greenwich 038D,E09000011,Greenwich,17.3,16768,6,0.1,15922,5,0.1,20464,7,8.1,23873,8,-0.3,21064,7,0.4,9801,3,25.3,10868,4,38.8,4701,2
E01001645,Greenwich 022A,E09000011,Greenwich,27.9,9118,3,0.2,6829,3,0.1,7701,3,18.8,14580,5,0.2,12432,4,0.5,9645,3,30.2,6805,3,18.3,16583,6
E01001646,Greenwich 019A,E09000011,Greenwich,25.0,10745,4,0.2,7423,3,0.1,12372,4,14.5,17789,6,0.0,15440,5,-0.2,19658,6,42.7,1480,1,16.4,18081,6
E01001647,Greenwich 022B,E09000011,Greenwich,21.6,13052,4,0.1,16375,5,0.1,15679,5,11.1,20841,7,-0.3,20227,7,1.3,1772,1,31.1,6195,2,25.7,11375,4
E01001648,Greenwich 022C,E09000011,Greenwich,19.2,15054,5,0.1,16147,5,0.1,17691,6,11.0,20914,7,-0.3,21062,7,0.8,5383,2,36.7,3321,2,17.4,17295,6
E01001649,Greenwich 022D,E09000011,Greenwich,35.2,5827,2,0.2,5663,2,0.2,6492,2,26.8,9926,4,0.0,16114,5,0.9,4461,2,41.2,1883,1,29.6,9055,3
E01001650,Greenwich 019B,E09000011,Greenwich,32.0,7097,3,0.2,6707,3,0.2,5995,2,22.2,12432,4,0.3,11132,4,0.7,6582,3,31.7,5831,2,26.8,10665,4
E01001651,Greenwich 019C,E09000011,Greenwich,43.6,3333,2,0.2,4507,2,0.2,3860,2,30.2,8486,3,0.6,8323,3,1.6,853,1,43.3,1370,1,20.8,14703,5
E01001652,Greenwich 019D,E09000011,Greenwich,17.5,16562,6,0.1,15686,5,0.1,19758,7,6.4,25753,8,-0.1,18223,6,0.8,5160,2,22.6,13658,5,31.6,7930,3
E01001653,Greenwich 029A,E09000011,Greenwich,40.9,3995,2,0.3,2801,1,0.2,4973,2,37.6,6012,2,0.3,11213,4,0.4,9995,4,45.8,924,1,21.5,14176,5
E01001654,Greenwich 029B,E09000011,Greenwich,39.9,4285,2,0.2,4209,2,0.2,4399,2,33.5,7257,3,0.4,10945,4,0.5,9333,3,45.9,906,1,26.8,10682,4
E01001655,Greenwich 029C,E09000011,Greenwich,42.5,3586,2,0.3,3386,2,0.2,2716,1,38.0,5893,2,0.6,7457,3,0.7,6984,3,37.7,2951,1,18.0,16849,6
E01001656,Greenwich 034A,E09000011,Greenwich,18.3,15898,5,0.1,11632,4,0.1,12685,4,7.5,24523,8,-0.1,17651,6,-0.2,19688,6,28.6,7939,3,17.8,16974,6
E01001657,Greenwich 034B,E09000011,Greenwich,11.3,23034,8,0.1,21183,7,0.1,19476,6,2.1,30830,10,-0.8,27394,9,0.2,14190,5,21.6,14834,5,25.5,11485,4
E01001658,Greenwich 034C,E09000011,Greenwich,18.2,15955,5,0.1,12696,4,0.1,18519,6,9.6,22262,7,-0.5,23354,8,0.1,14592,5,37.3,3079,1,21.2,14418,5
E01001659,Greenwich 034D,E09000011,Greenwich,20.7,13757,5,0.1,17387,6,0.1,15896,5,8.9,22951,7,0.1,15164,5,0.5,8451,3,38.1,2797,1,28.4,9717,3
E01001660,Greenwich 029D,E09000011,Greenwich,33.6,6434,2,0.2,7306,3,0.1,8465,3,25.7,10451,4,0.1,14734,5,0.8,5285,2,49.8,355,1,18.9,16092,5
E01001661,Greenwich 029E,E09000011,Greenwich,35.1,5857,2,0.2,7532,3,0.1,8150,3,29.7,8718,3,0.4,10337,4,1.2,2407,1,40.1,2160,1,27.4,10291,4
E01001662,Greenwich 037A,E09000011,Greenwich,22.1,12724,4,0.1,11075,4,0.1,17781,6,5.3,26998,9,-0.2,19835,7,1.1,3030,1,21.4,14977,5,44.4,3052,1
E01001664,Greenwich 037B,E09000011,Greenwich,21.3,13303,5,0.1,14870,5,0.1,15700,5,3.2,29472,9,0.1,14589,5,0.3,11435,4,24.9,11263,4,53.9,1318,1
E01001665,Greenwich 037C,E09000011,Greenwich,17.2,16860,6,0.1,17793,6,0.1,22721,7,5.4,26901,9,-0.1,17437,6,0.7,6343,2,27.6,8760,3,35.1,6171,2
E01001666,Greenwich 036A,E09000011,Greenwich,25.3,10546,4,0.1,11475,4,0.1,15438,5,11.5,20395,7,0.3,11410,4,0.9,3988,2,28.3,8204,3,40.9,3979,2
E01001667,Greenwich 036B,E09000011,Greenwich,42.6,3574,2,0.3,4020,2,0.2,4926,2,21.6,12804,4,0.8,6356,2,1.8,372,1,32.1,5587,2,33.9,6738,3
E01001668,Greenwich 036C,E09000011,Greenwich,26.9,9655,3,0.2,7846,3,0.1,10450,4,11.8,20153,7,0.0,15661,5,0.8,5790,2,26.8,9478,3,38.6,4754,2
E01001669,Greenwich 033A,E09000011,Greenwich,27.8,9131,3,0.2,7087,3,0.2,6513,2,17.8,15248,5,-0.4,21859,7,0.7,6954,3,30.1,6869,3,23.5,12760,4
E01001671,Greenwich 033B,E09000011,Greenwich,22.9,12091,4,0.2,8565,3,0.1,10328,4,18.0,15119,5,-0.1,18346,6,0.3,11463,4,25.2,10932,4,20.9,14637,5
E01001672,Greenwich 006A,E09000011,Greenwich,27.1,9511,3,0.2,7464,3,0.1,13681,5,18.7,14610,5,-0.5,22827,7,0.8,5273,2,37.6,2975,1,32.1,7642,3
E01001673,Greenwich 006B,E09000011,Greenwich,35.9,5579,2,0.3,4023,2,0.1,8882,3,18.1,15049,5,0.6,7768,3,1.2,2313,1,38.1,2804,1,22.2,13701,5
E01001674,Greenwich 006C,E09000011,Greenwich,22.1,12679,4,0.2,10344,4,0.1,14479,5,17.5,15448,5,-0.8,26526,9,0.5,9250,3,31.2,6192,2,32.6,7413,3
E01001675,Greenwich 006D,E09000011,Greenwich,28.7,8659,3,0.2,6892,3,0.1,12493,4,19.7,13943,5,0.2,13470,5,0.7,6192,2,35.2,4008,2,31.1,8226,3
E01001676,Greenwich 033C,E09000011,Greenwich,28.3,8863,3,0.2,7657,3,0.1,8921,3,19.5,14109,5,0.4,10504,4,0.3,12474,4,36.1,3592,2,22.6,13419,5
E01001677,Greenwich 006E,E09000011,Greenwich,19.7,14595,5,0.1,11528,4,0.1,16041,5,18.3,14953,5,-0.4,22132,7,0.1,15537,5,27.6,8736,3,31.0,8281,3
E01001678,Greenwich 017A,E09000011,Greenwich,14.1,19867,7,0.1,17807,6,0.1,20797,7,12.5,19530,6,-0.3,21032,7,-0.3,20862,7,21.7,14691,5,32.4,7526,3
E01001679,Greenwich 020A,E09000011,Greenwich,13.5,20502,7,0.1,18528,6,0.1,23514,8,12.8,19172,6,-0.5,22887,7,0.2,14281,5,24.8,11363,4,25.2,11656,4
E01001680,Greenwich 020B,E09000011,Greenwich,8.9,25987,8,0.1,26037,8,0.0,27949,9,4.0,28489,9,-0.8,27361,9,0.3,11791,4,25.2,10899,4,18.0,16807,6
E01001681,Greenwich 020C,E09000011,Greenwich,18.3,15871,5,0.1,14617,5,0.1,12837,4,6.8,25212,8,-0.1,18238,6,0.6,7796,3,21.4,15021,5,25.5,11467,4
E01001682,Greenwich 020D,E09000011,Greenwich,18.2,15940,5,0.1,15786,5,0.1,14481,5,5.8,26420,9,0.0,15296,5,0.5,8826,3,27.0,9280,3,23.6,12727,4
E01001683,Greenwich 017B,E09000011,Greenwich,22.8,12171,4,0.2,9838,3,0.1,10064,4,15.6,16885,6,0.2,13486,5,0.0,16105,5,25.0,11116,4,26.0,11146,4
E01001684,Greenwich 017C,E09000011,Greenwich,24.7,10933,4,0.2,8924,3,0.1,9283,3,20.3,13617,5,-0.2,19047,6,0.7,6892,3,28.3,8164,3,16.9,17645,6
E01001685,Greenwich 017D,E09000011,Greenwich,17.3,16704,6,0.1,13071,4,0.1,18029,6,11.3,20581,7,-0.3,21251,7,0.3,12328,4,23.7,12397,4,30.2,8666,3
E01001686,Greenwich 020E,E09000011,Greenwich,20.5,13909,5,0.2,8891,3,0.1,13179,5,8.9,22990,7,-0.1,18093,6,0.0,16147,5,28.3,8205,3,24.0,12416,4
E01001687,Greenwich 002A,E09000011,Greenwich,35.7,5655,2,0.2,6477,2,0.1,8044,3,15.7,16792,6,0.2,12721,4,1.6,814,1,45.2,1024,1,21.7,14044,5
E01001688,Greenwich 002B,E09000011,Greenwich,26.6,9824,3,0.2,8225,3,0.1,11302,4,9.9,21994,7,0.8,5622,2,0.1,15322,5,36.6,3379,2,18.9,16095,5
E01001690,Greenwich 001A,E09000011,Greenwich,29.7,8164,3,0.2,6997,3,0.1,6756,3,22.3,12331,4,0.0,16224,5,0.0,16831,6,44.8,1091,1,12.4,21581,7
E01001692,Greenwich 001B,E09000011,Greenwich,30.0,8020,3,0.2,5388,2,0.1,7257,3,26.4,10112,4,0.0,15424,5,-0.1,18387,6,39.4,2373,1,13.8,20306,7
E01001693,Greenwich 001C,E09000011,Greenwich,33.7,6383,2,0.3,3671,2,0.1,7261,3,24.7,11016,4,0.0,15428,5,0.5,8936,3,42.0,1661,1,13.8,20276,7
E01001694,Greenwich 001D,E09000011,Greenwich,23.2,11923,4,0.2,8755,3,0.1,13605,5,14.6,17638,6,0.0,15631,5,0.5,9196,3,34.5,4326,2,14.8,19386,6
E01001695,Greenwich 011A,E09000011,Greenwich,36.8,5276,2,0.2,4556,2,0.1,7241,3,22.9,11957,4,0.7,7211,3,0.8,5206,2,44.9,1078,1,17.0,17593,6
E01001696,Greenwich 011B,E09000011,Greenwich,36.8,5270,2,0.3,3647,2,0.1,9000,3,30.0,8588,3,0.6,8031,3,1.1,2528,1,32.0,5688,2,26.4,10922,4
E01001697,Greenwich 011C,E09000011,Greenwich,33.9,6293,2,0.2,5278,2,0.1,7864,3,21.8,12643,4,0.4,10831,4,0.7,7049,3,41.3,1845,1,27.5,10245,4
E01001698,Greenwich 015A,E09000011,Greenwich,29.5,8235,3,0.2,4731,2,0.1,6998,3,18.3,14920,5,-0.1,17031,6,0.5,9266,3,32.6,5316,2,17.4,17330,6
E01001699,Greenwich 015B,E09000011,Greenwich,24.7,10944,4,0.1,12302,4,0.1,15728,5,31.5,7992,3,0.4,9899,4,0.1,15056,5,38.6,2640,1,17.5,17173,6
E01001700,Greenwich 011D,E09000011,Greenwich,31.1,7478,3,0.2,6462,2,0.1,10226,4,22.6,12202,4,0.3,11202,4,0.5,8491,3,41.3,1824,1,26.0,11149,4
E01001701,Greenwich 015C,E09000011,Greenwich,29.4,8286,3,0.2,9064,3,0.1,10231,4,14.4,17844,6,0.7,6719,3,0.5,8623,3,41.3,1839,1,22.7,13363,5
E01001702,Greenwich 015D,E09000011,Greenwich,37.9,4923,2,0.3,2528,1,0.2,6004,2,26.7,9991,4,0.3,11233,4,0.3,12352,4,44.8,1103,1,17.2,17420,6
E01001703,Greenwich 011E,E09000011,Greenwich,31.8,7158,3,0.2,4364,2,0.2,6599,3,16.0,16551,6,0.5,9625,3,0.3,12399,4,36.8,3269,1,15.9,18514,6
E01001704,Greenwich 011F,E09000011,Greenwich,23.5,11676,4,0.1,11560,4,0.1,10725,4,13.9,18290,6,0.0,15250,5,0.5,9207,3,30.5,6574,3,27.8,10047,4
E01001705,Greenwich 005A,E09000011,Greenwich,32.6,6839,3,0.2,6282,2,0.1,7081,3,23.4,11667,4,0.4,10278,4,0.5,9678,3,41.4,1805,1,20.1,15193,5
E01001706,Greenwich 005B,E09000011,Greenwich,39.5,4427,2,0.3,3255,1,0.2,4337,2,29.0,8950,3,0.6,8172,3,0.7,6332,2,39.8,2254,1,14.9,19306,6
E01001708,Greenwich 005C,E09000011,Greenwich,20.6,13833,5,0.1,12878,4,0.1,11608,4,9.9,21890,7,0.0,16145,5,-0.1,17734,6,33.3,4936,2,23.8,12556,4
E01001709,Greenwich 004B,E09000011,Greenwich,37.3,5099,2,0.3,3276,1,0.1,7822,3,25.0,10825,4,0.7,7246,3,0.6,8045,3,42.4,1553,1,22.7,13348,5
E01001710,Greenwich 005D,E09000011,Greenwich,33.5,6464,2,0.3,3640,2,0.2,4850,2,26.9,9849,3,0.4,10463,4,0.0,16633,6,31.2,6119,2,14.6,19566,6
E01001711,Greenwich 004C,E09000011,Greenwich,27.8,9120,3,0.2,8009,3,0.1,16743,6,7.7,24226,8,0.3,11695,4,0.4,9983,4,40.2,2142,1,47.4,2365,1
E01001712,Greenwich 004D,E09000011,Greenwich,31.3,7387,3,0.2,6329,2,0.1,7848,3,17.7,15334,5,0.7,6864,3,0.6,8326,3,32.8,5184,2,25.4,11531,4
E01001713,Greenwich 005E,E09000011,Greenwich,37.1,5191,2,0.3,2932,1,0.2,5229,2,19.5,14070,5,0.3,12122,4,0.7,6942,3,34.4,4371,2,32.5,7482,3
E01032567,Greenwich 033D,E09000011,Greenwich,18.8,15449,5,0.1,15306,5,0.1,15531,5,12.4,19560,6,-0.1,17737,6,0.3,11510,4,28.3,8199,3,28.4,9747,3
E01033726,Greenwich 034E,E09000011,Greenwich,33.6,6446,2,0.2,5665,2,0.1,7897,3,24.7,10988,4,0.1,14641,5,1.0,3815,2,31.9,5695,2,37.4,5222,2
E01033727,Greenwich 035B,E09000011,Greenwich,19.5,14786,5,0.2,10181,4,0.1,18080,6,11.7,20199,7,-0.2,19536,6,0.2,12763,4,30.5,6607,3,25.6,11421,4
E01033728,Greenwich 035C,E09000011,Greenwich,9.3,25444,8,0.1,24552,8,0.0,30817,10,5.5,26736,9,-0.7,25408,8,-0.1,17586,6,28.6,7988,3,21.8,14003,5
E01033729,Greenwich 030E,E09000011,Greenwich,25.1,10717,4,0.2,10177,4,0.1,12627,4,37.0,6193,2,0.4,9977,4,-0.3,21069,7,31.6,5906,2,16.0,18390,6
E01033730,Greenwich 035D,E09000011,Greenwich,17.4,16644,6,0.1,14918,5,0.1,23738,8,8.5,23453,8,-0.4,21561,7,0.3,11248,4,37.0,3195,1,27.6,10198,4
E01033731,Greenwich 004E,E09000011,Greenwich,11.7,22527,7,0.0,29658,10,0.0,32219,10,3.9,28654,9,-1.3,30811,10,0.8,5940,2,36.3,3488,2,26.8,10670,4
E01033732,Greenwich 036D,E09000011,Greenwich,25.8,10335,4,0.2,10470,4,0.1,18093,6,3.0,29707,10,0.3,11604,4,1.1,2703,1,43.0,1425,1,25.9,11209,4
E01033733,Greenwich 036E,E09000011,Greenwich,14.6,19291,6,0.1,19078,6,0.1,24820,8,8.0,23934,8,-0.5,23592,8,0.5,8477,3,28.5,8002,3,29.9,8896,3
E01033734,Greenwich 004F,E09000011,Greenwich,15.6,18297,6,0.1,18100,6,0.1,22716,7,16.4,16297,5,-0.2,19282,6,-0.8,26991,9,37.6,2964,1,20.7,14740,5
E01033735,Greenwich 004G,E09000011,Greenwich,27.8,9152,3,0.1,11023,4,0.1,18556,6,11.1,20804,7,0.4,10493,4,1.2,2385,1,37.3,3108,1,41.7,3753,2
E01033736,Greenwich 004H,E09000011,Greenwich,10.5,23883,8,0.0,32496,10,0.0,32745,10,7.4,24563,8,-0.3,20960,7,0.6,7444,3,32.5,5401,2,17.5,17182,6
E01033737,Greenwich 004I,E09000011,Greenwich,33.8,6353,2,0.2,4932,2,0.2,6196,2,17.0,15844,5,0.6,7912,3,0.9,4532,2,33.0,5059,2,19.2,15922,5
E01033738,Greenwich 037D,E09000011,Greenwich,22.3,12531,4,0.1,14612,5,0.1,19575,6,13.3,18768,6,-0.4,21989,7,1.0,3706,2,26.0,10200,4,50.3,1863,1
E01033739,Greenwich 002E,E09000011,Greenwich,19.1,15162,5,0.1,11720,4,0.1,21087,7,6.6,25501,8,-0.2,19522,6,-0.2,18894,6,47.6,615,1,10.3,23719,8
E01033740,Greenwich 002F,E09000011,Greenwich,20.3,14071,5,0.2,10245,4,0.1,15436,5,5.8,26399,9,-0.3,20561,7,0.6,7524,3,35.9,3668,2,13.3,20820,7
E01033741,Greenwich 002G,E09000011,Greenwich,19.6,14715,5,0.1,13178,5,0.1,21375,7,16.2,16374,5,0.4,10453,4,0.1,15126,5,37.3,3111,1,11.2,22742,7
E01033742,Greenwich 007F,E09000011,Greenwich,13.1,20945,7,0.1,19844,7,0.0,27920,9,7.8,24139,8,-0.4,22041,7,-0.2,19491,6,40.5,2042,1,12.5,21492,7
E01033743,Greenwich 002H,E09000011,Greenwich,21.0,13578,5,0.1,12244,4,0.1,21210,7,9.2,22640,7,-0.2,19077,6,0.2,13267,5,50.3,286,1,11.9,22054,7
E01033744,Greenwich 007G,E09000011,Greenwich,29.4,8319,3,0.2,7767,3,0.1,9762,3,17.9,15227,5,0.9,5225,2,0.4,10943,4,37.3,3095,1,14.2,19969,7
E01033745,Greenwich 002I,E09000011,Greenwich,22.1,12697,4,0.2,10101,4,0.1,13403,5,9.8,22088,7,-0.2,19154,6,-0.3,20703,7,45.1,1047,1,14.8,19362,6
E01033746,Greenwich 038E,E09000011,Greenwich,21.8,12902,4,0.1,10921,4,0.1,15173,5,6.4,25745,8,-0.4,22199,7,0.7,6747,3,24.0,12146,4,45.7,2734,1
E01001714,Hackney 002A,E09000012,Hackney,44.2,3216,1,0.3,2195,1,0.2,3451,2,19.0,14400,5,0.4,10902,4,0.8,5249,2,45.5,968,1,35.9,5852,2
E01001715,Hackney 007A,E09000012,Hackney,28.3,8857,3,0.1,10703,4,0.1,16226,5,8.2,23721,8,0.1,13895,5,0.9,4704,2,46.8,746,1,41.0,3945,2
E01001716,Hackney 007B,E09000012,Hackney,37.1,5179,2,0.2,5735,2,0.1,8511,3,7.0,25056,8,0.9,5262,2,0.7,6760,3,47.8,590,1,42.4,3551,2
E01001717,Hackney 007C,E09000012,Hackney,27.5,9310,3,0.2,9469,3,0.1,10816,4,11.0,20862,7,0.3,11846,4,0.2,13694,5,47.3,666,1,23.4,12822,4
E01001718,Hackney 007D,E09000012,Hackney,20.1,14212,5,0.1,21074,7,0.0,28432,9,4.7,27637,9,-0.3,20545,7,1.1,2824,1,39.7,2290,1,44.6,2999,1
E01001719,Hackney 007E,E09000012,Hackney,35.7,5629,2,0.2,4845,2,0.1,7420,3,12.9,19135,6,1.1,3712,2,0.2,13517,5,44.8,1098,1,25.0,11782,4
E01001720,Hackney 007F,E09000012,Hackney,19.8,14558,5,0.1,17294,6,0.1,22915,7,5.0,27279,9,0.2,13580,5,0.5,8460,3,37.3,3100,1,37.4,5195,2
E01001722,Hackney 029A,E09000012,Hackney,31.7,7202,3,0.2,5946,2,0.1,7959,3,20.2,13633,5,0.1,13921,5,0.5,8892,3,41.6,1761,1,25.4,11503,4
E01001723,Hackney 006A,E09000012,Hackney,22.8,12151,4,0.2,10464,4,0.1,19715,7,9.7,22136,7,0.2,12983,4,-0.1,18504,6,41.4,1811,1,35.1,6165,2
E01001724,Hackney 006B,E09000012,Hackney,25.3,10562,4,0.1,11065,4,0.1,17440,6,4.9,27465,9,0.2,12541,4,0.1,14542,5,43.7,1292,1,46.1,2652,1
E01001725,Hackney 004A,E09000012,Hackney,26.6,9853,3,0.2,8639,3,0.1,13870,5,26.7,9986,4,-0.2,18742,6,-0.1,18253,6,41.7,1724,1,32.4,7500,3
E01001726,Hackney 004B,E09000012,Hackney,32.8,6738,3,0.3,3929,2,0.1,11711,4,30.0,8574,3,0.4,9789,3,-0.2,19993,7,42.8,1462,1,25.5,11462,4
E01001727,Hackney 006C,E09000012,Hackney,22.6,12316,4,0.1,13170,5,0.1,14968,5,17.1,15747,5,0.2,13569,5,-0.3,20573,7,41.3,1834,1,26.7,10774,4
E01001728,Hackney 029B,E09000012,Hackney,30.6,7754,3,0.2,5778,2,0.1,12891,4,41.4,5018,2,-0.1,16864,6,-0.1,18670,6,41.3,1837,1,28.6,9601,3
E01001729,Hackney 019A,E09000012,Hackney,42.0,3718,2,0.3,2454,1,0.2,4427,2,20.1,13715,5,1.1,3869,2,0.0,16503,6,44.9,1077,1,26.6,10832,4
E01001730,Hackney 019B,E09000012,Hackney,45.8,2897,1,0.3,2016,1,0.2,3479,2,26.8,9917,4,0.4,10224,4,0.9,4820,2,43.3,1359,1,37.4,5221,2
E01001731,Hackney 017A,E09000012,Hackney,31.2,7474,3,0.2,9657,3,0.1,12450,4,12.2,19798,7,0.1,14479,5,1.1,2530,1,47.5,633,1,35.3,6090,2
E01001732,Hackney 019C,E09000012,Hackney,39.1,4530,2,0.3,2593,1,0.2,6251,2,22.0,12516,4,0.4,10096,4,0.6,7687,3,43.3,1360,1,29.2,9258,3
E01001733,Hackney 015A,E09000012,Hackney,32.4,6917,3,0.1,10813,4,0.1,12839,4,6.0,26192,8,0.5,9234,3,1.4,1311,1,42.2,1616,1,46.9,2468,1
E01001734,Hackney 017B,E09000012,Hackney,36.3,5446,2,0.2,6848,3,0.1,10188,4,6.8,25210,8,0.5,9291,3,1.6,877,1,47.0,721,1,37.0,5401,2
E01001735,Hackney 019D,E09000012,Hackney,35.2,5831,2,0.2,6061,2,0.1,9651,3,9.7,22122,7,0.6,8271,3,1.4,1260,1,41.5,1764,1,31.8,7825,3
E01001736,Hackney 012A,E09000012,Hackney,21.5,13149,5,0.1,12068,4,0.1,15431,5,2.1,30828,10,0.1,13842,5,0.4,10491,4,39.1,2449,1,25.5,11480,4
E01001737,Hackney 012B,E09000012,Hackney,24.6,11026,4,0.2,10509,4,0.1,15066,5,1.4,31623,10,0.3,11139,4,0.3,12690,4,36.2,3523,2,44.9,2912,1
E01001738,Hackney 012C,E09000012,Hackney,22.9,12095,4,0.1,11819,4,0.1,15238,5,4.9,27383,9,0.3,11358,4,0.3,11500,4,39.2,2420,1,29.2,9259,3
E01001739,Hackney 012D,E09000012,Hackney,25.8,10312,4,0.1,11366,4,0.1,11617,4,3.0,29780,10,0.5,9296,3,0.8,5794,2,36.8,3297,2,30.3,8621,3
E01001740,Hackney 014A,E09000012,Hackney,43.9,3274,1,0.3,1951,1,0.2,5538,2,26.5,10086,4,0.8,5634,2,0.9,4644,2,42.6,1521,1,27.3,10381,4
E01001741,Hackney 009A,E09000012,Hackney,17.8,16337,5,0.1,16338,5,0.1,19991,7,1.0,32063,10,-0.3,20588,7,0.6,7744,3,33.8,4677,2,33.3,7074,3
E01001742,Hackney 008A,E09000012,Hackney,29.0,8495,3,0.2,7564,3,0.1,12001,4,8.5,23427,8,0.7,6415,2,0.5,9155,3,40.6,2037,1,26.8,10675,4
E01001744,Hackney 021B,E09000012,Hackney,32.0,7078,3,0.2,6670,3,0.1,9957,4,9.8,22018,7,0.5,9497,3,0.9,4173,2,40.3,2111,1,33.9,6732,3
E01001745,Hackney 016A,E09000012,Hackney,36.8,5257,2,0.3,3226,1,0.1,6789,3,14.6,17671,6,0.6,7895,3,0.3,11224,4,45.3,1014,1,26.7,10717,4
E01001746,Hackney 016B,E09000012,Hackney,35.3,5801,2,0.3,3218,1,0.2,6444,2,21.0,13122,4,0.5,9222,3,-0.8,27126,9,44.7,1110,1,24.2,12307,4
E01001747,Hackney 014B,E09000012,Hackney,31.1,7514,3,0.2,9610,3,0.1,16214,5,8.6,23257,8,1.0,3967,2,1.2,2186,1,41.6,1760,1,29.5,9095,3
E01001748,Hackney 020A,E09000012,Hackney,32.8,6737,3,0.2,8279,3,0.1,10359,4,7.4,24647,8,0.3,12238,4,1.3,1579,1,45.0,1057,1,35.8,5909,2
E01001749,Hackney 020B,E09000012,Hackney,31.1,7497,3,0.2,10080,4,0.1,11706,4,3.6,29061,9,0.7,7383,3,0.8,5321,2,40.5,2053,1,50.4,1851,1
E01001750,Hackney 021C,E09000012,Hackney,36.0,5518,2,0.2,5061,2,0.1,10636,4,9.3,22552,7,0.4,10823,4,1.3,1706,1,42.7,1499,1,42.4,3562,2
E01001751,Hackney 021D,E09000012,Hackney,18.7,15464,5,0.1,23955,8,0.0,27992,9,2.1,30785,10,-0.3,20682,7,0.9,4166,2,30.1,6867,3,59.7,708,1
E01001752,Hackney 025A,E09000012,Hackney,26.8,9681,3,0.1,13536,5,0.1,20943,7,6.2,25925,8,0.2,12920,4,0.1,15174,5,43.2,1383,1,67.8,154,1
E01001753,Hackney 025B,E09000012,Hackney,35.9,5565,2,0.2,4550,2,0.1,6973,3,23.5,11620,4,0.2,12817,4,0.6,7506,3,42.1,1641,1,34.0,6710,3
E01001754,Hackney 025C,E09000012,Hackney,31.5,7318,3,0.2,8247,3,0.1,17382,6,13.3,18827,6,-0.3,20509,7,0.6,7088,3,44.0,1248,1,67.0,179,1
E01001755,Hackney 025D,E09000012,Hackney,40.1,4241,2,0.2,4183,2,0.2,4966,2,17.1,15733,5,1.1,3868,2,0.6,7563,3,42.4,1567,1,30.2,8699,3
E01001756,Hackney 021E,E09000012,Hackney,23.4,11738,4,0.1,19875,7,0.1,20479,7,8.2,23720,8,-0.2,18601,6,1.1,2749,1,40.5,2044,1,46.5,2551,1
E01001757,Hackney 016C,E09000012,Hackney,31.9,7129,3,0.2,4070,2,0.1,8770,3,17.8,15241,5,0.2,12702,4,0.0,16156,5,43.0,1434,1,23.6,12721,4
E01001758,Hackney 016D,E09000012,Hackney,38.9,4616,2,0.3,2847,1,0.1,7101,3,12.1,19849,7,0.5,8950,3,0.9,4696,2,46.5,805,1,29.5,9077,3
E01001759,Hackney 016E,E09000012,Hackney,28.9,8528,3,0.2,8558,3,0.1,10795,4,6.4,25732,8,0.4,10197,4,0.6,7735,3,43.1,1412,1,32.3,7567,3
E01001760,Hackney 017C,E09000012,Hackney,39.2,4504,2,0.2,5279,2,0.1,9054,3,9.7,22146,7,0.7,6817,3,1.7,528,1,44.6,1130,1,35.7,5928,2
E01001761,Hackney 016F,E09000012,Hackney,47.2,2627,1,0.3,1628,1,0.2,3429,2,10.2,21605,7,1.1,3182,1,0.8,5070,2,43.1,1407,1,34.6,6405,2
E01001762,Hackney 017D,E09000012,Hackney,27.1,9543,3,0.1,11630,4,0.1,12792,4,4.4,28052,9,0.4,10464,4,0.3,11315,4,45.5,963,1,39.3,4477,2
E01001763,Hackney 020C,E09000012,Hackney,22.1,12683,4,0.1,12525,4,0.1,20885,7,9.8,22081,7,-0.3,20253,7,0.3,11700,4,43.7,1277,1,37.0,5387,2
E01001764,Hackney 010A,E09000012,Hackney,28.7,8634,3,0.2,7148,3,0.1,10540,4,11.6,20307,7,0.1,14441,5,0.5,9538,3,41.7,1734,1,31.5,8003,3
E01001765,Hackney 010B,E09000012,Hackney,43.4,3374,2,0.3,2575,1,0.2,3818,2,25.2,10749,4,0.9,4773,2,0.4,10554,4,44.4,1172,1,26.5,10907,4
E01001767,Hackney 010D,E09000012,Hackney,34.0,6287,2,0.2,6352,2,0.1,10429,4,9.6,22275,7,0.4,10393,4,1.1,2615,1,44.9,1088,1,35.6,5962,2
E01001768,Hackney 006D,E09000012,Hackney,24.3,11196,4,0.1,11248,4,0.1,14701,5,8.6,23316,8,0.0,16489,6,0.4,10477,4,39.6,2322,1,38.2,4908,2
E01001769,Hackney 006E,E09000012,Hackney,26.8,9723,3,0.2,9343,3,0.1,14840,5,5.8,26397,9,0.2,13194,5,1.0,3731,2,40.3,2103,1,31.9,7798,3
E01001770,Hackney 010E,E09000012,Hackney,34.3,6158,2,0.2,5430,2,0.1,9153,3,20.5,13477,5,0.6,8154,3,0.7,6146,2,42.6,1519,1,27.0,10521,4
E01001772,Hackney 024A,E09000012,Hackney,41.8,3791,2,0.3,2876,1,0.2,6233,2,21.1,13083,4,0.6,8024,3,1.0,3520,2,44.4,1155,1,34.6,6413,2
E01001773,Hackney 025E,E09000012,Hackney,38.2,4810,2,0.2,4823,2,0.1,8591,3,12.6,19421,6,0.5,8915,3,1.2,2287,1,46.1,880,1,39.2,4533,2
E01001774,Hackney 024B,E09000012,Hackney,28.2,8923,3,0.2,7908,3,0.1,15759,5,7.9,24014,8,0.1,14398,5,0.7,6054,2,45.6,959,1,35.8,5893,2
E01001775,Hackney 024C,E09000012,Hackney,39.3,4495,2,0.3,3928,2,0.1,6933,3,14.7,17615,6,0.8,6011,2,0.9,4218,2,44.9,1068,1,32.6,7394,3
E01001776,Hackney 025F,E09000012,Hackney,45.9,2862,1,0.3,2370,1,0.2,3549,2,20.8,13286,5,0.7,7386,3,1.0,3672,2,43.0,1431,1,40.3,4154,2
E01001777,Hackney 027B,E09000012,Hackney,34.3,6154,2,0.2,8346,3,0.1,11584,4,9.0,22889,7,0.7,6901,3,1.1,3033,1,47.2,680,1,40.0,4274,2
E01001779,Hackney 026A,E09000012,Hackney,30.6,7718,3,0.2,7487,3,0.1,11274,4,11.1,20775,7,0.2,13355,5,0.3,11958,4,48.1,559,1,39.0,4627,2
E01001780,Hackney 027D,E09000012,Hackney,37.7,4965,2,0.2,5220,2,0.1,6828,3,13.4,18677,6,0.3,11810,4,1.4,1405,1,42.2,1606,1,36.5,5561,2
E01001781,Hackney 026B,E09000012,Hackney,44.7,3123,1,0.3,3085,1,0.2,4724,2,28.1,9343,3,1.0,4611,2,1.0,3628,2,42.5,1550,1,33.2,7118,3
E01001782,Hackney 026C,E09000012,Hackney,21.1,13505,5,0.1,12770,4,0.1,19088,6,7.3,24668,8,-0.5,23394,8,0.0,17170,6,42.9,1456,1,39.5,4431,2
E01001783,Hackney 026D,E09000012,Hackney,38.6,4695,2,0.3,3744,2,0.2,6366,2,19.6,14014,5,0.6,7521,3,0.6,7245,3,42.6,1525,1,34.7,6385,2
E01001784,Hackney 027E,E09000012,Hackney,26.6,9803,3,0.2,7922,3,0.1,16497,6,14.1,18078,6,0.1,13904,5,0.1,15431,5,42.3,1598,1,38.6,4744,2
E01001785,Hackney 015B,E09000012,Hackney,30.7,7676,3,0.2,8191,3,0.1,12194,4,6.2,26007,8,0.3,11498,4,1.1,3009,1,39.2,2432,1,43.8,3213,1
E01001786,Hackney 013A,E09000012,Hackney,37.9,4889,2,0.3,2488,1,0.2,5698,2,22.2,12424,4,0.2,13143,5,0.5,9363,3,41.9,1686,1,26.7,10725,4
E01001787,Hackney 013B,E09000012,Hackney,43.4,3371,2,0.3,1955,1,0.2,4627,2,31.6,7943,3,0.9,5266,2,0.4,9797,3,41.4,1802,1,23.4,12877,4
E01001788,Hackney 013C,E09000012,Hackney,42.5,3601,2,0.3,2307,1,0.2,3216,1,21.9,12630,4,0.9,4808,2,0.2,13031,4,40.8,1974,1,22.8,13247,5
E01001789,Hackney 015C,E09000012,Hackney,27.7,9211,3,0.2,8628,3,0.1,10642,4,7.0,25010,8,0.4,10107,4,0.5,9540,3,39.3,2391,1,31.8,7818,3
E01001790,Hackney 013D,E09000012,Hackney,52.0,1876,1,0.4,591,1,0.2,1836,1,18.8,14525,5,1.0,4303,2,0.0,16465,6,50.0,322,1,23.0,13096,4
E01001791,Hackney 015D,E09000012,Hackney,32.2,6994,3,0.2,6411,2,0.1,9310,3,14.4,17841,6,0.7,7191,3,0.5,9014,3,40.2,2129,1,32.4,7518,3
E01001792,Hackney 011A,E09000012,Hackney,32.7,6784,3,0.2,7382,3,0.1,11517,4,10.9,21014,7,0.4,9890,4,1.2,2053,1,40.7,2001,1,37.3,5256,2
E01001793,Hackney 011B,E09000012,Hackney,24.9,10841,4,0.2,10435,4,0.1,13664,5,4.8,27604,9,-0.2,18547,6,0.4,9973,4,41.5,1780,1,39.2,4532,2
E01001794,Hackney 011C,E09000012,Hackney,26.5,9886,4,0.1,12036,4,0.1,18710,6,7.3,24713,8,0.0,16042,5,0.8,5767,2,40.8,1967,1,53.7,1343,1
E01001795,Hackney 011D,E09000012,Hackney,31.5,7320,3,0.2,10510,4,0.1,9767,3,5.6,26605,9,0.4,10807,4,1.3,1771,1,41.7,1718,1,38.0,4976,2
E01001796,Hackney 011E,E09000012,Hackney,28.4,8807,3,0.1,12141,4,0.1,13710,5,7.7,24302,8,0.2,13233,5,0.4,10840,4,46.8,747,1,50.9,1771,1
E01001798,Hackney 028A,E09000012,Hackney,46.4,2769,1,0.3,1897,1,0.2,4116,2,19.8,13857,5,0.8,6149,2,1.2,2219,1,42.7,1498,1,33.4,7015,3
E01001799,Hackney 003A,E09000012,Hackney,26.5,9863,4,0.1,11743,4,0.1,16406,5,34.6,6890,3,-0.1,18252,6,-0.1,18791,6,39.4,2377,1,44.5,3014,1
E01001800,Hackney 004C,E09000012,Hackney,39.2,4523,2,0.3,3939,2,0.2,4828,2,39.8,5421,2,0.6,7825,3,0.0,16157,5,39.5,2352,1,28.7,9578,3
E01001801,Hackney 008B,E09000012,Hackney,31.4,7336,3,0.2,6414,2,0.1,12151,4,14.5,17731,6,0.5,9473,3,-0.2,19083,6,45.8,917,1,42.6,3518,2
E01001802,Hackney 003B,E09000012,Hackney,33.5,6460,2,0.2,4837,2,0.1,9085,3,26.4,10100,4,0.3,11961,4,0.1,14881,5,44.4,1169,1,29.8,8949,3
E01001803,Hackney 008C,E09000012,Hackney,15.7,18241,6,0.1,20551,7,0.1,20101,7,1.7,31223,10,0.0,16408,5,-0.4,21782,7,36.7,3343,2,32.0,7687,3
E01001804,Hackney 003C,E09000012,Hackney,26.5,9895,4,0.1,10889,4,0.1,11738,4,29.7,8686,3,0.0,15511,5,-0.9,28247,9,40.7,1985,1,35.1,6219,2
E01001805,Hackney 009B,E09000012,Hackney,27.2,9451,3,0.1,11775,4,0.1,16273,5,1.4,31526,10,0.0,15750,5,1.2,2519,1,40.5,2052,1,47.9,2281,1
E01001806,Hackney 008D,E09000012,Hackney,30.0,8025,3,0.2,7522,3,0.1,10148,4,6.5,25555,8,0.5,9376,3,0.9,4273,2,39.9,2225,1,28.0,9924,4
E01001807,Hackney 003D,E09000012,Hackney,29.1,8454,3,0.2,7503,3,0.1,11046,4,14.5,17732,6,-0.1,17169,6,0.2,13951,5,44.5,1149,1,38.8,4694,2
E01001808,Hackney 001A,E09000012,Hackney,30.9,7625,3,0.1,12215,4,0.1,19835,7,44.2,4361,2,-0.1,17685,6,0.2,13233,5,41.4,1816,1,62.4,477,1
E01001809,Hackney 001B,E09000012,Hackney,26.7,9795,3,0.1,11781,4,0.1,16837,6,42.4,4776,2,-0.3,20273,7,0.0,16069,5,41.8,1713,1,35.2,6146,2
E01001811,Hackney 002D,E09000012,Hackney,48.6,2394,1,0.3,1214,1,0.2,3791,2,42.7,4702,2,0.6,7863,3,0.7,6338,2,44.4,1176,1,26.6,10828,4
E01001812,Hackney 003E,E09000012,Hackney,29.8,8096,3,0.2,8090,3,0.1,8210,3,21.6,12830,4,0.0,16376,5,0.6,7676,3,40.6,2033,1,25.9,11217,4
E01001813,Hackney 002E,E09000012,Hackney,48.5,2413,1,0.3,2196,1,0.2,3539,2,22.6,12189,4,0.4,10837,4,1.2,2094,1,44.6,1129,1,51.3,1688,1
E01001814,Hackney 001C,E09000012,Hackney,32.7,6783,3,0.2,8234,3,0.1,11342,4,18.5,14777,5,0.6,8330,3,0.5,9019,3,43.9,1249,1,43.8,3215,1
E01001815,Hackney 024D,E09000012,Hackney,36.8,5285,2,0.3,3602,2,0.2,5116,2,14.6,17696,6,0.5,8845,3,0.4,10063,4,42.6,1504,1,25.1,11726,4
E01001816,Hackney 020D,E09000012,Hackney,25.2,10641,4,0.2,9071,3,0.1,15312,5,6.6,25458,8,0.2,12574,4,0.7,6412,2,37.9,2849,1,30.5,8522,3
E01001819,Hackney 020E,E09000012,Hackney,27.9,9108,3,0.2,6644,3,0.1,10570,4,4.1,28459,9,0.4,10471,4,0.5,8983,3,36.7,3333,2,31.0,8268,3
E01001820,Hackney 024E,E09000012,Hackney,41.0,3969,2,0.3,3253,1,0.2,3411,2,18.9,14456,5,0.4,9734,3,0.6,7783,3,43.3,1371,1,32.3,7566,3
E01001821,Hackney 024F,E09000012,Hackney,43.2,3434,2,0.3,3638,2,0.2,4672,2,19.5,14075,5,1.0,4500,2,1.1,2643,1,43.1,1410,1,30.4,8576,3
E01001822,Hackney 029C,E09000012,Hackney,45.7,2917,1,0.3,2349,1,0.2,3047,1,34.1,7057,3,0.7,6673,3,0.8,5435,2,41.5,1773,1,25.3,11574,4
E01001823,Hackney 001D,E09000012,Hackney,28.3,8874,3,0.2,8915,3,0.1,10424,4,35.3,6675,3,0.2,13700,5,-0.6,24735,8,43.0,1440,1,21.3,14356,5
E01001824,Hackney 004D,E09000012,Hackney,33.9,6317,2,0.2,7004,3,0.1,8617,3,39.3,5543,2,0.0,15411,5,0.4,9924,4,44.8,1100,1,29.3,9208,3
E01001825,Hackney 001E,E09000012,Hackney,26.9,9633,3,0.1,13292,5,0.1,15918,5,59.0,1848,1,-0.5,22954,7,-0.5,23228,8,40.1,2156,1,32.2,7600,3
E01001826,Hackney 004E,E09000012,Hackney,34.3,6162,2,0.2,5955,2,0.1,6989,3,39.0,5646,2,0.4,9726,3,-0.4,22602,7,41.3,1842,1,27.6,10175,4
E01001827,Hackney 029D,E09000012,Hackney,36.9,5244,2,0.2,4335,2,0.2,5873,2,39.7,5451,2,0.4,10690,4,0.2,13988,5,41.3,1833,1,22.6,13383,5
E01001828,Hackney 028B,E09000012,Hackney,34.2,6187,2,0.2,4114,2,0.2,6471,2,20.7,13338,5,0.3,11168,4,0.3,12729,4,42.2,1611,1,21.8,14004,5
E01001829,Hackney 009C,E09000012,Hackney,16.5,17491,6,0.1,19888,7,0.1,24844,8,0.5,32526,10,-0.3,19890,7,0.8,5877,2,31.4,6029,2,38.0,5006,2
E01001830,Hackney 014C,E09000012,Hackney,32.4,6903,3,0.2,6648,3,0.1,8520,3,9.3,22565,7,0.5,8767,3,0.6,7160,3,45.0,1055,1,29.4,9140,3
E01001831,Hackney 009D,E09000012,Hackney,29.2,8414,3,0.2,9536,3,0.1,13896,5,2.0,30947,10,0.4,10140,4,1.0,3391,2,42.6,1514,1,39.6,4399,2
E01001832,Hackney 009E,E09000012,Hackney,28.1,8976,3,0.1,11324,4,0.1,14364,5,7.3,24751,8,0.3,11874,4,1.0,3367,2,40.2,2136,1,41.7,3738,2
E01001833,Hackney 014D,E09000012,Hackney,31.8,7150,3,0.2,6507,2,0.1,10217,4,13.3,18758,6,0.5,9337,3,0.3,12579,4,45.4,982,1,35.7,5940,2
E01001834,Hackney 014E,E09000012,Hackney,30.8,7666,3,0.2,7006,3,0.1,10824,4,6.3,25882,8,0.5,9282,3,0.6,7932,3,42.5,1547,1,37.8,5061,2
E01001835,Hackney 014F,E09000012,Hackney,21.3,13308,5,0.1,16289,5,0.1,19662,6,1.6,31303,10,0.3,12281,4,1.1,2800,1,33.0,5065,2,33.1,7155,3
E01001836,Hackney 022A,E09000012,Hackney,26.2,10064,4,0.2,9643,3,0.1,12098,4,10.0,21844,7,0.2,13195,5,0.5,9722,3,40.7,2007,1,30.4,8589,3
E01001837,Hackney 023B,E09000012,Hackney,17.1,16914,6,0.1,18611,6,0.0,27038,9,2.1,30798,10,0.0,15612,5,0.7,7028,3,36.2,3556,2,31.9,7752,3
E01001838,Hackney 019E,E09000012,Hackney,46.4,2780,1,0.3,1196,1,0.2,3321,2,27.1,9770,3,0.6,7987,3,0.6,7501,3,42.2,1607,1,28.0,9965,4
E01001839,Hackney 023C,E09000012,Hackney,38.8,4640,2,0.2,6985,3,0.2,6145,2,5.3,26996,9,1.2,2786,1,0.9,4334,2,48.2,548,1,32.3,7562,3
E01001840,Hackney 022B,E09000012,Hackney,40.0,4256,2,0.3,3511,2,0.2,6005,2,17.9,15238,5,1.0,4505,2,0.9,4297,2,42.2,1622,1,24.3,12243,4
E01001841,Hackney 022C,E09000012,Hackney,31.7,7204,3,0.2,6822,3,0.1,7165,3,15.1,17313,6,0.5,9464,3,0.5,8669,3,40.2,2133,1,25.4,11527,4
E01001842,Hackney 023D,E09000012,Hackney,39.5,4411,2,0.3,2750,1,0.2,6291,2,12.3,19666,6,0.5,8712,3,1.0,3911,2,43.4,1339,1,31.1,8216,3
E01001843,Hackney 023E,E09000012,Hackney,32.0,7074,3,0.2,7912,3,0.1,7445,3,6.4,25681,8,0.7,7123,3,0.7,6082,2,41.7,1719,1,29.7,9001,3
E01001844,Hackney 022D,E09000012,Hackney,26.9,9624,3,0.1,11512,4,0.1,15649,5,6.7,25372,8,0.1,14570,5,1.0,3304,2,41.0,1937,1,40.6,4059,2
E01001845,Hackney 022E,E09000012,Hackney,51.0,2027,1,0.3,1433,1,0.2,1452,1,24.8,10969,4,1.0,4115,2,0.6,8008,3,42.6,1522,1,29.6,9034,3
E01001846,Hackney 018A,E09000012,Hackney,46.7,2705,1,0.3,3314,2,0.2,4243,2,19.7,13923,5,1.1,3344,2,1.7,653,1,42.6,1509,1,28.0,9955,4
E01001847,Hackney 018B,E09000012,Hackney,56.3,1315,1,0.3,1731,1,0.2,1393,1,22.6,12150,4,1.6,1230,1,1.3,1766,1,41.4,1796,1,33.0,7209,3
E01001848,Hackney 018C,E09000012,Hackney,39.9,4298,2,0.2,4489,2,0.1,7624,3,16.4,16275,5,0.9,4780,2,1.2,2180,1,41.5,1785,1,35.5,6021,2
E01001849,Hackney 018D,E09000012,Hackney,34.1,6227,2,0.2,6193,2,0.1,9807,3,14.2,17963,6,0.5,8547,3,0.8,5668,2,45.6,953,1,34.1,6661,3
E01001850,Hackney 019F,E09000012,Hackney,43.0,3486,2,0.3,2224,1,0.2,4178,2,25.9,10380,4,0.7,7069,3,0.7,6969,3,40.6,2016,1,29.9,8883,3
E01033698,Hackney 021F,E09000012,Hackney,34.4,6091,2,0.2,4963,2,0.1,6624,3,14.7,17593,6,0.8,5987,2,0.2,14133,5,42.1,1644,1,26.1,11092,4
E01033699,Hackney 021G,E09000012,Hackney,33.6,6411,2,0.1,11031,4,0.1,14212,5,11.4,20523,7,0.6,8427,3,1.9,257,1,45.2,1020,1,34.0,6673,3
E01033700,Hackney 021H,E09000012,Hackney,30.2,7953,3,0.1,11673,4,0.1,18620,6,9.6,22286,7,0.5,9365,3,1.4,1509,1,45.5,967,1,39.9,4275,2
E01033701,Hackney 002F,E09000012,Hackney,47.5,2578,1,0.3,1749,1,0.2,5333,2,31.1,8128,3,0.3,11339,4,0.9,4868,2,41.9,1687,1,58.4,818,1
E01033702,Hackney 028C,E09000012,Hackney,35.8,5611,2,0.3,3287,2,0.1,8845,3,14.5,17733,6,0.7,7117,3,0.1,15227,5,46.7,764,1,29.0,9355,3
E01033703,Hackney 010F,E09000012,Hackney,34.2,6196,2,0.2,5284,2,0.1,9770,3,11.0,20940,7,0.5,9306,3,0.9,4048,2,44.4,1154,1,31.5,7996,3
E01033704,Hackney 023F,E09000012,Hackney,26.6,9828,3,0.1,16862,6,0.1,22355,7,4.3,28190,9,0.1,13942,5,1.3,1971,1,44.9,1070,1,51.6,1647,1
E01033705,Hackney 028D,E09000012,Hackney,31.7,7191,3,0.2,6738,3,0.1,9292,3,21.4,12908,4,0.4,9944,4,0.3,12595,4,46.3,847,1,23.5,12806,4
E01033706,Hackney 027F,E09000012,Hackney,32.5,6887,3,0.1,21365,7,0.0,29606,10,9.3,22554,7,0.8,5912,2,1.8,391,1,47.4,644,1,65.1,288,1
E01033707,Hackney 021I,E09000012,Hackney,32.5,6864,3,0.2,9090,3,0.1,13548,5,5.1,27228,9,0.5,8918,3,1.3,1552,1,48.7,489,1,34.4,6523,2
E01033708,Hackney 027G,E09000012,Hackney,20.1,14243,5,0.0,29378,9,0.0,31074,10,5.5,26686,9,0.1,13948,5,0.4,10149,4,49.2,426,1,50.5,1841,1
E01033709,Hackney 027H,E09000012,Hackney,33.7,6366,2,0.2,9931,4,0.1,14281,5,9.6,22274,7,0.3,11386,4,1.1,3047,1,49.2,425,1,54.5,1247,1
E01033710,Hackney 028E,E09000012,Hackney,24.7,10980,4,0.2,10382,4,0.1,20360,7,16.3,16347,5,-0.1,18354,6,-0.3,20932,7,51.0,211,1,32.6,7387,3
E01033711,Hackney 027I,E09000012,Hackney,22.2,12611,4,0.0,26435,9,0.0,32681,10,14.4,17862,6,-0.2,18710,6,0.1,15808,5,46.5,798,1,70.8,87,1
E01033712,Hackney 023G,E09000012,Hackney,33.4,6490,2,0.2,8600,3,0.1,15887,5,9.9,21880,7,0.5,9649,3,1.2,2238,1,47.2,674,1,47.9,2276,1
E01033713,Hackney 010G,E09000012,Hackney,35.0,5892,2,0.2,9052,3,0.1,9980,4,10.3,21573,7,0.6,7631,3,1.3,1611,1,46.2,868,1,38.0,4997,2
E01001851,Hammersmith and Fulham 010A,E09000013,Hammersmith and Fulham,13.3,20771,7,0.1,21211,7,0.1,20120,7,2.2,30604,10,-0.6,24504,8,0.5,9435,3,21.2,15274,5,33.5,6932,3
E01001852,Hammersmith and Fulham 007A,E09000013,Hammersmith and Fulham,16.8,17221,6,0.1,16164,5,0.1,20124,7,5.2,27115,9,-0.3,21241,7,0.3,11479,4,27.2,9067,3,37.9,5020,2
E01001853,Hammersmith and Fulham 007B,E09000013,Hammersmith and Fulham,20.8,13706,5,0.1,16259,5,0.1,15113,5,6.1,26062,8,-0.1,17260,6,0.9,4544,2,23.5,12646,4,42.4,3541,2
E01001854,Hammersmith and Fulham 007C,E09000013,Hammersmith and Fulham,19.3,15003,5,0.1,12659,4,0.1,15635,5,2.7,30099,10,-0.2,19647,6,0.2,12863,4,29.1,7546,3,37.8,5054,2
E01001855,Hammersmith and Fulham 010B,E09000013,Hammersmith and Fulham,18.4,15740,5,0.1,15658,5,0.1,17151,6,8.4,23485,8,-0.2,18864,6,0.3,12373,4,27.0,9279,3,38.7,4728,2
E01001856,Hammersmith and Fulham 010C,E09000013,Hammersmith and Fulham,31.5,7267,3,0.2,6434,2,0.1,7059,3,7.7,24298,8,0.5,9546,3,0.6,7671,3,32.5,5393,2,40.4,4135,2
E01001857,Hammersmith and Fulham 007D,E09000013,Hammersmith and Fulham,40.0,4267,2,0.3,3284,1,0.2,4383,2,14.2,18004,6,0.3,11258,4,1.4,1483,1,33.8,4685,2,34.8,6312,2
E01001858,Hammersmith and Fulham 006A,E09000013,Hammersmith and Fulham,30.7,7701,3,0.2,7415,3,0.1,8992,3,6.5,25595,8,0.6,8150,3,0.8,5786,2,27.6,8744,3,47.7,2297,1
E01001859,Hammersmith and Fulham 008A,E09000013,Hammersmith and Fulham,20.2,14141,5,0.2,7595,3,0.1,13235,5,3.7,28830,9,-0.2,19442,6,-0.7,26672,9,32.1,5608,2,25.3,11580,4
E01001860,Hammersmith and Fulham 006B,E09000013,Hammersmith and Fulham,31.9,7131,3,0.2,6125,2,0.1,7153,3,14.7,17562,6,0.2,13697,5,0.7,6409,2,36.7,3335,2,33.3,7046,3
E01001861,Hammersmith and Fulham 006C,E09000013,Hammersmith and Fulham,30.2,7937,3,0.2,5381,2,0.2,6598,3,5.0,27308,9,0.3,11709,4,0.8,5747,2,31.2,6135,2,26.8,10695,4
E01001862,Hammersmith and Fulham 005A,E09000013,Hammersmith and Fulham,32.7,6802,3,0.2,5282,2,0.2,5622,2,14.8,17476,6,0.5,8664,3,0.5,9159,3,29.5,7333,3,32.0,7710,3
E01001863,Hammersmith and Fulham 006D,E09000013,Hammersmith and Fulham,19.0,15265,5,0.1,14255,5,0.1,13734,5,2.4,30408,10,-0.2,19174,6,0.7,6773,3,23.9,12201,4,32.6,7433,3
E01001864,Hammersmith and Fulham 006E,E09000013,Hammersmith and Fulham,28.8,8604,3,0.2,8860,3,0.1,8342,3,4.6,27820,9,0.8,6199,2,0.5,8809,3,26.9,9328,3,41.5,3805,2
E01001865,Hammersmith and Fulham 008B,E09000013,Hammersmith and Fulham,13.6,20324,7,0.1,17276,6,0.1,19124,6,2.2,30682,10,-0.5,22855,7,0.1,15590,5,23.9,12275,4,29.6,9067,3
E01001866,Hammersmith and Fulham 012A,E09000013,Hammersmith and Fulham,14.1,19847,7,0.1,19852,7,0.0,26171,8,0.8,32257,10,-1.1,29409,9,0.7,6430,2,24.9,11239,4,41.2,3883,2
E01001867,Hammersmith and Fulham 012B,E09000013,Hammersmith and Fulham,13.7,20289,7,0.1,13642,5,0.0,26204,8,2.1,30791,10,-0.2,19390,6,-0.7,26682,9,31.7,5865,2,26.1,11109,4
E01001868,Hammersmith and Fulham 012C,E09000013,Hammersmith and Fulham,35.9,5585,2,0.2,5483,2,0.2,6011,2,22.8,12056,4,0.2,13632,5,0.8,5017,2,37.1,3181,1,39.3,4497,2
E01001869,Hammersmith and Fulham 010D,E09000013,Hammersmith and Fulham,14.3,19649,6,0.1,21171,7,0.1,24758,8,1.8,31077,10,-0.2,19135,6,0.3,11543,4,22.6,13687,5,44.1,3138,1
E01001870,Hammersmith and Fulham 012D,E09000013,Hammersmith and Fulham,16.9,17083,6,0.1,17026,6,0.1,19316,6,4.3,28213,9,0.0,16057,5,-0.5,23105,8,34.0,4574,2,34.8,6318,2
E01001871,Hammersmith and Fulham 012E,E09000013,Hammersmith and Fulham,12.3,21856,7,0.1,17732,6,0.1,21042,7,3.3,29379,9,-0.9,27744,9,-0.5,24434,8,25.8,10405,4,31.9,7769,3
E01001872,Hammersmith and Fulham 012F,E09000013,Hammersmith and Fulham,15.6,18352,6,0.1,19013,6,0.1,21889,7,2.0,30928,10,-0.3,21081,7,0.2,13405,5,31.0,6250,2,38.2,4928,2
E01001873,Hammersmith and Fulham 010E,E09000013,Hammersmith and Fulham,22.7,12256,4,0.2,9196,3,0.1,11447,4,5.6,26579,9,0.0,15735,5,0.1,14659,5,28.4,8115,3,35.2,6154,2
E01001874,Hammersmith and Fulham 001A,E09000013,Hammersmith and Fulham,23.9,11438,4,0.1,12300,4,0.1,13551,5,11.9,20063,7,0.6,8274,3,-0.3,21671,7,39.7,2284,1,28.3,9793,3
E01001875,Hammersmith and Fulham 001B,E09000013,Hammersmith and Fulham,33.5,6449,2,0.2,5782,2,0.1,7829,3,27.0,9820,3,0.2,12501,4,0.8,5373,2,34.1,4537,2,33.7,6848,3
E01001876,Hammersmith and Fulham 001C,E09000013,Hammersmith and Fulham,37.3,5098,2,0.2,6198,2,0.1,6880,3,14.5,17763,6,0.9,5013,2,0.3,12242,4,50.8,235,1,33.5,6960,3
E01001877,Hammersmith and Fulham 001D,E09000013,Hammersmith and Fulham,33.3,6532,2,0.2,6516,2,0.1,6699,3,9.3,22569,7,0.5,9633,3,0.7,6019,2,34.3,4438,2,44.0,3153,1
E01001878,Hammersmith and Fulham 001E,E09000013,Hammersmith and Fulham,34.8,5979,2,0.2,4473,2,0.2,6153,2,27.5,9620,3,0.6,8287,3,0.1,15356,5,33.8,4670,2,31.7,7866,3
E01001879,Hammersmith and Fulham 019A,E09000013,Hammersmith and Fulham,22.6,12354,4,0.2,9687,3,0.1,8938,3,9.1,22725,7,0.0,15409,5,0.2,13666,5,25.9,10273,4,25.0,11814,4
E01001880,Hammersmith and Fulham 017A,E09000013,Hammersmith and Fulham,21.1,13446,5,0.2,9721,3,0.1,16595,6,7.7,24252,8,0.1,14945,5,0.6,8275,3,28.5,8062,3,27.4,10338,4
E01001881,Hammersmith and Fulham 017B,E09000013,Hammersmith and Fulham,14.9,18973,6,0.1,23648,8,0.0,25587,8,3.5,29114,9,-0.2,18518,6,0.9,4199,2,22.6,13663,5,37.5,5163,2
E01001882,Hammersmith and Fulham 017C,E09000013,Hammersmith and Fulham,13.5,20454,7,0.1,20007,7,0.1,22246,7,2.3,30588,10,-0.7,26207,8,0.4,11167,4,23.0,13247,5,38.5,4798,2
E01001883,Hammersmith and Fulham 017D,E09000013,Hammersmith and Fulham,23.4,11772,4,0.2,8802,3,0.1,11851,4,8.7,23153,8,0.6,8349,3,-0.1,18214,6,26.9,9319,3,28.2,9849,3
E01001884,Hammersmith and Fulham 017E,E09000013,Hammersmith and Fulham,26.0,10214,4,0.2,10333,4,0.1,13674,5,5.9,26291,9,0.5,9562,3,0.7,6339,2,29.6,7241,3,43.7,3246,1
E01001885,Hammersmith and Fulham 015A,E09000013,Hammersmith and Fulham,50.6,2091,1,0.4,788,1,0.2,1560,1,19.5,14053,5,1.1,3335,2,0.6,7149,3,31.7,5866,2,30.9,8331,3
E01001886,Hammersmith and Fulham 016A,E09000013,Hammersmith and Fulham,25.9,10269,4,0.2,8664,3,0.1,10508,4,8.6,23356,8,0.4,10603,4,0.6,7139,3,28.9,7742,3,30.1,8721,3
E01001887,Hammersmith and Fulham 016B,E09000013,Hammersmith and Fulham,23.2,11893,4,0.2,8554,3,0.1,12091,4,10.7,21134,7,0.2,13730,5,0.3,12588,4,28.9,7731,3,27.2,10415,4
E01001888,Hammersmith and Fulham 018A,E09000013,Hammersmith and Fulham,10.8,23550,8,0.1,22878,7,0.1,22998,8,3.0,29723,10,-0.5,23679,8,0.0,16742,6,22.8,13428,5,28.4,9709,3
E01001889,Hammersmith and Fulham 014A,E09000013,Hammersmith and Fulham,19.9,14425,5,0.1,20499,7,0.1,21644,7,2.3,30511,10,-0.3,21163,7,1.4,1302,1,27.4,8950,3,44.1,3124,1
E01001890,Hammersmith and Fulham 016C,E09000013,Hammersmith and Fulham,13.7,20292,7,0.1,23448,8,0.0,27693,9,2.8,29931,10,-0.5,23068,8,-0.3,20880,7,38.4,2697,1,36.9,5443,2
E01001891,Hammersmith and Fulham 018B,E09000013,Hammersmith and Fulham,11.4,22811,7,0.0,29294,9,0.0,31391,10,17.4,15532,5,-0.5,23251,8,0.0,17189,6,26.2,9963,4,35.0,6237,2
E01001892,Hammersmith and Fulham 016D,E09000013,Hammersmith and Fulham,28.4,8819,3,0.2,7134,3,0.1,6878,3,13.9,18206,6,0.4,10003,4,-0.1,18264,6,32.3,5454,2,28.6,9633,3
E01001893,Hammersmith and Fulham 013A,E09000013,Hammersmith and Fulham,33.8,6342,2,0.3,3812,2,0.1,6785,3,14.4,17832,6,0.4,10307,4,0.5,8878,3,30.2,6825,3,37.9,5041,2
E01001894,Hammersmith and Fulham 013B,E09000013,Hammersmith and Fulham,30.4,7814,3,0.2,6426,2,0.1,7928,3,15.8,16720,6,0.2,12606,4,0.4,10131,4,34.2,4472,2,36.2,5748,2
E01001895,Hammersmith and Fulham 009A,E09000013,Hammersmith and Fulham,19.5,14790,5,0.1,13792,5,0.1,13442,5,10.6,21303,7,-0.2,18846,6,0.4,10382,4,24.9,11173,4,31.4,8063,3
E01001896,Hammersmith and Fulham 009B,E09000013,Hammersmith and Fulham,22.0,12744,4,0.2,10266,4,0.1,14063,5,4.6,27782,9,0.0,16539,6,0.5,8954,3,31.0,6272,2,32.8,7276,3
E01001897,Hammersmith and Fulham 009C,E09000013,Hammersmith and Fulham,15.5,18490,6,0.1,18476,6,0.1,17021,6,0.9,32135,10,-0.2,18650,6,0.6,7728,3,22.4,13811,5,28.7,9553,3
E01001898,Hammersmith and Fulham 013C,E09000013,Hammersmith and Fulham,22.2,12598,4,0.1,12653,4,0.1,13865,5,10.0,21867,7,0.3,11037,4,0.1,14466,5,30.4,6672,3,35.1,6218,2
E01001899,Hammersmith and Fulham 013D,E09000013,Hammersmith and Fulham,43.2,3413,2,0.3,3505,2,0.2,3378,2,20.7,13332,5,1.1,3349,2,0.7,6329,2,35.2,3983,2,37.1,5337,2
E01001900,Hammersmith and Fulham 013E,E09000013,Hammersmith and Fulham,36.3,5414,2,0.2,5697,2,0.2,5534,2,11.0,20867,7,1.2,2906,1,0.4,10962,4,29.0,7642,3,44.5,3027,1
E01001901,Hammersmith and Fulham 019B,E09000013,Hammersmith and Fulham,10.8,23507,8,0.1,23487,8,0.1,24276,8,7.0,25061,8,-0.5,23003,8,-0.2,19964,7,21.4,14995,5,31.8,7848,3
E01001902,Hammersmith and Fulham 019C,E09000013,Hammersmith and Fulham,15.7,18248,6,0.1,17520,6,0.1,19861,7,12.2,19754,7,0.2,13150,5,-0.3,20566,7,25.0,11126,4,26.9,10645,4
E01001903,Hammersmith and Fulham 019D,E09000013,Hammersmith and Fulham,25.6,10447,4,0.2,7978,3,0.1,9893,4,7.2,24760,8,0.2,12676,4,0.2,13592,5,26.8,9424,3,39.8,4314,2
E01001904,Hammersmith and Fulham 022A,E09000013,Hammersmith and Fulham,9.5,25162,8,0.0,26722,9,0.0,29856,10,4.3,28156,9,-0.8,27108,9,0.1,14699,5,19.6,17100,6,37.5,5155,2
E01001905,Hammersmith and Fulham 022B,E09000013,Hammersmith and Fulham,7.1,28139,9,0.0,27723,9,0.0,31025,10,6.1,26020,8,-0.7,26340,9,-0.2,19972,7,19.6,17111,6,25.4,11544,4
E01001906,Hammersmith and Fulham 022C,E09000013,Hammersmith and Fulham,9.6,24988,8,0.1,23422,8,0.0,27903,9,4.7,27632,9,-0.7,25965,8,0.2,14176,5,19.9,16813,6,29.3,9220,3
E01001907,Hammersmith and Fulham 022D,E09000013,Hammersmith and Fulham,11.6,22696,7,0.1,24145,8,0.0,26048,8,1.0,32023,10,-0.3,20029,7,0.6,7332,3,19.8,16891,6,29.7,8978,3
E01001908,Hammersmith and Fulham 015B,E09000013,Hammersmith and Fulham,17.0,16979,6,0.1,19446,6,0.1,23427,8,3.5,29140,9,0.1,14696,5,0.4,10507,4,32.0,5690,2,37.4,5194,2
E01001909,Hammersmith and Fulham 015C,E09000013,Hammersmith and Fulham,22.5,12383,4,0.1,11468,4,0.1,15535,5,8.4,23562,8,0.4,10916,4,0.5,9150,3,27.8,8626,3,36.0,5802,2
E01001910,Hammersmith and Fulham 014B,E09000013,Hammersmith and Fulham,18.4,15768,5,0.1,15762,5,0.1,16824,6,1.5,31486,10,-0.2,19168,6,-0.2,19984,7,32.7,5254,2,43.6,3284,1
E01001911,Hammersmith and Fulham 015D,E09000013,Hammersmith and Fulham,34.6,6011,2,0.3,2708,1,0.2,5263,2,15.1,17265,6,0.6,8114,3,-0.3,21184,7,31.7,5870,2,29.1,9323,3
E01001912,Hammersmith and Fulham 015E,E09000013,Hammersmith and Fulham,35.5,5706,2,0.3,3482,2,0.2,6342,2,21.0,13140,5,0.6,8194,3,0.5,9736,3,32.4,5416,2,31.7,7899,3
E01001913,Hammersmith and Fulham 014C,E09000013,Hammersmith and Fulham,10.8,23554,8,0.0,29197,9,0.0,32521,10,7.0,25085,8,-0.1,17597,6,0.3,11245,4,25.0,11104,4,31.3,8123,3
E01001914,Hammersmith and Fulham 014D,E09000013,Hammersmith and Fulham,20.0,14365,5,0.1,15429,5,0.1,15561,5,6.4,25769,8,0.0,15399,5,0.3,12146,4,33.3,4912,2,34.0,6664,3
E01001915,Hammersmith and Fulham 024A,E09000013,Hammersmith and Fulham,12.9,21120,7,0.1,26123,8,0.0,31930,10,4.3,28224,9,-0.7,26386,9,0.7,6535,2,20.2,16446,6,50.1,1893,1
E01001916,Hammersmith and Fulham 024B,E09000013,Hammersmith and Fulham,6.8,28505,9,0.0,31742,10,0.0,32451,10,1.4,31544,10,-1.6,32072,10,0.2,13263,5,22.2,14056,5,30.0,8822,3
E01001917,Hammersmith and Fulham 018C,E09000013,Hammersmith and Fulham,15.6,18372,6,0.1,14854,5,0.1,21157,7,5.5,26758,9,-0.1,17603,6,0.2,13271,5,22.1,14243,5,32.9,7245,3
E01001918,Hammersmith and Fulham 018D,E09000013,Hammersmith and Fulham,10.5,23841,8,0.1,20465,7,0.1,24827,8,1.8,31101,10,-0.3,21419,7,0.1,14597,5,19.5,17231,6,25.3,11590,4
E01001919,Hammersmith and Fulham 018E,E09000013,Hammersmith and Fulham,8.6,26263,8,0.1,25563,8,0.0,27016,9,3.2,29532,9,-0.9,27768,9,0.4,10045,4,18.9,17989,6,21.6,14090,5
E01001920,Hammersmith and Fulham 020A,E09000013,Hammersmith and Fulham,31.1,7494,3,0.2,6908,3,0.2,6218,2,6.4,25680,8,0.6,7919,3,0.6,7372,3,28.4,8141,3,38.1,4962,2
E01001921,Hammersmith and Fulham 020B,E09000013,Hammersmith and Fulham,19.1,15164,5,0.1,17625,6,0.1,15538,5,2.8,29969,10,-0.7,25724,8,1.1,2871,1,24.2,11908,4,38.9,4638,2
E01001922,Hammersmith and Fulham 020C,E09000013,Hammersmith and Fulham,12.1,22079,7,0.1,23260,8,0.0,26510,9,4.0,28541,9,-1.3,31031,10,0.9,4850,2,19.6,17129,6,34.1,6627,3
E01001923,Hammersmith and Fulham 020D,E09000013,Hammersmith and Fulham,17.6,16437,6,0.1,16460,6,0.1,22249,7,2.2,30653,10,-0.8,26963,9,0.7,6936,3,26.5,9746,3,49.2,2036,1
E01001924,Hammersmith and Fulham 020E,E09000013,Hammersmith and Fulham,9.2,25569,8,0.0,30285,10,0.0,32537,10,1.1,31911,10,-1.4,31473,10,0.5,9030,3,21.8,14523,5,39.4,4468,2
E01001925,Hammersmith and Fulham 025A,E09000013,Hammersmith and Fulham,9.0,25768,8,0.0,26856,9,0.0,28351,9,1.4,31606,10,-1.2,29992,10,0.1,14454,5,20.1,16543,6,36.7,5510,2
E01001926,Hammersmith and Fulham 024C,E09000013,Hammersmith and Fulham,6.6,28809,9,0.0,30145,10,0.0,31356,10,0.4,32594,10,-1.0,29056,9,0.0,16141,5,16.4,21116,7,32.5,7444,3
E01001927,Hammersmith and Fulham 008C,E09000013,Hammersmith and Fulham,9.5,25171,8,0.0,27922,9,0.0,27500,9,0.2,32748,10,-0.9,27685,9,0.2,13697,5,22.4,13801,5,35.8,5894,2
E01001928,Hammersmith and Fulham 011A,E09000013,Hammersmith and Fulham,20.6,13864,5,0.1,12469,4,0.1,14552,5,1.4,31619,10,0.0,16599,6,0.7,6446,2,25.9,10288,4,35.8,5878,2
E01001929,Hammersmith and Fulham 009D,E09000013,Hammersmith and Fulham,12.3,21853,7,0.1,21448,7,0.0,25529,8,5.4,26784,9,-0.5,23269,8,0.3,12385,4,19.3,17568,6,37.4,5223,2
E01001930,Hammersmith and Fulham 008D,E09000013,Hammersmith and Fulham,31.0,7537,3,0.2,9763,3,0.1,7386,3,2.7,30148,10,0.7,6514,2,0.6,7257,3,27.7,8656,3,54.4,1260,1
E01001931,Hammersmith and Fulham 011B,E09000013,Hammersmith and Fulham,18.5,15702,5,0.1,16599,6,0.1,22220,7,4.5,27894,9,0.2,13540,5,0.2,12932,4,30.1,6901,3,43.2,3357,2
E01001932,Hammersmith and Fulham 011C,E09000013,Hammersmith and Fulham,25.9,10242,4,0.1,12787,4,0.1,14393,5,2.6,30210,10,0.0,15791,5,1.0,3276,1,38.5,2648,1,43.5,3298,2
E01001933,Hammersmith and Fulham 011D,E09000013,Hammersmith and Fulham,20.9,13652,5,0.1,13348,5,0.1,13076,4,7.7,24279,8,-0.6,24219,8,0.7,6676,3,28.1,8339,3,36.3,5663,2
E01001934,Hammersmith and Fulham 025B,E09000013,Hammersmith and Fulham,23.8,11507,4,0.2,5218,2,0.1,9819,3,12.1,19836,7,-0.3,20328,7,-0.7,25768,8,32.7,5243,2,16.1,18371,6
E01001935,Hammersmith and Fulham 023A,E09000013,Hammersmith and Fulham,17.0,17011,6,0.1,14641,5,0.1,15853,5,4.7,27674,9,-0.2,19401,6,0.5,9487,3,23.8,12362,4,27.3,10341,4
E01001937,Hammersmith and Fulham 025C,E09000013,Hammersmith and Fulham,13.3,20728,7,0.1,23690,8,0.1,24653,8,5.7,26469,9,-0.7,25952,8,0.6,7109,3,21.0,15553,5,39.1,4571,2
E01001938,Hammersmith and Fulham 025D,E09000013,Hammersmith and Fulham,27.5,9309,3,0.2,5423,2,0.1,10105,4,12.1,19816,7,-0.2,18739,6,0.5,9013,3,26.5,9684,3,39.0,4614,2
E01001939,Hammersmith and Fulham 023C,E09000013,Hammersmith and Fulham,21.1,13510,5,0.2,8930,3,0.1,13616,5,14.8,17490,6,-0.4,22088,7,0.0,16419,5,29.5,7325,3,26.7,10727,4
E01001940,Hammersmith and Fulham 005B,E09000013,Hammersmith and Fulham,34.8,5966,2,0.2,5247,2,0.1,7710,3,13.2,18852,6,0.6,8269,3,1.0,3145,1,37.0,3204,1,31.7,7888,3
E01001941,Hammersmith and Fulham 005C,E09000013,Hammersmith and Fulham,30.2,7925,3,0.2,10058,4,0.1,8011,3,5.7,26531,9,0.6,7460,3,0.9,4838,2,32.4,5437,2,41.2,3879,2
E01001942,Hammersmith and Fulham 005D,E09000013,Hammersmith and Fulham,24.2,11283,4,0.1,11226,4,0.1,11017,4,5.9,26267,8,0.2,12375,4,0.7,6450,2,27.7,8717,3,34.9,6280,2
E01001943,Hammersmith and Fulham 004A,E09000013,Hammersmith and Fulham,33.0,6650,3,0.2,9442,3,0.1,9741,3,5.7,26495,9,0.4,10684,4,1.4,1401,1,37.2,3135,1,49.2,2035,1
E01001944,Hammersmith and Fulham 004B,E09000013,Hammersmith and Fulham,43.0,3478,2,0.3,2074,1,0.2,1823,1,14.9,17460,6,0.6,7667,3,-0.2,19930,7,42.5,1532,1,26.2,11055,4
E01001945,Hammersmith and Fulham 004C,E09000013,Hammersmith and Fulham,25.1,10706,4,0.2,9040,3,0.1,10299,4,3.3,29364,9,0.1,14324,5,0.8,5382,2,25.9,10252,4,36.8,5448,2
E01001946,Hammersmith and Fulham 004D,E09000013,Hammersmith and Fulham,22.0,12811,4,0.2,9263,3,0.1,9947,4,9.7,22106,7,0.3,11125,4,-1.0,29429,9,29.8,7074,3,20.2,15104,5
E01001947,Hammersmith and Fulham 021A,E09000013,Hammersmith and Fulham,37.6,5002,2,0.3,2839,1,0.2,4119,2,18.8,14528,5,0.7,7150,3,0.4,10990,4,32.0,5638,2,26.4,10909,4
E01001948,Hammersmith and Fulham 021B,E09000013,Hammersmith and Fulham,14.6,19353,6,0.1,18820,6,0.1,21288,7,3.4,29308,9,-0.7,25521,8,0.1,15397,5,24.1,12063,4,43.8,3200,1
E01001949,Hammersmith and Fulham 021C,E09000013,Hammersmith and Fulham,8.0,27040,9,0.0,28472,9,0.0,31581,10,2.9,29897,10,-0.9,27741,9,0.1,15764,5,20.8,15695,5,33.4,7022,3
E01001950,Hammersmith and Fulham 021D,E09000013,Hammersmith and Fulham,9.7,24876,8,0.0,29803,10,0.0,31428,10,2.8,29924,10,-0.7,25914,8,0.5,8444,3,19.4,17332,6,37.4,5193,2
E01001951,Hammersmith and Fulham 021E,E09000013,Hammersmith and Fulham,17.4,16651,6,0.1,18061,6,0.1,21582,7,3.7,28877,9,-0.2,19796,7,0.6,7403,3,23.5,12662,4,46.6,2524,1
E01001952,Hammersmith and Fulham 024D,E09000013,Hammersmith and Fulham,15.7,18223,6,0.1,18403,6,0.1,21533,7,9.2,22667,7,0.1,14625,5,-0.1,18562,6,23.8,12299,4,37.3,5287,2
E01001953,Hammersmith and Fulham 021F,E09000013,Hammersmith and Fulham,22.1,12704,4,0.1,10970,4,0.1,17003,6,11.5,20388,7,0.3,11228,4,0.5,9411,3,27.1,9216,3,33.6,6903,3
E01001954,Hammersmith and Fulham 003A,E09000013,Hammersmith and Fulham,27.4,9370,3,0.2,6716,3,0.1,10070,4,8.3,23621,8,0.4,10309,4,0.7,6315,2,26.4,9758,3,31.7,7898,3
E01001955,Hammersmith and Fulham 002A,E09000013,Hammersmith and Fulham,38.0,4877,2,0.3,3289,2,0.2,5151,2,20.5,13481,5,0.3,11254,4,1.1,2978,1,32.0,5673,2,31.5,7970,3
E01001956,Hammersmith and Fulham 003B,E09000013,Hammersmith and Fulham,27.3,9420,3,0.2,7491,3,0.1,7072,3,7.6,24355,8,-0.1,17581,6,0.7,6852,3,26.3,9884,4,35.9,5840,2
E01001957,Hammersmith and Fulham 002B,E09000013,Hammersmith and Fulham,38.8,4637,2,0.3,2242,1,0.2,3750,2,27.2,9739,3,0.4,10982,4,0.1,15569,5,36.0,3619,2,23.1,13055,4
E01001958,Hammersmith and Fulham 002C,E09000013,Hammersmith and Fulham,38.7,4675,2,0.3,1836,1,0.2,3547,2,23.0,11885,4,0.3,11799,4,-0.1,18536,6,35.5,3855,2,23.6,12723,4
E01001959,Hammersmith and Fulham 003C,E09000013,Hammersmith and Fulham,40.1,4238,2,0.2,4074,2,0.2,4863,2,18.0,15158,5,0.7,7317,3,0.8,5089,2,33.3,4914,2,49.3,2016,1
E01001960,Hammersmith and Fulham 003D,E09000013,Hammersmith and Fulham,18.4,15773,5,0.1,13206,5,0.1,17346,6,3.3,29428,9,-0.1,17928,6,0.3,12057,4,26.5,9747,3,37.0,5373,2
E01001961,Hammersmith and Fulham 002D,E09000013,Hammersmith and Fulham,41.8,3771,2,0.3,1403,1,0.2,3764,2,28.5,9196,3,0.4,9801,3,0.6,8209,3,32.1,5623,2,24.4,12185,4
E01032788,Hammersmith and Fulham 023D,E09000013,Hammersmith and Fulham,26.8,9722,3,0.2,7081,3,0.1,12691,4,10.8,21071,7,0.5,9257,3,0.8,5560,2,26.5,9739,3,30.8,8348,3
E01032789,Hammersmith and Fulham 023E,E09000013,Hammersmith and Fulham,17.1,16892,6,0.1,18362,6,0.0,25508,8,4.8,27583,9,-0.5,23643,8,-0.6,24813,8,30.2,6800,3,61.2,585,1
E01032790,Hammersmith and Fulham 023F,E09000013,Hammersmith and Fulham,18.0,16130,5,0.1,13323,5,0.1,23965,8,4.3,28228,9,-0.1,17000,6,-0.5,24211,8,31.6,5915,2,46.4,2569,1
E01001962,Haringey 004A,E09000014,Haringey,15.5,18441,6,0.1,15087,5,0.1,20622,7,3.5,29142,9,-0.6,24951,8,0.2,13125,4,30.6,6526,2,29.8,8945,3
E01001963,Haringey 009A,E09000014,Haringey,8.6,26300,9,0.1,24941,8,0.0,29531,9,0.4,32603,10,-0.9,28055,9,0.1,14583,5,21.5,14893,5,30.3,8611,3
E01001964,Haringey 009B,E09000014,Haringey,14.8,19124,6,0.1,20184,7,0.1,22710,7,2.7,30057,10,-0.8,26711,9,0.4,10124,4,32.2,5539,2,34.8,6338,2
E01001965,Haringey 009C,E09000014,Haringey,11.3,23030,8,0.1,18992,6,0.1,20696,7,0.5,32506,10,-0.7,25935,8,-0.5,23738,8,26.8,9461,3,24.5,12064,4
E01001966,Haringey 009D,E09000014,Haringey,13.3,20730,7,0.0,26796,9,0.0,28249,9,0.3,32672,10,-1.2,30323,10,1.4,1236,1,22.1,14269,5,32.6,7438,3
E01001967,Haringey 014A,E09000014,Haringey,8.9,25963,8,0.1,25901,8,0.0,27103,9,0.7,32351,10,-0.7,26017,8,-0.3,20916,7,23.6,12536,4,31.6,7928,3
E01001968,Haringey 014B,E09000014,Haringey,11.2,23140,8,0.1,23963,8,0.0,26661,9,0.9,32107,10,-0.7,25785,8,0.2,13660,5,26.6,9657,3,34.0,6707,3
E01001969,Haringey 001A,E09000014,Haringey,27.0,9566,3,0.2,8865,3,0.1,13236,5,20.4,13513,5,-0.1,17683,6,0.6,8225,3,36.0,3639,2,37.9,5028,2
E01001970,Haringey 004B,E09000014,Haringey,27.0,9598,3,0.2,6862,3,0.1,12416,4,12.6,19405,6,0.0,15559,5,0.7,6351,2,36.1,3589,2,27.2,10426,4
E01001971,Haringey 001B,E09000014,Haringey,37.9,4922,2,0.2,4062,2,0.2,4579,2,16.8,15951,5,0.6,7866,3,0.8,5612,2,38.4,2716,1,28.0,9980,4
E01001972,Haringey 004C,E09000014,Haringey,26.4,9943,4,0.2,8753,3,0.1,9637,3,10.1,21744,7,0.0,15346,5,0.4,10335,4,36.0,3636,2,32.3,7581,3
E01001973,Haringey 004D,E09000014,Haringey,18.3,15884,5,0.1,14479,5,0.1,18176,6,3.3,29410,9,-0.7,26116,8,0.3,12582,4,28.7,7917,3,46.3,2609,1
E01001974,Haringey 001C,E09000014,Haringey,19.5,14821,5,0.1,17361,6,0.1,18629,6,8.4,23560,8,-0.7,25866,8,0.5,8688,3,33.0,5058,2,45.5,2785,1
E01001975,Haringey 001D,E09000014,Haringey,21.3,13355,5,0.1,14472,5,0.1,14320,5,14.2,17985,6,-0.4,21781,7,0.2,13587,5,33.9,4629,2,38.3,4885,2
E01001976,Haringey 011A,E09000014,Haringey,37.9,4917,2,0.2,6144,2,0.1,8501,3,34.9,6805,3,-0.1,17299,6,1.0,3503,2,46.5,803,1,41.2,3890,2
E01001977,Haringey 011B,E09000014,Haringey,41.1,3940,2,0.3,3759,2,0.2,5852,2,27.6,9549,3,0.4,10422,4,0.9,4742,2,46.8,758,1,35.1,6217,2
E01001978,Haringey 011C,E09000014,Haringey,40.4,4152,2,0.2,4369,2,0.2,4431,2,33.7,7213,3,0.0,15835,5,1.4,1344,1,34.9,4117,2,32.6,7399,3
E01001979,Haringey 011D,E09000014,Haringey,41.5,3861,2,0.2,4268,2,0.2,5885,2,28.9,9010,3,0.0,15854,5,1.7,561,1,38.0,2822,1,39.5,4410,2
E01001980,Haringey 018A,E09000014,Haringey,28.5,8788,3,0.2,7533,3,0.1,11374,4,20.2,13669,5,-0.1,17424,6,0.7,6439,2,35.1,4066,2,35.0,6235,2
E01001981,Haringey 018B,E09000014,Haringey,29.7,8167,3,0.2,8608,3,0.1,13530,5,26.9,9866,4,-0.3,19990,7,0.8,4894,2,38.7,2580,1,40.3,4152,2
E01001982,Haringey 018C,E09000014,Haringey,32.0,7077,3,0.2,7711,3,0.1,8315,3,18.2,14997,5,0.1,14853,5,0.7,6008,2,40.3,2113,1,38.8,4696,2
E01001983,Haringey 018D,E09000014,Haringey,27.6,9236,3,0.2,8814,3,0.1,9656,3,16.1,16469,6,0.2,13108,4,0.8,5935,2,30.4,6700,3,32.5,7449,3
E01001984,Haringey 033A,E09000014,Haringey,19.6,14754,5,0.1,13331,5,0.1,15633,5,1.6,31337,10,0.3,11631,4,0.2,14297,5,29.8,7109,3,32.0,7723,3
E01001985,Haringey 033B,E09000014,Haringey,10.0,24521,8,0.1,26283,9,0.0,29122,9,0.4,32614,10,-1.0,28759,9,0.4,10960,4,25.9,10223,4,32.6,7388,3
E01001986,Haringey 034A,E09000014,Haringey,12.4,21667,7,0.1,19110,6,0.1,21253,7,2.4,30450,10,-0.6,24280,8,-0.1,18014,6,26.9,9367,3,27.6,10197,4
E01001987,Haringey 033C,E09000014,Haringey,9.5,25129,8,0.0,28046,9,0.0,32007,10,1.6,31365,10,-1.1,29357,9,0.2,12772,4,31.4,6023,2,28.8,9495,3
E01001988,Haringey 034B,E09000014,Haringey,16.1,17894,6,0.1,19906,7,0.1,21702,7,1.9,31048,10,-0.4,22594,7,0.5,8817,3,28.1,8370,3,42.1,3640,2
E01001989,Haringey 033D,E09000014,Haringey,14.8,19138,6,0.1,18189,6,0.1,24526,8,2.0,30851,10,-0.6,24695,8,0.7,6441,2,25.1,10974,4,35.9,5853,2
E01001990,Haringey 034C,E09000014,Haringey,15.6,18313,6,0.1,22437,7,0.0,27667,9,1.3,31674,10,-0.4,22235,7,0.3,11644,4,28.5,8069,3,54.7,1220,1
E01001991,Haringey 017A,E09000014,Haringey,15.0,18931,6,0.1,21721,7,0.0,26990,9,1.0,32043,10,-0.1,18076,6,0.3,11390,4,30.3,6794,3,42.1,3641,2
E01001992,Haringey 017B,E09000014,Haringey,7.6,27577,9,0.0,29000,9,0.0,30448,10,0.3,32693,10,-1.0,29196,9,-0.1,17947,6,26.9,9315,3,26.3,10958,4
E01001993,Haringey 017C,E09000014,Haringey,6.7,28651,9,0.0,30936,10,0.0,32028,10,0.1,32815,10,-0.8,27082,9,0.1,15837,5,21.6,14800,5,27.9,10022,4
E01001994,Haringey 030A,E09000014,Haringey,10.1,24362,8,0.1,21001,7,0.0,25948,8,1.5,31451,10,-1.0,28757,9,-0.6,24990,8,30.6,6525,2,25.3,11617,4
E01001995,Haringey 017D,E09000014,Haringey,26.2,10079,4,0.2,6695,3,0.1,8394,3,9.6,22229,7,-0.1,17348,6,0.0,17082,6,36.7,3332,2,25.0,11807,4
E01001996,Haringey 014C,E09000014,Haringey,9.7,24875,8,0.1,24108,8,0.0,28695,9,0.9,32089,10,-0.8,27458,9,-0.2,19346,6,23.4,12754,4,37.0,5395,2
E01001997,Haringey 014D,E09000014,Haringey,14.7,19221,6,0.1,24960,8,0.0,28660,9,0.7,32331,10,-0.8,27413,9,0.9,4706,2,26.1,10092,4,49.1,2054,1
E01001998,Haringey 023A,E09000014,Haringey,17.5,16516,6,0.1,16069,5,0.1,23741,8,6.0,26216,8,-0.4,22601,7,0.3,11677,4,37.7,2957,1,34.6,6434,2
E01001999,Haringey 023B,E09000014,Haringey,26.6,9806,3,0.1,10880,4,0.1,14933,5,12.6,19404,6,0.0,16049,5,1.1,2563,1,36.0,3626,2,36.2,5721,2
E01002000,Haringey 031A,E09000014,Haringey,18.7,15505,5,0.1,12874,4,0.1,17263,6,5.7,26487,9,-0.1,18183,6,0.3,12187,4,32.1,5590,2,28.0,9970,4
E01002001,Haringey 031B,E09000014,Haringey,20.7,13735,5,0.1,13793,5,0.1,18310,6,8.3,23667,8,-0.2,18670,6,0.3,11868,4,34.7,4218,2,40.8,4009,2
E01002002,Haringey 031C,E09000014,Haringey,38.7,4676,2,0.2,7778,3,0.1,9071,3,13.0,19073,6,0.3,11750,4,2.4,44,1,44.8,1099,1,41.9,3691,2
E01002003,Haringey 023C,E09000014,Haringey,36.8,5261,2,0.2,6416,2,0.1,9560,3,31.0,8164,3,0.3,12153,4,1.2,2282,1,41.8,1697,1,38.4,4858,2
E01002004,Haringey 023D,E09000014,Haringey,18.4,15817,5,0.1,13661,5,0.1,19459,6,9.7,22143,7,-0.4,21557,7,0.2,13631,5,32.3,5495,2,33.6,6907,3
E01002005,Haringey 035A,E09000014,Haringey,16.1,17870,6,0.1,23308,8,0.1,23666,8,8.3,23579,8,-0.1,17650,6,-0.1,17700,6,36.3,3482,2,37.9,5017,2
E01002006,Haringey 035B,E09000014,Haringey,15.6,18324,6,0.1,19006,6,0.1,21368,7,1.7,31199,10,-0.5,23437,8,0.1,15019,5,30.9,6329,2,41.5,3789,2
E01002007,Haringey 035C,E09000014,Haringey,11.8,22397,7,0.1,25754,8,0.0,25397,8,0.6,32427,10,-1.0,28721,9,0.2,13159,5,29.8,7122,3,36.9,5427,2
E01002008,Haringey 030B,E09000014,Haringey,9.1,25611,8,0.0,26302,9,0.0,28687,9,3.4,29256,9,-1.1,29699,10,-0.1,17877,6,29.6,7247,3,25.8,11264,4
E01002009,Haringey 035D,E09000014,Haringey,12.3,21826,7,0.0,29078,9,0.0,29982,10,2.4,30459,10,-1.3,30931,10,0.4,11148,4,29.6,7225,3,48.1,2238,1
E01002010,Haringey 030C,E09000014,Haringey,20.1,14235,5,0.1,13028,4,0.1,10833,4,7.1,24999,8,-0.2,18719,6,0.5,8514,3,26.4,9832,3,23.4,12884,4
E01002011,Haringey 030D,E09000014,Haringey,21.5,13214,5,0.1,13895,5,0.1,14301,5,7.8,24177,8,-0.5,23360,8,0.9,4212,2,28.1,8368,3,37.6,5115,2
E01002013,Haringey 022A,E09000014,Haringey,12.1,22009,7,0.1,20525,7,0.0,25257,8,0.8,32272,10,-0.4,21452,7,0.1,15124,5,23.3,12920,4,35.2,6159,2
E01002014,Haringey 020B,E09000014,Haringey,21.6,13122,4,0.2,9827,3,0.1,15909,5,5.4,26892,9,0.1,14168,5,0.4,10329,4,28.9,7748,3,33.4,6994,3
E01002015,Haringey 020C,E09000014,Haringey,26.3,9999,4,0.2,6916,3,0.1,7764,3,6.7,25410,8,0.2,13358,5,0.3,11771,4,29.9,7024,3,26.7,10714,4
E01002016,Haringey 028A,E09000014,Haringey,21.6,13101,4,0.2,9397,3,0.1,12399,4,4.3,28160,9,0.1,14642,5,0.2,13234,5,29.0,7673,3,28.0,9967,4
E01002017,Haringey 028B,E09000014,Haringey,23.5,11671,4,0.1,12070,4,0.1,8989,3,6.5,25570,8,-0.4,22728,7,0.9,4067,2,28.5,8060,3,30.7,8434,3
E01002018,Haringey 020D,E09000014,Haringey,26.7,9786,3,0.2,7387,3,0.1,8252,3,6.2,25988,8,0.3,11438,4,0.3,11818,4,27.1,9211,3,35.5,6017,2
E01002019,Haringey 022B,E09000014,Haringey,7.7,27449,9,0.0,29290,9,0.0,31565,10,0.4,32602,10,-1.2,30428,10,0.4,10219,4,22.1,14204,5,27.6,10182,4
E01002020,Haringey 021A,E09000014,Haringey,17.2,16855,6,0.1,16822,6,0.1,17993,6,6.2,25971,8,-0.3,20727,7,0.7,6690,3,25.9,10283,4,30.8,8347,3
E01002021,Haringey 022C,E09000014,Haringey,10.4,24077,8,0.1,21958,7,0.0,28747,9,0.5,32501,10,-0.6,24502,8,-0.2,19799,7,26.5,9740,3,32.6,7414,3
E01002022,Haringey 021B,E09000014,Haringey,14.4,19545,6,0.1,23003,8,0.0,27192,9,3.2,29460,9,-0.7,25511,8,0.8,5144,2,29.6,7214,3,35.7,5923,2
E01002023,Haringey 021C,E09000014,Haringey,15.5,18466,6,0.1,22259,7,0.1,22024,7,1.1,31961,10,-0.3,19944,7,0.9,4317,2,24.4,11727,4,35.7,5946,2
E01002024,Haringey 022D,E09000014,Haringey,17.8,16274,5,0.1,15153,5,0.1,16306,5,1.2,31735,10,-0.1,17098,6,0.7,6699,3,25.4,10788,4,29.3,9217,3
E01002025,Haringey 021D,E09000014,Haringey,7.9,27147,9,0.0,31483,10,0.0,32207,10,0.5,32530,10,-1.3,30939,10,-0.3,20603,7,29.8,7080,3,33.6,6921,3
E01002026,Haringey 016A,E09000014,Haringey,46.3,2796,1,0.3,2443,1,0.2,3148,1,30.7,8302,3,0.3,12073,4,1.7,648,1,35.8,3724,2,32.8,7289,3
E01002027,Haringey 010A,E09000014,Haringey,29.9,8044,3,0.2,6864,3,0.1,8658,3,21.1,13056,4,0.2,13450,5,0.5,8530,3,32.9,5153,2,33.6,6908,3
E01002028,Haringey 010B,E09000014,Haringey,27.1,9520,3,0.1,10888,4,0.1,13517,5,21.0,13163,5,-0.1,17163,6,0.9,4152,2,34.0,4586,2,38.8,4697,2
E01002029,Haringey 016B,E09000014,Haringey,36.3,5426,2,0.2,6336,2,0.1,7667,3,14.5,17740,6,0.2,12704,4,1.7,594,1,40.6,2021,1,31.7,7872,3
E01002030,Haringey 016C,E09000014,Haringey,21.7,12975,4,0.1,13120,4,0.1,17005,6,14.0,18166,6,-0.4,21718,7,0.7,6191,2,34.7,4223,2,31.9,7760,3
E01002031,Haringey 016D,E09000014,Haringey,33.2,6590,3,0.2,7692,3,0.1,12704,4,19.1,14310,5,-0.1,18206,6,1.6,739,1,39.2,2436,1,41.1,3923,2
E01002032,Haringey 010C,E09000014,Haringey,37.5,5050,2,0.2,5962,2,0.1,6779,3,31.2,8107,3,0.2,13302,5,0.8,4883,2,34.5,4305,2,51.8,1611,1
E01002033,Haringey 010D,E09000014,Haringey,38.5,4748,2,0.2,5442,2,0.1,7244,3,26.1,10260,4,0.3,12208,4,1.3,1701,1,42.4,1570,1,35.1,6175,2
E01002034,Haringey 037A,E09000014,Haringey,51.4,1966,1,0.3,2342,1,0.2,3408,2,41.6,4961,2,0.7,7112,3,1.8,413,1,36.6,3359,2,42.9,3429,2
E01002036,Haringey 002A,E09000014,Haringey,55.0,1464,1,0.3,1945,1,0.3,1077,1,35.4,6651,3,0.8,5514,2,1.3,1923,1,42.0,1672,1,36.3,5689,2
E01002037,Haringey 002B,E09000014,Haringey,44.9,3076,1,0.3,2574,1,0.2,4052,2,35.9,6481,2,0.0,15875,5,1.1,3014,1,47.3,664,1,30.6,8462,3
E01002038,Haringey 037B,E09000014,Haringey,46.6,2736,1,0.3,3321,2,0.2,4351,2,49.1,3414,2,0.8,6056,2,1.1,2606,1,39.7,2292,1,32.0,7735,3
E01002039,Haringey 002C,E09000014,Haringey,55.4,1411,1,0.4,711,1,0.3,1268,1,42.5,4752,2,0.6,7840,3,1.2,2010,1,38.4,2678,1,21.9,13937,5
E01002040,Haringey 002D,E09000014,Haringey,46.4,2791,1,0.3,3034,1,0.2,3104,1,30.9,8222,3,0.5,8650,3,1.3,1913,1,42.4,1558,1,32.8,7312,3
E01002041,Haringey 037C,E09000014,Haringey,38.0,4881,2,0.3,3513,2,0.2,5832,2,30.3,8424,3,0.1,13979,5,0.9,4445,2,34.3,4403,2,34.3,6540,2
E01002042,Haringey 027A,E09000014,Haringey,18.7,15502,5,0.1,13987,5,0.1,20524,7,11.8,20125,7,-0.4,22369,7,0.7,6810,3,32.0,5630,2,27.2,10409,4
E01002043,Haringey 026A,E09000014,Haringey,27.4,9360,3,0.2,10130,4,0.1,14225,5,20.3,13610,5,-0.2,19567,6,0.9,4813,2,37.4,3067,1,39.8,4334,2
E01002044,Haringey 027B,E09000014,Haringey,23.9,11412,4,0.1,12476,4,0.1,18493,6,8.7,23202,8,0.0,15739,5,0.9,4025,2,35.8,3721,2,39.1,4600,2
E01002045,Haringey 026B,E09000014,Haringey,28.3,8899,3,0.2,7150,3,0.1,9909,4,17.4,15541,5,-0.2,19575,6,0.5,8846,3,39.1,2460,1,30.0,8826,3
E01002046,Haringey 026C,E09000014,Haringey,31.7,7221,3,0.2,6500,2,0.1,8622,3,19.6,14016,5,0.2,13117,4,0.9,4414,2,35.0,4099,2,32.2,7628,3
E01002047,Haringey 027C,E09000014,Haringey,23.3,11874,4,0.1,15137,5,0.1,22039,7,16.3,16345,5,-0.2,19793,7,1.1,2622,1,34.3,4447,2,41.5,3795,2
E01002048,Haringey 027D,E09000014,Haringey,25.2,10638,4,0.2,8731,3,0.1,14791,5,16.0,16559,6,-0.3,20896,7,0.8,5577,2,32.1,5596,2,36.8,5459,2
E01002049,Haringey 026D,E09000014,Haringey,31.4,7343,3,0.2,5637,2,0.1,8942,3,21.9,12586,4,0.1,14749,5,0.9,4343,2,35.7,3782,2,24.7,11946,4
E01002050,Haringey 029A,E09000014,Haringey,23.4,11791,4,0.1,15816,5,0.1,16426,6,39.6,5471,2,-0.3,20586,7,0.2,13181,5,35.6,3805,2,32.0,7694,3
E01002051,Haringey 029B,E09000014,Haringey,36.5,5369,2,0.2,6610,3,0.1,7306,3,30.6,8307,3,0.2,13136,4,1.3,1827,1,36.8,3260,1,35.7,5935,2
E01002052,Haringey 029C,E09000014,Haringey,28.1,8956,3,0.1,12298,4,0.1,9338,3,45.6,4036,2,-0.6,24608,8,0.4,10761,4,38.9,2522,1,25.4,11510,4
E01002053,Haringey 032A,E09000014,Haringey,36.0,5534,2,0.2,4232,2,0.2,6544,2,27.9,9452,3,0.3,11650,4,0.7,6064,2,34.4,4356,2,33.3,7055,3
E01002054,Haringey 032B,E09000014,Haringey,36.8,5281,2,0.3,3362,2,0.2,5728,2,30.8,8268,3,0.2,12377,4,0.6,8156,3,35.6,3802,2,26.8,10664,4
E01002055,Haringey 029D,E09000014,Haringey,23.3,11825,4,0.1,16684,6,0.1,18046,6,32.2,7724,3,-0.4,22074,7,0.8,5908,2,36.2,3547,2,33.2,7096,3
E01002056,Haringey 032C,E09000014,Haringey,29.0,8479,3,0.2,7003,3,0.1,11316,4,17.8,15274,5,0.0,15695,5,0.7,6024,2,37.6,2963,1,31.3,8101,3
E01002057,Haringey 032D,E09000014,Haringey,22.8,12189,4,0.2,9006,3,0.1,15755,5,18.5,14746,5,-0.3,21193,7,0.3,11225,4,34.8,4159,2,26.2,11021,4
E01002058,Haringey 031D,E09000014,Haringey,24.8,10897,4,0.2,10371,4,0.1,15549,5,11.8,20090,7,-0.2,18424,6,0.8,5378,2,37.2,3122,1,34.6,6444,2
E01002059,Haringey 028C,E09000014,Haringey,21.2,13380,5,0.2,10304,4,0.1,11686,4,3.5,29101,9,-0.1,17450,6,0.2,13195,5,31.2,6158,2,27.9,10043,4
E01002060,Haringey 028D,E09000014,Haringey,11.9,22247,7,0.1,18991,6,0.1,21091,7,3.8,28741,9,-0.8,26653,9,-0.2,19645,6,26.8,9466,3,25.2,11660,4
E01002061,Haringey 036A,E09000014,Haringey,14.1,19827,7,0.1,19506,6,0.1,23264,8,1.4,31581,10,-0.6,24449,8,0.5,8899,3,27.7,8680,3,33.3,7036,3
E01002062,Haringey 034D,E09000014,Haringey,15.8,18183,6,0.1,18149,6,0.1,20820,7,2.0,30932,10,-0.7,25988,8,0.5,9657,3,27.4,8923,3,40.5,4119,2
E01002063,Haringey 036B,E09000014,Haringey,21.9,12876,4,0.1,13230,5,0.1,12404,4,6.2,25914,8,0.1,14596,5,0.6,7592,3,31.8,5797,2,28.0,9952,4
E01002064,Haringey 036C,E09000014,Haringey,30.9,7606,3,0.2,5892,2,0.1,7923,3,11.0,20934,7,0.1,13915,5,1.1,2648,1,32.6,5329,2,26.5,10852,4
E01002065,Haringey 036D,E09000014,Haringey,27.6,9234,3,0.1,11415,4,0.1,12848,4,8.8,23064,8,0.4,9799,3,1.0,3192,1,32.3,5480,2,41.0,3947,2
E01002066,Haringey 025A,E09000014,Haringey,47.9,2497,1,0.3,1416,1,0.2,2979,1,24.7,10971,4,0.4,10320,4,1.4,1313,1,38.4,2685,1,31.7,7903,3
E01002067,Haringey 024A,E09000014,Haringey,40.0,4260,2,0.3,2751,1,0.2,4952,2,28.8,9075,3,0.0,15586,5,1.0,3352,2,34.9,4134,2,34.3,6531,2
E01002068,Haringey 025B,E09000014,Haringey,31.7,7220,3,0.2,7694,3,0.1,10434,4,22.3,12379,4,0.1,14994,5,1.3,1963,1,35.9,3670,2,32.7,7338,3
E01002069,Haringey 024B,E09000014,Haringey,40.0,4272,2,0.2,5435,2,0.1,7744,3,36.6,6290,2,0.3,11434,4,1.5,1082,1,39.4,2382,1,36.4,5638,2
E01002070,Haringey 024C,E09000014,Haringey,26.2,10051,4,0.1,11129,4,0.1,16561,6,18.7,14616,5,-0.5,22979,7,0.9,4276,2,36.8,3274,1,44.3,3077,1
E01002071,Haringey 025C,E09000014,Haringey,53.3,1685,1,0.3,1075,1,0.2,4193,2,34.3,6996,3,1.2,2776,1,1.7,628,1,35.9,3674,2,33.6,6896,3
E01002072,Haringey 025D,E09000014,Haringey,36.0,5544,2,0.2,6056,2,0.1,8929,3,18.0,15122,5,-0.3,20356,7,1.6,749,1,37.7,2958,1,46.2,2625,1
E01002073,Haringey 024D,E09000014,Haringey,39.4,4466,2,0.2,4314,2,0.1,10256,4,32.3,7710,3,0.4,10239,4,1.6,803,1,37.9,2875,1,35.5,6035,2
E01002074,Haringey 012A,E09000014,Haringey,40.3,4179,2,0.3,3256,1,0.2,5118,2,34.4,6971,3,0.2,12851,4,0.8,5418,2,38.7,2601,1,33.9,6741,3
E01002075,Haringey 015A,E09000014,Haringey,34.0,6284,2,0.2,6517,2,0.1,7765,3,35.6,6579,3,0.2,13287,5,0.5,9573,3,42.0,1653,1,28.3,9788,3
E01002076,Haringey 015B,E09000014,Haringey,33.3,6556,2,0.2,5559,2,0.1,8255,3,25.9,10385,4,-0.1,16918,6,0.7,5984,2,40.5,2050,1,30.9,8315,3
E01002077,Haringey 012B,E09000014,Haringey,37.9,4915,2,0.2,4370,2,0.1,9511,3,34.6,6909,3,0.0,16478,6,1.4,1277,1,34.1,4534,2,41.4,3840,2
E01002078,Haringey 015C,E09000014,Haringey,34.3,6136,2,0.2,5840,2,0.1,9238,3,21.3,12976,4,0.0,16393,5,0.5,8729,3,48.5,510,1,38.5,4817,2
E01002079,Haringey 012C,E09000014,Haringey,26.3,9991,4,0.2,8908,3,0.1,13378,5,26.8,9910,4,-0.1,17684,6,0.5,8411,3,36.2,3541,2,26.2,11056,4
E01002080,Haringey 015D,E09000014,Haringey,30.6,7760,3,0.2,6310,2,0.1,12568,4,15.0,17372,6,-0.2,18760,6,0.8,5428,2,42.5,1542,1,38.9,4646,2
E01002081,Haringey 012D,E09000014,Haringey,45.5,2971,1,0.3,1958,1,0.2,5689,2,36.9,6221,2,0.0,15286,5,1.6,732,1,38.1,2792,1,36.1,5771,2
E01002082,Haringey 013A,E09000014,Haringey,64.7,546,1,0.4,179,1,0.3,356,1,34.9,6781,3,0.8,6165,2,1.2,2223,1,47.2,677,1,24.8,11944,4
E01002083,Haringey 019A,E09000014,Haringey,17.7,16376,5,0.1,14580,5,0.1,19306,6,9.0,22872,7,-0.2,19084,6,0.4,10613,4,28.8,7848,3,30.5,8548,3
E01002084,Haringey 019B,E09000014,Haringey,27.2,9491,3,0.2,9933,4,0.1,13012,4,18.0,15123,5,0.0,16753,6,1.2,2230,1,32.8,5175,2,30.5,8497,3
E01002085,Haringey 019C,E09000014,Haringey,28.2,8908,3,0.2,7249,3,0.1,14008,5,15.0,17355,6,-0.3,20198,7,1.0,3302,2,37.5,3040,1,34.6,6417,2
E01002086,Haringey 013B,E09000014,Haringey,33.0,6661,3,0.2,5098,2,0.1,7590,3,22.5,12251,4,0.0,16475,6,0.8,5338,2,35.7,3755,2,32.6,7439,3
E01002087,Haringey 019D,E09000014,Haringey,35.3,5776,2,0.2,4853,2,0.1,6980,3,13.2,18856,6,0.1,14281,5,1.1,2609,1,37.1,3161,1,38.4,4857,2
E01002088,Haringey 013C,E09000014,Haringey,24.2,11266,4,0.1,14260,5,0.1,21387,7,29.0,8984,3,-0.4,21957,7,0.9,4388,2,33.3,4940,2,42.7,3476,2
E01002089,Haringey 013D,E09000014,Haringey,47.0,2662,1,0.3,1073,1,0.2,2043,1,39.3,5560,2,0.3,11269,4,0.1,14776,5,38.9,2498,1,24.0,12432,4
E01002090,Haringey 005A,E09000014,Haringey,39.5,4418,2,0.2,4413,2,0.2,6247,2,32.5,7629,3,0.2,13224,5,0.6,8173,3,49.1,438,1,34.4,6515,2
E01002091,Haringey 006A,E09000014,Haringey,41.4,3886,2,0.3,3078,1,0.2,5256,2,37.2,6149,2,0.3,11729,4,0.8,4955,2,41.2,1886,1,30.7,8386,3
E01002092,Haringey 006B,E09000014,Haringey,35.9,5577,2,0.3,3586,2,0.1,8409,3,25.9,10387,4,0.1,13876,5,0.9,4862,2,39.7,2303,1,29.7,9015,3
E01002093,Haringey 005B,E09000014,Haringey,46.9,2674,1,0.3,2731,1,0.2,3508,2,35.7,6552,2,0.4,9735,3,1.1,2781,1,42.6,1518,1,39.2,4561,2
E01002094,Haringey 006C,E09000014,Haringey,41.2,3922,2,0.3,3471,2,0.2,6583,3,33.5,7267,3,0.0,16008,5,1.4,1523,1,40.6,2013,1,36.4,5616,2
E01002095,Haringey 006D,E09000014,Haringey,46.9,2671,1,0.3,2141,1,0.2,5063,2,35.9,6452,2,0.1,13933,5,1.7,669,1,40.3,2117,1,39.1,4581,2
E01002096,Haringey 005C,E09000014,Haringey,43.3,3397,2,0.3,3658,2,0.2,5765,2,27.1,9767,3,0.4,9959,4,1.1,2886,1,46.6,790,1,41.8,3708,2
E01002097,Haringey 005D,E09000014,Haringey,42.2,3670,2,0.3,2953,1,0.1,6840,3,28.3,9260,3,0.0,15870,5,1.0,3319,2,43.4,1358,1,48.8,2120,1
E01002098,Haringey 007A,E09000014,Haringey,22.0,12784,4,0.1,10886,4,0.1,16411,5,8.0,23973,8,-0.1,16984,6,0.6,8170,3,30.1,6936,3,37.4,5228,2
E01002099,Haringey 008A,E09000014,Haringey,40.5,4119,2,0.3,2843,1,0.2,5969,2,24.1,11276,4,0.9,5432,2,0.5,9147,3,45.7,933,1,21.9,13894,5
E01002100,Haringey 008B,E09000014,Haringey,33.8,6336,2,0.2,7288,3,0.1,9437,3,29.2,8907,3,0.0,16335,5,0.9,4141,2,41.7,1733,1,37.4,5235,2
E01002101,Haringey 007B,E09000014,Haringey,21.6,13136,4,0.1,14810,5,0.1,18720,6,23.2,11767,4,-0.2,18746,6,0.3,11832,4,37.6,2996,1,30.7,8438,3
E01002102,Haringey 007C,E09000014,Haringey,28.1,8989,3,0.2,9126,3,0.1,14588,5,16.2,16382,5,0.0,15496,5,1.0,3202,1,36.9,3230,1,36.4,5647,2
E01002103,Haringey 008C,E09000014,Haringey,25.6,10425,4,0.1,12372,4,0.1,16415,5,19.1,14316,5,0.0,16248,5,0.7,6025,2,41.6,1753,1,32.8,7291,3
E01002104,Haringey 008D,E09000014,Haringey,25.5,10478,4,0.2,9575,3,0.1,12513,4,20.5,13485,5,-0.4,22579,7,0.6,7836,3,38.1,2805,1,28.6,9617,3
E01002105,Haringey 007D,E09000014,Haringey,28.0,9038,3,0.1,11107,4,0.1,15035,5,17.2,15667,5,-0.1,17798,6,1.2,2461,1,41.9,1685,1,34.0,6706,3
E01032575,Haringey 037D,E09000014,Haringey,37.6,4997,2,0.3,3898,2,0.2,6010,2,31.9,7862,3,0.1,14538,5,1.0,3433,2,37.0,3215,1,27.6,10201,4
E01033085,Haringey 020E,E09000014,Haringey,28.4,8816,3,0.1,10885,4,0.1,17589,6,12.4,19589,6,0.1,14033,5,0.2,13025,4,52.8,112,1,43.9,3188,1
E01033086,Haringey 020F,E09000014,Haringey,41.9,3764,2,0.3,2499,1,0.2,3644,2,34.5,6946,3,0.8,6067,2,0.5,8646,3,34.4,4351,2,21.3,14342,5
E01002106,Harrow 008A,E09000015,Harrow,10.4,23970,8,0.1,22206,7,0.1,24387,8,6.8,25217,8,-1.4,31370,10,0.0,16781,6,30.7,6443,2,15.7,18679,6
E01002107,Harrow 012A,E09000015,Harrow,6.4,28989,9,0.1,25841,8,0.0,28393,9,3.8,28759,9,-1.7,32117,10,-0.4,22333,7,23.3,12919,4,15.8,18596,6
E01002108,Harrow 008B,E09000015,Harrow,8.5,26452,9,0.1,20477,7,0.0,28296,9,4.7,27633,9,-1.3,30807,10,-0.7,26344,9,27.9,8542,3,17.0,17565,6
E01002109,Harrow 008C,E09000015,Harrow,9.0,25766,8,0.1,22415,7,0.0,29568,10,1.6,31331,10,-1.5,31564,10,-0.3,21182,7,32.9,5119,2,19.2,15912,5
E01002110,Harrow 008D,E09000015,Harrow,7.6,27531,9,0.1,21500,7,0.0,28405,9,3.3,29406,9,-1.6,31886,10,-0.7,26467,9,26.3,9915,4,17.2,17415,6
E01002111,Harrow 008E,E09000015,Harrow,14.9,19020,6,0.1,15799,5,0.1,17777,6,7.7,24199,8,-1.5,31695,10,0.0,16604,6,33.0,5056,2,21.1,14452,5
E01002112,Harrow 001A,E09000015,Harrow,6.3,29072,9,0.1,21940,7,0.0,29834,10,3.0,29782,10,-1.8,32305,10,-0.6,24645,8,22.0,14278,5,14.5,19686,6
E01002113,Harrow 002A,E09000015,Harrow,15.9,18020,6,0.1,12974,4,0.1,12815,4,6.2,25929,8,-0.9,28337,9,-0.5,24107,8,32.1,5560,2,13.3,20816,7
E01002114,Harrow 001B,E09000015,Harrow,21.8,12948,4,0.2,9499,3,0.1,18601,6,8.4,23538,8,-0.7,25915,8,-0.3,20680,7,54.4,75,1,12.9,21124,7
E01002115,Harrow 002B,E09000015,Harrow,12.9,21124,7,0.1,18491,6,0.1,22438,7,5.0,27246,9,-1.3,31028,10,-0.1,18038,6,38.2,2781,1,14.3,19819,7
E01002116,Harrow 002C,E09000015,Harrow,8.6,26311,9,0.1,25464,8,0.0,31326,10,1.9,30952,10,-1.7,32301,10,-0.4,21873,7,38.7,2587,1,11.8,22182,7
E01002117,Harrow 002D,E09000015,Harrow,16.3,17612,6,0.1,13665,5,0.1,14981,5,4.4,28059,9,-1.1,29719,10,-0.3,20574,7,38.2,2756,1,14.9,19303,6
E01002118,Harrow 002E,E09000015,Harrow,18.7,15531,5,0.1,15041,5,0.1,22699,7,10.7,21177,7,-0.4,22351,7,0.5,9077,3,42.1,1630,1,20.5,14892,5
E01002119,Harrow 007A,E09000015,Harrow,19.3,14963,5,0.2,10387,4,0.1,18086,6,13.6,18480,6,-1.1,29639,10,0.3,11277,4,35.8,3717,2,21.3,14316,5
E01002120,Harrow 007B,E09000015,Harrow,31.6,7228,3,0.2,5741,2,0.1,8145,3,18.7,14654,5,0.0,16585,6,-0.1,18285,6,52.0,146,1,18.6,16372,5
E01002121,Harrow 007C,E09000015,Harrow,11.8,22384,7,0.1,20128,7,0.0,25884,8,9.0,22807,7,-1.5,31596,10,0.0,15978,5,33.4,4894,2,18.4,16516,6
E01002122,Harrow 007D,E09000015,Harrow,15.6,18298,6,0.1,19131,6,0.0,27975,9,12.1,19879,7,-1.1,29499,9,0.9,4306,2,33.2,4989,2,25.2,11676,4
E01002123,Harrow 007E,E09000015,Harrow,17.1,16942,6,0.1,16550,6,0.0,24927,8,14.9,17406,6,-1.2,30071,10,0.5,8750,3,35.6,3800,2,30.4,8599,3
E01002124,Harrow 010A,E09000015,Harrow,14.4,19547,6,0.1,19507,6,0.1,24429,8,19.6,14013,5,-0.9,28300,9,0.0,17042,6,32.6,5315,2,24.1,12325,4
E01002125,Harrow 010B,E09000015,Harrow,15.5,18470,6,0.1,18327,6,0.0,24939,8,17.9,15170,5,-1.4,31505,10,0.5,8701,3,34.1,4510,2,21.7,14055,5
E01002126,Harrow 023A,E09000015,Harrow,14.7,19272,6,0.1,15746,5,0.0,24910,8,2.0,30939,10,-0.9,27595,9,0.2,12747,4,36.1,3583,2,26.4,10926,4
E01002127,Harrow 023B,E09000015,Harrow,13.3,20756,7,0.1,19482,6,0.1,21855,7,2.6,30167,10,-0.9,27783,9,-0.1,18467,6,33.4,4871,2,29.2,9285,3
E01002128,Harrow 020A,E09000015,Harrow,17.8,16310,5,0.1,14968,5,0.1,15186,5,4.5,27972,9,-0.3,20802,7,0.1,15465,5,31.8,5752,2,30.7,8413,3
E01002129,Harrow 023C,E09000015,Harrow,17.9,16216,5,0.1,13682,5,0.1,16154,5,5.0,27338,9,-0.8,26866,9,0.4,9961,4,33.1,5029,2,26.6,10823,4
E01002130,Harrow 020B,E09000015,Harrow,24.6,11018,4,0.2,6931,3,0.1,13880,5,3.8,28784,9,-0.1,17835,6,0.5,9191,3,35.1,4062,2,33.4,7006,3
E01002131,Harrow 023D,E09000015,Harrow,28.7,8650,3,0.2,7188,3,0.1,8937,3,14.1,18050,6,0.3,11600,4,-0.5,23587,8,48.6,492,1,15.3,18925,6
E01002132,Harrow 029A,E09000015,Harrow,9.3,25446,8,0.1,23114,8,0.0,28268,9,1.3,31654,10,-2.1,32683,10,0.1,14789,5,30.5,6616,3,19.8,15454,5
E01002133,Harrow 027A,E09000015,Harrow,33.1,6641,3,0.2,4812,2,0.1,7370,3,21.1,13073,4,-0.2,19303,6,0.4,10435,4,48.9,465,1,18.3,16585,6
E01002134,Harrow 029B,E09000015,Harrow,9.2,25562,8,0.1,22410,7,0.0,25183,8,1.8,31134,10,-1.2,30232,10,-0.1,18270,6,29.8,7130,3,14.3,19824,7
E01002135,Harrow 029C,E09000015,Harrow,15.2,18752,6,0.1,15136,5,0.1,19493,6,11.0,20855,7,-0.9,27950,9,-0.2,19344,6,32.0,5657,2,23.2,12973,4
E01002136,Harrow 027B,E09000015,Harrow,12.8,21233,7,0.1,17147,6,0.1,23416,8,3.1,29627,10,-1.6,31969,10,0.6,8101,3,27.3,8958,3,21.7,14020,5
E01002137,Harrow 029D,E09000015,Harrow,4.7,30813,10,0.0,32214,10,0.0,32616,10,5.9,26292,9,-1.5,31808,10,-1.1,30115,10,22.5,13709,5,21.6,14151,5
E01002138,Harrow 027C,E09000015,Harrow,17.5,16583,6,0.1,12556,4,0.1,18440,6,5.9,26302,9,-1.2,30406,10,0.7,6758,3,30.7,6496,2,24.7,11970,4
E01002139,Harrow 006A,E09000015,Harrow,30.8,7669,3,0.2,5250,2,0.1,6987,3,25.9,10365,4,-0.2,19255,6,0.5,9735,3,38.2,2778,1,15.5,18775,6
E01002140,Harrow 005A,E09000015,Harrow,18.3,15873,5,0.1,12014,4,0.1,16092,5,9.9,21965,7,-0.4,22701,7,0.5,8569,3,29.5,7313,3,17.0,17605,6
E01002141,Harrow 005B,E09000015,Harrow,15.1,18818,6,0.1,14301,5,0.1,16602,6,5.7,26459,9,-1.3,30917,10,0.2,13410,5,31.5,5961,2,15.5,18803,6
E01002142,Harrow 005C,E09000015,Harrow,14.4,19554,6,0.1,15407,5,0.1,21195,7,3.2,29458,9,-1.1,29772,10,0.2,13425,5,34.9,4137,2,19.6,15606,5
E01002143,Harrow 005D,E09000015,Harrow,20.0,14373,5,0.1,11603,4,0.1,15390,5,14.5,17786,6,-0.4,22385,7,0.3,12706,4,30.3,6756,3,28.5,9670,3
E01002144,Harrow 004A,E09000015,Harrow,13.8,20101,7,0.1,20003,7,0.1,24566,8,5.6,26628,9,-1.2,30516,10,0.0,15925,5,42.7,1490,1,17.5,17233,6
E01002145,Harrow 005E,E09000015,Harrow,15.8,18154,6,0.1,14989,5,0.1,15460,5,5.4,26886,9,-0.3,21125,7,-0.5,24259,8,35.5,3843,2,13.5,20563,7
E01002146,Harrow 004B,E09000015,Harrow,3.6,31847,10,0.0,28984,9,0.0,32171,10,1.6,31270,10,-1.7,32259,10,-0.5,23815,8,18.0,19163,6,11.8,22192,7
E01002147,Harrow 004C,E09000015,Harrow,8.8,26037,8,0.1,25940,8,0.0,31124,10,1.0,32051,10,-1.3,30934,10,-0.7,26285,9,39.4,2369,1,17.0,17591,6
E01002148,Harrow 006B,E09000015,Harrow,10.4,24001,8,0.1,16488,6,0.1,23094,8,4.5,27869,9,-1.1,29504,9,-0.3,20397,7,24.7,11464,4,14.5,19663,6
E01002149,Harrow 004D,E09000015,Harrow,4.6,30915,10,0.0,30304,10,0.0,32347,10,0.5,32514,10,-1.9,32543,10,-0.5,23507,8,27.0,9232,3,10.3,23711,8
E01002150,Harrow 006C,E09000015,Harrow,10.7,23608,8,0.1,19325,6,0.1,22931,7,3.6,28991,9,-0.7,25493,8,-0.8,27498,9,30.1,6859,3,18.3,16555,6
E01002151,Harrow 006D,E09000015,Harrow,34.1,6225,2,0.2,4545,2,0.2,4111,2,27.8,9466,3,0.0,16084,5,0.1,14883,5,35.6,3798,2,23.3,12954,4
E01002152,Harrow 006E,E09000015,Harrow,6.4,28974,9,0.0,27662,9,0.0,29527,9,0.6,32475,10,-1.4,31523,10,-1.2,30409,10,32.8,5179,2,12.2,21830,7
E01002153,Harrow 019A,E09000015,Harrow,5.7,29775,10,0.0,26910,9,0.0,25930,8,1.6,31351,10,-1.5,31831,10,-1.0,28742,9,21.2,15235,5,17.6,17104,6
E01002154,Harrow 015A,E09000015,Harrow,12.7,21403,7,0.1,15570,5,0.1,22723,7,3.8,28739,9,-1.1,29628,10,0.4,10626,4,26.6,9666,3,17.7,17027,6
E01002155,Harrow 019B,E09000015,Harrow,6.9,28451,9,0.0,28954,9,0.0,29055,9,1.2,31819,10,-1.3,30969,10,-0.6,24772,8,31.3,6107,2,16.7,17854,6
E01002156,Harrow 015B,E09000015,Harrow,6.9,28427,9,0.1,24751,8,0.1,24498,8,2.0,30849,10,-1.3,30609,10,-0.3,21661,7,23.4,12770,4,10.7,23292,8
E01002157,Harrow 019C,E09000015,Harrow,10.9,23409,8,0.1,16563,6,0.1,23107,8,3.5,29121,9,-1.3,30701,10,-0.1,18416,6,26.9,9321,3,16.3,18133,6
E01002158,Harrow 019D,E09000015,Harrow,6.0,29427,9,0.0,29141,9,0.0,30850,10,1.2,31844,10,-1.1,29940,10,-0.6,25131,8,30.3,6782,3,12.5,21478,7
E01002159,Harrow 021A,E09000015,Harrow,13.0,21098,7,0.1,14911,5,0.1,16574,6,2.3,30496,10,-1.1,29314,9,-0.5,24037,8,28.6,7982,3,16.9,17703,6
E01002160,Harrow 021B,E09000015,Harrow,13.1,20906,7,0.1,14077,5,0.1,19220,6,2.7,30150,10,-1.6,32021,10,-0.3,20638,7,29.4,7356,3,20.8,14706,5
E01002161,Harrow 021C,E09000015,Harrow,14.7,19247,6,0.1,11499,4,0.1,18084,6,3.2,29498,9,-0.8,27275,9,-0.4,21803,7,31.2,6178,2,14.9,19262,6
E01002162,Harrow 015C,E09000015,Harrow,17.8,16353,5,0.1,11425,4,0.1,17120,6,4.6,27768,9,-0.7,25966,8,-0.5,24257,8,38.9,2528,1,24.2,12299,4
E01002163,Harrow 015D,E09000015,Harrow,11.2,23147,8,0.1,19729,7,0.1,21019,7,3.0,29765,10,-1.1,29418,9,-0.1,18077,6,30.4,6647,3,14.6,19554,6
E01002164,Harrow 021D,E09000015,Harrow,8.8,26005,8,0.1,22446,7,0.0,26266,8,2.1,30823,10,-1.4,31415,10,-0.2,19214,6,28.5,8046,3,17.7,17088,6
E01002165,Harrow 017A,E09000015,Harrow,14.6,19339,6,0.1,20104,7,0.1,22186,7,12.8,19199,6,-1.3,30757,10,-0.2,19089,6,39.8,2273,1,21.4,14224,5
E01002166,Harrow 017B,E09000015,Harrow,13.3,20715,7,0.1,13597,5,0.0,27032,9,13.0,19077,6,-1.0,28908,9,-0.5,23687,8,32.2,5520,2,18.4,16537,6
E01002167,Harrow 017C,E09000015,Harrow,20.3,14079,5,0.1,11842,4,0.1,19899,7,21.8,12677,4,-0.7,26397,9,-0.1,18048,6,38.2,2766,1,30.1,8727,3
E01002168,Harrow 017D,E09000015,Harrow,26.0,10183,4,0.2,7115,3,0.1,12125,4,20.1,13700,5,-0.3,19958,7,-0.1,17582,6,42.2,1600,1,22.1,13749,5
E01002169,Harrow 017E,E09000015,Harrow,18.1,16024,5,0.1,13326,5,0.1,21385,7,14.5,17769,6,-1.2,30262,10,0.1,14498,5,41.1,1891,1,22.4,13596,5
E01002170,Harrow 033A,E09000015,Harrow,16.5,17473,6,0.1,14956,5,0.1,19009,6,17.1,15708,5,-1.0,28406,9,-0.4,21885,7,35.9,3691,2,21.0,14565,5
E01002171,Harrow 033B,E09000015,Harrow,11.4,22823,7,0.1,20962,7,0.0,26447,9,9.1,22734,7,-1.3,30800,10,-0.8,26929,9,36.7,3337,2,20.3,15037,5
E01002172,Harrow 033C,E09000015,Harrow,12.8,21241,7,0.1,19593,6,0.1,23897,8,13.3,18724,6,-1.1,29734,10,-0.6,24633,8,34.7,4229,2,21.3,14343,5
E01002173,Harrow 033D,E09000015,Harrow,13.6,20318,7,0.1,15823,5,0.1,21518,7,7.8,24189,8,-1.1,29661,10,-0.7,26500,9,37.6,2984,1,16.0,18450,6
E01002174,Harrow 033E,E09000015,Harrow,10.3,24165,8,0.1,19645,6,0.0,26142,8,6.6,25446,8,-1.4,31337,10,-0.6,24704,8,30.2,6820,3,21.1,14495,5
E01002175,Harrow 033F,E09000015,Harrow,11.6,22661,7,0.1,19882,7,0.0,27146,9,8.4,23512,8,-0.9,28154,9,-0.4,22162,7,35.0,4085,2,18.6,16368,5
E01002176,Harrow 033G,E09000015,Harrow,12.9,21152,7,0.1,22776,7,0.1,23557,8,9.0,22917,7,-1.1,29857,10,0.1,14339,5,35.3,3926,2,22.6,13417,5
E01002177,Harrow 033H,E09000015,Harrow,13.9,20015,7,0.1,14097,5,0.1,23988,8,7.3,24749,8,-1.1,29702,10,0.1,15230,5,31.3,6098,2,21.6,14114,5
E01002178,Harrow 033I,E09000015,Harrow,10.0,24508,8,0.1,20074,7,0.1,24711,8,4.8,27505,9,-1.2,30265,10,-0.2,19010,6,25.8,10358,4,21.0,14549,5
E01002179,Harrow 013A,E09000015,Harrow,21.1,13474,5,0.2,10526,4,0.1,14377,5,11.4,20473,7,-0.6,24196,8,0.1,15248,5,41.3,1846,1,18.5,16430,6
E01002180,Harrow 013B,E09000015,Harrow,26.9,9672,3,0.2,7392,3,0.1,10796,4,16.5,16216,5,-0.6,24342,8,0.2,12887,4,46.9,737,1,19.5,15666,5
E01002181,Harrow 020C,E09000015,Harrow,12.4,21668,7,0.1,15937,5,0.1,20728,7,5.7,26462,9,-1.3,30736,10,-0.2,19803,7,28.2,8238,3,20.2,15139,5
E01002182,Harrow 020D,E09000015,Harrow,14.7,19260,6,0.1,15491,5,0.1,18868,6,4.3,28185,9,-0.9,27917,9,-0.1,17543,6,31.0,6273,2,26.6,10783,4
E01002183,Harrow 013C,E09000015,Harrow,19.1,15115,5,0.1,11676,4,0.1,19475,6,13.0,19082,6,-0.6,24545,8,0.2,14034,5,36.9,3223,1,25.5,11470,4
E01002184,Harrow 013D,E09000015,Harrow,18.6,15620,5,0.1,10887,4,0.1,18931,6,10.7,21214,7,-1.1,29265,9,0.0,17339,6,40.6,2038,1,19.8,15431,5
E01002185,Harrow 009A,E09000015,Harrow,30.6,7721,3,0.2,4555,2,0.1,7860,3,19.5,14092,5,-0.6,24649,8,0.2,13400,5,46.5,807,1,16.2,18203,6
E01002186,Harrow 009B,E09000015,Harrow,18.6,15554,5,0.1,13313,5,0.1,10877,4,6.6,25543,8,-0.5,22972,7,-0.1,18486,6,34.3,4413,2,16.5,17952,6
E01002187,Harrow 009C,E09000015,Harrow,12.4,21695,7,0.1,19858,7,0.1,19138,6,3.8,28716,9,-1.0,29123,9,-0.6,25192,8,38.0,2839,1,11.6,22403,7
E01002188,Harrow 016A,E09000015,Harrow,3.2,32125,10,0.0,32265,10,0.0,32627,10,0.4,32580,10,-1.9,32505,10,-0.8,27170,9,21.5,14948,5,13.1,20932,7
E01002189,Harrow 016B,E09000015,Harrow,5.7,29842,10,0.0,26771,9,0.0,31308,10,0.7,32393,10,-1.6,32001,10,-0.8,27786,9,27.0,9229,3,16.4,18052,6
E01002190,Harrow 009D,E09000015,Harrow,6.2,29270,9,0.0,30648,10,0.0,30995,10,0.9,32141,10,-1.8,32327,10,-0.4,23077,8,34.4,4386,2,8.4,25713,8
E01002191,Harrow 022A,E09000015,Harrow,6.5,28891,9,0.1,24578,8,0.0,30128,10,1.4,31609,10,-1.9,32486,10,-0.3,21437,7,26.6,9639,3,13.3,20807,7
E01002192,Harrow 016C,E09000015,Harrow,6.7,28705,9,0.0,27014,9,0.0,29310,9,0.6,32404,10,-1.6,32023,10,-0.3,20592,7,29.0,7697,3,13.3,20740,7
E01002193,Harrow 016D,E09000015,Harrow,11.0,23375,8,0.1,18589,6,0.1,18467,6,2.7,30121,10,-1.1,29756,10,-0.4,22983,7,29.0,7669,3,11.6,22380,7
E01002194,Harrow 022B,E09000015,Harrow,5.4,30112,10,0.0,28129,9,0.0,27107,9,0.7,32364,10,-1.8,32318,10,-0.6,24476,8,23.6,12509,4,12.6,21396,7
E01002195,Harrow 022C,E09000015,Harrow,5.7,29769,10,0.1,24766,8,0.0,29245,9,2.3,30516,10,-1.5,31718,10,-0.5,23495,8,21.8,14573,5,13.2,20847,7
E01002196,Harrow 022D,E09000015,Harrow,5.4,30139,10,0.0,27495,9,0.0,31441,10,0.6,32418,10,-1.7,32257,10,-0.7,26207,8,25.9,10302,4,16.4,18082,6
E01002197,Harrow 012B,E09000015,Harrow,12.0,22180,7,0.1,17777,6,0.1,22230,7,9.4,22502,7,-1.0,28601,9,-1.0,28718,9,32.7,5242,2,16.2,18210,6
E01002198,Harrow 010C,E09000015,Harrow,13.2,20803,7,0.1,19180,6,0.0,26895,9,14.3,17916,6,-1.7,32242,10,0.0,16592,6,35.8,3731,2,20.9,14657,5
E01002199,Harrow 012C,E09000015,Harrow,10.4,23974,8,0.1,18096,6,0.0,25030,8,8.3,23647,8,-1.3,30654,10,-0.6,24967,8,28.7,7877,3,16.3,18112,6
E01002200,Harrow 010D,E09000015,Harrow,15.9,17997,6,0.1,17916,6,0.0,27097,9,11.0,20860,7,-1.4,31133,10,0.4,10608,4,43.2,1374,1,21.3,14332,5
E01002201,Harrow 012D,E09000015,Harrow,9.7,24820,8,0.1,20448,7,0.0,27939,9,4.6,27844,9,-1.2,30089,10,-0.1,18419,6,28.3,8159,3,20.2,15144,5
E01002202,Harrow 012E,E09000015,Harrow,18.3,15836,5,0.1,13220,5,0.1,19295,6,15.1,17254,6,-1.1,29545,9,-0.4,22364,7,42.9,1451,1,21.7,14079,5
E01002203,Harrow 010E,E09000015,Harrow,13.1,20984,7,0.1,17813,6,0.0,28684,9,12.5,19498,6,-1.7,32200,10,-0.4,22344,7,39.9,2219,1,17.8,16988,6
E01002204,Harrow 032A,E09000015,Harrow,14.0,19969,7,0.1,15402,5,0.1,23099,8,7.8,24148,8,-0.9,27975,9,-0.3,21679,7,31.8,5777,2,27.7,10155,4
E01002206,Harrow 032B,E09000015,Harrow,14.3,19682,6,0.1,14853,5,0.1,20610,7,5.8,26391,9,-1.0,28995,9,0.5,9007,3,26.7,9579,3,19.4,15747,5
E01002207,Harrow 032C,E09000015,Harrow,11.8,22350,7,0.1,17079,6,0.1,24284,8,6.6,25459,8,-1.1,29777,10,-0.1,18681,6,30.5,6595,3,17.8,16949,6
E01002208,Harrow 025A,E09000015,Harrow,5.0,30543,10,0.0,29527,9,0.0,31126,10,0.6,32397,10,-1.4,31377,10,-0.9,27821,9,26.9,9383,3,13.6,20464,7
E01002209,Harrow 025B,E09000015,Harrow,9.9,24598,8,0.1,20892,7,0.1,23661,8,3.2,29456,9,-1.2,30325,10,-0.4,22116,7,30.4,6674,3,16.4,18056,6
E01002210,Harrow 032D,E09000015,Harrow,8.5,26446,9,0.1,22423,7,0.0,27819,9,4.2,28334,9,-1.3,30946,10,-0.4,21889,7,27.9,8531,3,17.9,16938,6
E01002211,Harrow 028A,E09000015,Harrow,27.3,9388,3,0.2,7129,3,0.1,7903,3,20.3,13576,5,-0.3,20272,7,0.5,8533,3,35.6,3788,2,14.9,19329,6
E01002212,Harrow 028B,E09000015,Harrow,19.7,14594,5,0.1,10823,4,0.1,13638,5,10.9,21031,7,-0.8,27267,9,0.3,11641,4,32.8,5172,2,21.5,14203,5
E01002213,Harrow 027D,E09000015,Harrow,18.0,16121,5,0.1,12258,4,0.1,21673,7,6.9,25149,8,-1.2,30126,10,0.1,15330,5,42.5,1543,1,25.2,11652,4
E01002214,Harrow 031A,E09000015,Harrow,18.3,15825,5,0.1,12543,4,0.1,15949,5,12.5,19512,6,-0.9,27554,9,0.3,11674,4,34.9,4121,2,16.4,18036,6
E01002215,Harrow 031B,E09000015,Harrow,26.8,9693,3,0.2,6948,3,0.1,9830,3,22.6,12159,4,-0.2,19554,6,-0.1,18029,6,38.6,2635,1,23.4,12878,4
E01002216,Harrow 028C,E09000015,Harrow,12.2,21924,7,0.1,18138,6,0.1,20869,7,5.2,27111,9,-1.0,29213,9,0.2,14111,5,28.1,8363,3,17.2,17439,6
E01002217,Harrow 028D,E09000015,Harrow,32.7,6812,3,0.2,4054,2,0.2,6552,2,21.3,12985,4,-0.3,21354,7,0.3,12298,4,45.5,966,1,16.2,18271,6
E01002218,Harrow 030A,E09000015,Harrow,16.6,17413,6,0.1,15729,5,0.1,21630,7,9.4,22449,7,-0.9,27939,9,0.6,7255,3,32.9,5145,2,24.5,12118,4
E01002219,Harrow 030B,E09000015,Harrow,20.4,14033,5,0.1,10662,4,0.1,16720,6,13.5,18612,6,-0.7,25572,8,0.6,7998,3,33.5,4823,2,22.6,13424,5
E01002220,Harrow 031C,E09000015,Harrow,14.6,19337,6,0.1,13119,4,0.1,18586,6,10.0,21833,7,-0.7,25415,8,-0.2,20309,7,27.5,8849,3,16.7,17838,6
E01002221,Harrow 030C,E09000015,Harrow,16.9,17092,6,0.1,13264,5,0.1,16854,6,10.9,20953,7,-1.1,29312,9,-0.2,19368,6,32.8,5215,2,26.2,11049,4
E01002222,Harrow 030D,E09000015,Harrow,13.2,20887,7,0.1,15643,5,0.0,25274,8,7.4,24621,8,-0.8,27019,9,-0.1,18482,6,32.5,5402,2,20.3,15053,5
E01002223,Harrow 031D,E09000015,Harrow,14.2,19692,6,0.1,14962,5,0.1,21185,7,11.1,20835,7,-1.1,29464,9,0.1,14968,5,28.6,7949,3,21.0,14572,5
E01002224,Harrow 031E,E09000015,Harrow,23.6,11629,4,0.2,9792,3,0.1,10418,4,20.4,13562,5,-0.5,23892,8,-0.2,19102,6,40.4,2097,1,17.7,17082,6
E01002225,Harrow 001C,E09000015,Harrow,7.0,28358,9,0.0,27362,9,0.0,29145,9,3.2,29557,9,-1.8,32330,10,-0.5,23271,8,31.9,5740,2,10.8,23220,8
E01002226,Harrow 001D,E09000015,Harrow,13.9,20044,7,0.1,16711,6,0.1,19772,7,4.8,27584,9,-1.1,29736,10,-0.3,21216,7,36.0,3649,2,20.3,15049,5
E01002227,Harrow 003A,E09000015,Harrow,38.2,4814,2,0.3,3691,2,0.2,3593,2,16.9,15865,5,0.2,12655,4,-0.1,18074,6,58.9,18,1,12.1,21883,7
E01002228,Harrow 003B,E09000015,Harrow,13.8,20166,7,0.1,16776,6,0.1,19200,6,8.5,23424,8,-1.4,31207,10,-0.5,23264,8,38.7,2597,1,9.4,24684,8
E01002229,Harrow 003C,E09000015,Harrow,20.3,14052,5,0.1,12565,4,0.1,14429,5,8.4,23554,8,-1.4,31344,10,0.2,13989,5,46.3,838,1,17.6,17164,6
E01002230,Harrow 003D,E09000015,Harrow,10.4,23954,8,0.1,22515,7,0.1,24591,8,3.4,29280,9,-1.3,30707,10,-0.3,20451,7,36.6,3387,2,12.1,21875,7
E01002231,Harrow 013E,E09000015,Harrow,22.4,12439,4,0.2,8417,3,0.1,12809,4,15.0,17352,6,-0.3,21343,7,-0.1,18668,6,38.7,2578,1,15.9,18467,6
E01002232,Harrow 011A,E09000015,Harrow,19.7,14624,5,0.2,10123,4,0.1,15615,5,8.8,23095,8,-0.4,21749,7,0.3,11933,4,33.2,4998,2,20.4,14969,5
E01002233,Harrow 011B,E09000015,Harrow,24.8,10857,4,0.2,7340,3,0.1,11018,4,11.5,20423,7,-0.5,23418,8,0.4,10089,4,37.6,2974,1,23.5,12792,4
E01002234,Harrow 011C,E09000015,Harrow,18.9,15352,5,0.1,11847,4,0.1,14184,5,14.3,17875,6,-0.5,23006,8,0.1,15745,5,32.9,5167,2,15.2,19018,6
E01002235,Harrow 011D,E09000015,Harrow,28.0,9047,3,0.2,5843,2,0.1,9123,3,23.3,11750,4,-0.3,20729,7,0.1,15298,5,39.3,2414,1,18.8,16186,5
E01002236,Harrow 011E,E09000015,Harrow,18.0,16117,5,0.1,12894,4,0.1,17438,6,14.2,18019,6,-0.9,28358,9,0.0,16464,6,33.9,4611,2,26.3,11018,4
E01002237,Harrow 024A,E09000015,Harrow,20.0,14308,5,0.1,12090,4,0.1,12037,4,4.8,27576,9,-0.9,27544,9,-0.3,21739,7,39.0,2473,1,30.0,8789,3
E01002238,Harrow 024B,E09000015,Harrow,11.2,23160,8,0.1,17138,6,0.1,21177,7,2.4,30401,10,-1.1,29681,10,-0.2,19176,6,27.3,8983,3,16.2,18270,6
E01002239,Harrow 025C,E09000015,Harrow,9.1,25612,8,0.1,21504,7,0.1,23897,8,4.0,28545,9,-1.2,30563,10,-0.9,27855,9,31.3,6088,2,12.3,21668,7
E01002240,Harrow 024C,E09000015,Harrow,20.2,14190,5,0.1,10572,4,0.1,12249,4,6.1,26069,8,-0.3,21114,7,-0.2,19372,6,32.8,5180,2,27.9,10010,4
E01002241,Harrow 025D,E09000015,Harrow,21.9,12828,4,0.2,8462,3,0.1,11957,4,6.3,25796,8,-0.7,25624,8,0.1,14663,5,41.9,1683,1,12.5,21517,7
E01002242,Harrow 024D,E09000015,Harrow,8.4,26617,9,0.1,19923,7,0.0,25662,8,1.4,31525,10,-1.2,30444,10,-0.8,27622,9,26.2,9964,4,17.3,17338,6
E01032576,Harrow 032E,E09000015,Harrow,7.4,27758,9,0.1,21752,7,0.0,28874,9,3.1,29584,10,-1.4,31223,10,-0.6,25216,8,24.8,11282,4,18.1,16747,6
E01002243,Havering 013A,E09000016,Havering,30.3,7880,3,0.2,7215,3,0.1,9344,3,27.4,9649,3,0.3,11720,4,0.4,10214,4,38.6,2627,1,23.6,12709,4
E01002244,Havering 011A,E09000016,Havering,19.0,15215,5,0.1,14909,5,0.1,14543,5,19.3,14197,5,-0.5,23088,8,0.4,10910,4,28.2,8293,3,24.5,12081,4
E01002245,Havering 011B,E09000016,Havering,17.9,16221,5,0.1,14289,5,0.1,23717,8,17.3,15624,5,-0.3,20698,7,0.8,5545,2,23.2,12989,4,29.9,8889,3
E01002246,Havering 017A,E09000016,Havering,14.7,19248,6,0.1,19511,6,0.1,20980,7,18.7,14606,5,-0.6,24725,8,0.7,6737,3,16.0,21738,7,26.1,11125,4
E01002247,Havering 017B,E09000016,Havering,20.0,14389,5,0.1,10549,4,0.1,15231,5,15.2,17165,6,0.0,15686,5,0.4,10374,4,20.5,16115,5,25.4,11545,4
E01002248,Havering 017C,E09000016,Havering,21.3,13331,5,0.2,9598,3,0.1,11492,4,24.3,11174,4,0.1,15156,5,-0.2,20233,7,20.6,15997,5,20.1,15231,5
E01002249,Havering 017D,E09000016,Havering,20.6,13869,5,0.1,11682,4,0.1,17379,6,18.7,14619,5,-0.7,25768,8,1.1,2685,1,20.9,15631,5,26.2,11041,4
E01002250,Havering 017E,E09000016,Havering,21.6,13105,4,0.1,13581,5,0.1,17965,6,22.1,12496,4,-0.4,22134,7,0.6,7919,3,35.2,3971,2,29.0,9366,3
E01002251,Havering 017F,E09000016,Havering,24.5,11069,4,0.2,8396,3,0.1,12117,4,25.9,10362,4,-0.1,18232,6,-0.1,18173,6,33.5,4838,2,24.6,12044,4
E01002252,Havering 018A,E09000016,Havering,10.4,24057,8,0.1,25520,8,0.1,22523,7,19.5,14103,5,-1.0,28589,9,-0.5,23938,8,24.6,11549,4,17.0,17587,6
E01002253,Havering 019A,E09000016,Havering,2.5,32507,10,0.0,32081,10,0.0,31967,10,5.5,26678,9,-1.5,31592,10,-1.0,28727,9,14.6,23523,8,7.7,26500,9
E01002254,Havering 019B,E09000016,Havering,3.3,32025,10,0.0,31843,10,0.0,29086,9,5.8,26401,9,-1.1,29703,10,-0.4,22670,7,10.3,28336,9,8.0,26207,8
E01002255,Havering 022A,E09000016,Havering,8.3,26637,9,0.0,27565,9,0.0,28461,9,13.6,18539,6,-0.8,27115,9,-0.5,23618,8,29.8,7067,3,8.3,25849,8
E01002256,Havering 018B,E09000016,Havering,6.4,28938,9,0.0,27235,9,0.0,26327,9,13.8,18365,6,-0.8,27110,9,-0.8,26962,9,16.3,21321,7,10.1,23937,8
E01002257,Havering 019C,E09000016,Havering,4.2,31282,10,0.0,30982,10,0.0,31604,10,2.9,29907,10,-1.6,32009,10,0.1,14343,5,16.2,21472,7,10.8,23167,8
E01002258,Havering 018C,E09000016,Havering,14.9,19021,6,0.1,13415,5,0.1,17619,6,21.2,13029,4,-0.4,21803,7,-0.2,19595,6,17.4,19861,7,13.4,20632,7
E01002259,Havering 018D,E09000016,Havering,7.4,27753,9,0.1,22628,7,0.0,27015,9,14.3,17929,6,-1.0,28855,9,-0.2,19812,7,10.5,28106,9,12.7,21293,7
E01002260,Havering 026A,E09000016,Havering,12.1,22086,7,0.1,22409,7,0.1,22504,7,22.5,12219,4,-1.2,29988,10,0.2,12979,4,23.4,12796,4,13.7,20409,7
E01002261,Havering 026B,E09000016,Havering,13.7,20263,7,0.1,19368,6,0.1,20930,7,20.3,13596,5,-0.5,23013,8,0.2,13984,5,17.1,20340,7,25.1,11736,4
E01002262,Havering 026C,E09000016,Havering,16.0,17924,6,0.1,15444,5,0.1,16130,5,19.9,13844,5,-0.5,23742,8,0.2,14042,5,21.1,15417,5,19.9,15402,5
E01002263,Havering 026D,E09000016,Havering,7.9,27243,9,0.0,26844,9,0.1,24224,8,16.7,16022,5,-0.9,28036,9,-0.3,20842,7,16.2,21366,7,10.9,23122,8
E01002264,Havering 026E,E09000016,Havering,32.1,7061,3,0.2,4277,2,0.2,5747,2,35.5,6608,3,0.2,13393,5,0.1,14834,5,25.9,10271,4,19.8,15434,5
E01002265,Havering 025A,E09000016,Havering,11.7,22582,7,0.1,18609,6,0.1,21163,7,14.5,17779,6,-0.2,19626,6,-0.7,25885,8,18.6,18385,6,17.6,17163,6
E01002266,Havering 027A,E09000016,Havering,15.1,18799,6,0.1,20882,7,0.1,21066,7,33.5,7288,3,-0.2,19725,7,0.4,10981,4,14.9,23214,8,18.4,16501,6
E01002267,Havering 027B,E09000016,Havering,26.1,10117,4,0.2,8156,3,0.1,7631,3,26.4,10099,4,0.1,15121,5,0.3,12064,4,27.6,8777,3,13.5,20613,7
E01002268,Havering 010A,E09000016,Havering,11.6,22617,7,0.1,21023,7,0.1,19488,6,14.0,18155,6,-0.6,24823,8,-0.1,17958,6,23.5,12658,4,11.1,22831,7
E01002269,Havering 010B,E09000016,Havering,8.7,26160,8,0.1,20385,7,0.0,25462,8,14.4,17815,6,-1.1,29278,9,-0.4,22677,7,20.4,16224,5,8.3,25858,8
E01002270,Havering 015A,E09000016,Havering,6.6,28801,9,0.0,27435,9,0.0,30768,10,7.7,24222,8,-1.4,31459,10,-0.5,23649,8,29.4,7384,3,8.0,26124,8
E01002271,Havering 015B,E09000016,Havering,7.9,27175,9,0.0,27592,9,0.0,26533,9,11.0,20859,7,-1.1,29411,9,-0.9,27963,9,30.2,6821,3,9.4,24651,8
E01002272,Havering 014A,E09000016,Havering,9.3,25437,8,0.1,23357,8,0.0,25304,8,12.4,19544,6,-0.4,22624,7,-0.3,20349,7,11.6,27041,9,24.2,12275,4
E01002273,Havering 015C,E09000016,Havering,10.4,23998,8,0.1,25110,8,0.1,21418,7,17.3,15630,5,-1.0,28513,9,-0.7,26645,9,30.2,6837,3,7.9,26235,8
E01002274,Havering 014B,E09000016,Havering,7.6,27628,9,0.1,24646,8,0.0,25280,8,13.0,19047,6,-1.0,29070,9,-0.5,24035,8,18.9,18041,6,11.5,22480,7
E01002275,Havering 015D,E09000016,Havering,8.3,26667,9,0.0,27828,9,0.1,22411,7,14.7,17601,6,-1.0,28856,9,-0.6,24503,8,23.5,12705,4,9.6,24442,8
E01002276,Havering 001A,E09000016,Havering,29.6,8185,3,0.2,8672,3,0.1,12176,4,37.5,6062,2,-0.1,18297,6,0.8,5161,2,42.3,1585,1,16.1,18303,6
E01002277,Havering 002A,E09000016,Havering,33.4,6499,2,0.2,9030,3,0.1,8385,3,53.0,2733,1,0.0,15394,5,1.3,1591,1,28.9,7766,3,18.2,16667,6
E01002278,Havering 001B,E09000016,Havering,33.0,6660,3,0.2,6300,2,0.2,6240,2,51.2,3037,1,-0.1,16796,6,0.7,6293,2,29.0,7704,3,12.9,21099,7
E01002279,Havering 002B,E09000016,Havering,25.3,10596,4,0.2,9354,3,0.1,9535,3,34.3,7025,3,-0.1,18138,6,0.5,9466,3,27.2,9086,3,13.4,20705,7
E01002280,Havering 004A,E09000016,Havering,50.0,2185,1,0.3,1234,1,0.2,2286,1,51.9,2903,1,0.8,6128,2,1.0,3667,2,34.0,4556,2,11.1,22832,7
E01002281,Havering 002C,E09000016,Havering,33.8,6352,2,0.2,4714,2,0.2,6210,2,42.0,4881,2,0.2,13364,5,0.8,5613,2,27.3,8961,3,13.4,20703,7
E01002282,Havering 004B,E09000016,Havering,40.2,4217,2,0.3,2817,1,0.2,5030,2,51.4,2975,1,0.1,14698,5,1.3,1776,1,25.8,10390,4,14.0,20103,7
E01002283,Havering 002D,E09000016,Havering,30.5,7779,3,0.2,7616,3,0.1,8818,3,34.2,7038,3,0.5,9155,3,0.9,4636,2,26.9,9320,3,17.9,16915,6
E01002284,Havering 004C,E09000016,Havering,29.6,8184,3,0.2,8237,3,0.1,8900,3,31.5,8008,3,0.1,14300,5,1.4,1458,1,23.9,12224,4,14.7,19493,6
E01002285,Havering 025B,E09000016,Havering,7.1,28150,9,0.0,26653,9,0.0,29722,10,16.8,15975,5,-0.6,24833,8,-0.6,25030,8,17.0,20453,7,13.0,21018,7
E01002286,Havering 025C,E09000016,Havering,5.3,30183,10,0.0,30986,10,0.0,30661,10,12.5,19516,6,-1.2,30001,10,-1.2,30555,10,24.0,12190,4,9.3,24817,8
E01002287,Havering 023A,E09000016,Havering,9.1,25723,8,0.1,24731,8,0.0,26634,9,16.9,15882,5,-1.0,28793,9,0.0,17312,6,14.6,23567,8,22.6,13408,5
E01002288,Havering 025D,E09000016,Havering,6.5,28877,9,0.0,29855,10,0.0,27332,9,14.1,18031,6,-1.4,31277,10,-1.1,29804,10,25.2,10905,4,9.2,24849,8
E01002289,Havering 022B,E09000016,Havering,9.3,25405,8,0.1,21827,7,0.1,22315,7,18.9,14491,5,-1.1,29898,10,-0.7,25760,8,15.7,22154,7,14.9,19326,6
E01002290,Havering 025E,E09000016,Havering,7.7,27373,9,0.0,26774,9,0.0,25168,8,14.7,17592,6,-0.6,25096,8,-0.1,18179,6,13.3,25015,8,11.5,22491,7
E01002291,Havering 023B,E09000016,Havering,9.6,24957,8,0.1,22503,7,0.1,23918,8,13.9,18259,6,-1.0,29162,9,-0.4,22407,7,17.7,19467,6,24.0,12391,4
E01002292,Havering 022C,E09000016,Havering,18.2,15963,5,0.1,13633,5,0.1,13400,5,25.4,10615,4,-0.3,21305,7,-0.1,17622,6,25.1,10983,4,12.0,21960,7
E01002293,Havering 007A,E09000016,Havering,17.3,16740,6,0.1,14147,5,0.1,18262,6,17.7,15333,5,-0.3,21416,7,-0.1,17782,6,31.0,6303,2,20.9,14628,5
E01002294,Havering 007B,E09000016,Havering,9.0,25787,8,0.1,20699,7,0.0,26992,9,10.9,21007,7,-0.9,27721,9,0.0,16215,5,20.7,15827,5,11.1,22941,7
E01002295,Havering 010C,E09000016,Havering,16.2,17761,6,0.1,13174,5,0.1,18152,6,14.0,18198,6,-0.7,25532,8,0.3,11758,4,29.1,7540,3,11.2,22813,7
E01002296,Havering 007C,E09000016,Havering,13.2,20805,7,0.1,21740,7,0.1,20709,7,15.3,17151,6,-0.7,26283,9,-0.1,17666,6,31.4,5998,2,16.9,17694,6
E01002297,Havering 004D,E09000016,Havering,38.6,4699,2,0.2,4304,2,0.2,3937,2,39.9,5392,2,0.7,7268,3,0.5,9638,3,33.3,4906,2,19.5,15708,5
E01002298,Havering 007D,E09000016,Havering,11.6,22608,7,0.1,18694,6,0.1,20816,7,15.0,17385,6,-0.7,26407,9,-0.1,18788,6,20.4,16151,5,15.5,18814,6
E01002299,Havering 002E,E09000016,Havering,20.0,14348,5,0.1,13377,5,0.1,15039,5,29.8,8664,3,-0.2,19481,6,0.2,13663,5,27.1,9152,3,17.5,17189,6
E01002300,Havering 007E,E09000016,Havering,10.5,23899,8,0.1,21434,7,0.1,22291,7,8.8,23111,8,-0.6,25200,8,0.2,14171,5,18.8,18064,6,18.2,16619,6
E01002301,Havering 003A,E09000016,Havering,12.1,22015,7,0.1,20483,7,0.1,20022,7,26.2,10200,4,-0.9,28056,9,0.0,17050,6,16.0,21679,7,12.9,21139,7
E01002302,Havering 005A,E09000016,Havering,18.4,15819,5,0.1,12323,4,0.1,16387,5,35.0,6761,3,-0.5,23265,8,0.3,11653,4,14.6,23489,8,15.7,18681,6
E01002303,Havering 003B,E09000016,Havering,31.0,7536,3,0.2,5312,2,0.2,6554,2,39.3,5573,2,0.1,15074,5,0.0,16144,5,32.0,5682,2,14.3,19861,7
E01002304,Havering 003C,E09000016,Havering,22.3,12535,4,0.1,21459,7,0.1,17504,6,37.3,6108,2,0.3,11307,4,0.5,8844,3,37.0,3198,1,15.4,18855,6
E01002305,Havering 005B,E09000016,Havering,18.2,16007,5,0.1,16118,5,0.1,14551,5,27.6,9579,3,-0.1,17396,6,0.3,11840,4,23.7,12391,4,9.0,25077,8
E01002306,Havering 003D,E09000016,Havering,31.2,7421,3,0.2,5395,2,0.1,8193,3,46.1,3932,2,0.3,11995,4,0.2,13915,5,28.6,7979,3,15.0,19172,6
E01002307,Havering 003E,E09000016,Havering,20.1,14231,5,0.1,11429,4,0.1,14946,5,34.7,6875,3,-0.1,17827,6,0.0,16754,6,24.0,12098,4,10.7,23324,8
E01002308,Havering 005C,E09000016,Havering,24.5,11054,4,0.2,9310,3,0.1,7477,3,35.2,6704,3,-0.4,22057,7,0.1,15276,5,25.8,10341,4,10.5,23496,8
E01002309,Havering 006A,E09000016,Havering,22.8,12175,4,0.2,9552,3,0.1,12396,4,28.9,8999,3,-0.1,17028,6,0.7,6367,2,19.2,17603,6,13.9,20255,7
E01002310,Havering 006B,E09000016,Havering,39.5,4401,2,0.2,4128,2,0.2,4546,2,35.9,6476,2,0.8,5559,2,1.0,3171,1,31.3,6063,2,13.3,20785,7
E01002311,Havering 006C,E09000016,Havering,26.2,10025,4,0.2,9346,3,0.1,9531,3,37.5,6042,2,0.2,13269,5,0.3,12104,4,27.1,9128,3,14.3,19868,7
E01002312,Havering 001C,E09000016,Havering,27.7,9194,3,0.2,9819,3,0.1,10367,4,40.3,5304,2,-0.1,18264,6,0.4,10277,4,37.8,2890,1,15.6,18726,6
E01002313,Havering 001D,E09000016,Havering,25.7,10387,4,0.1,10762,4,0.1,10889,4,40.2,5321,2,-0.3,20758,7,0.1,15840,5,36.8,3278,1,17.7,17075,6
E01002314,Havering 004E,E09000016,Havering,39.9,4287,2,0.3,2730,1,0.2,6330,2,48.1,3570,2,0.5,8610,3,1.0,3348,2,30.4,6666,3,12.5,21490,7
E01002315,Havering 006D,E09000016,Havering,22.9,12112,4,0.1,12235,4,0.1,11915,4,32.6,7590,3,0.0,16742,6,0.7,6728,3,23.6,12551,4,13.9,20258,7
E01002316,Havering 004F,E09000016,Havering,40.7,4045,2,0.3,2201,1,0.2,4387,2,45.8,3999,2,0.4,9850,3,0.7,6605,3,32.7,5253,2,9.1,24953,8
E01002317,Havering 014C,E09000016,Havering,5.5,30042,10,0.0,31002,10,0.0,30417,10,12.4,19580,6,-1.1,29890,10,-0.3,20618,7,17.1,20286,7,13.0,21085,7
E01002318,Havering 014D,E09000016,Havering,8.5,26458,9,0.1,24779,8,0.1,23528,8,16.6,16144,5,-1.0,28921,9,-0.8,27699,9,19.9,16766,6,13.8,20343,7
E01002319,Havering 016A,E09000016,Havering,16.8,17177,6,0.1,13054,4,0.1,16352,5,15.9,16626,6,-0.5,22889,7,0.2,13523,5,22.0,14378,5,22.1,13812,5
E01002320,Havering 021A,E09000016,Havering,8.9,25875,8,0.1,26124,8,0.0,29260,9,15.2,17193,6,-0.9,28131,9,0.4,11098,4,17.1,20345,7,18.5,16466,6
E01002321,Havering 021B,E09000016,Havering,9.5,25096,8,0.0,27086,9,0.0,27046,9,15.7,16802,6,-1.2,30434,10,0.3,12316,4,24.3,11802,4,14.5,19712,7
E01002322,Havering 021C,E09000016,Havering,7.7,27418,9,0.0,26754,9,0.0,26022,8,16.5,16185,5,-1.1,29443,9,-0.8,27270,9,19.3,17548,6,16.6,17935,6
E01002323,Havering 021D,E09000016,Havering,11.9,22290,7,0.0,28045,9,0.0,26468,9,18.8,14520,5,-0.7,26238,8,0.4,10817,4,29.5,7304,3,17.6,17121,6
E01002324,Havering 021E,E09000016,Havering,22.1,12735,4,0.1,13106,4,0.1,12033,4,25.4,10624,4,0.1,14549,5,0.2,13999,5,32.9,5129,2,11.5,22460,7
E01002325,Havering 011C,E09000016,Havering,26.6,9804,3,0.2,7746,3,0.1,10290,4,49.6,3321,2,-0.3,21016,7,0.3,11205,4,21.6,14798,5,18.5,16454,6
E01002326,Havering 005D,E09000016,Havering,19.6,14732,5,0.1,12670,4,0.1,13608,5,28.5,9171,3,-0.4,21570,7,0.4,10482,4,18.0,19194,6,20.3,15066,5
E01002327,Havering 009A,E09000016,Havering,15.5,18495,6,0.1,19475,6,0.1,16946,6,23.7,11503,4,-0.5,23702,8,0.0,16493,6,24.7,11438,4,20.0,15318,5
E01002328,Havering 009B,E09000016,Havering,10.0,24496,8,0.1,23876,8,0.0,26597,9,16.6,16129,5,-0.6,25080,8,0.1,14436,5,18.7,18253,6,17.7,17090,6
E01002329,Havering 011D,E09000016,Havering,15.5,18401,6,0.1,17824,6,0.1,20521,7,25.1,10769,4,-0.8,27109,9,0.2,12907,4,23.5,12655,4,24.8,11916,4
E01002330,Havering 011E,E09000016,Havering,18.9,15284,5,0.1,13591,5,0.1,18576,6,26.6,9996,4,-0.3,20143,7,0.0,16506,6,30.4,6707,3,21.3,14337,5
E01002331,Havering 005E,E09000016,Havering,15.4,18514,6,0.1,18769,6,0.1,19996,7,28.8,9080,3,-0.6,24412,8,0.4,10261,4,20.9,15619,5,16.6,17881,6
E01002332,Havering 009C,E09000016,Havering,14.8,19097,6,0.1,15641,5,0.1,20053,7,30.8,8282,3,-0.8,27272,9,-0.1,18575,6,22.0,14379,5,12.4,21591,7
E01002333,Havering 008A,E09000016,Havering,8.5,26426,9,0.0,27467,9,0.0,27094,9,26.4,10092,4,-1.0,29111,9,-0.4,22653,7,16.9,20567,7,12.4,21582,7
E01002334,Havering 008B,E09000016,Havering,11.3,22951,7,0.1,20365,7,0.0,27498,9,15.8,16703,6,-1.2,30122,10,0.2,12905,4,28.6,7978,3,11.1,22835,7
E01002335,Havering 009D,E09000016,Havering,16.4,17529,6,0.1,13541,5,0.1,18110,6,27.1,9753,3,-0.5,23426,8,-0.4,22243,7,25.2,10910,4,14.5,19625,6
E01002336,Havering 008C,E09000016,Havering,13.0,21056,7,0.1,19050,6,0.0,25401,8,30.6,8345,3,-0.9,27570,9,-0.4,22169,7,21.0,15502,5,22.3,13640,5
E01002337,Havering 012A,E09000016,Havering,13.7,20266,7,0.1,19422,6,0.1,23932,8,12.5,19506,6,-0.6,24419,8,0.4,10190,4,30.1,6887,3,16.2,18280,6
E01002338,Havering 009E,E09000016,Havering,11.6,22621,7,0.1,22592,7,0.1,21046,7,22.1,12456,4,-0.8,26537,9,0.3,12446,4,13.8,24421,8,15.8,18611,6
E01002339,Havering 008D,E09000016,Havering,5.8,29691,10,0.0,29664,10,0.0,30230,10,11.6,20315,7,-1.2,30293,10,-0.2,19751,7,19.0,17822,6,11.2,22764,7
E01002340,Havering 009F,E09000016,Havering,8.7,26207,8,0.1,25029,8,0.1,24000,8,13.7,18430,6,-0.9,27944,9,-0.3,20530,7,17.0,20446,7,18.4,16543,6
E01002341,Havering 008E,E09000016,Havering,10.8,23558,8,0.1,24874,8,0.1,21763,7,22.5,12256,4,-0.6,25184,8,-0.5,23676,8,23.8,12319,4,10.7,23267,8
E01002342,Havering 030A,E09000016,Havering,19.7,14597,5,0.1,11964,4,0.1,14591,5,26.4,10124,4,-0.2,19790,7,0.4,10150,4,18.6,18401,6,21.1,14459,5
E01002343,Havering 029A,E09000016,Havering,13.2,20839,7,0.1,20967,7,0.1,18067,6,28.8,9051,3,-0.8,27116,9,0.2,13362,5,14.8,23290,8,11.4,22572,7
E01002344,Havering 029B,E09000016,Havering,19.8,14484,5,0.1,13129,4,0.1,13437,5,27.0,9825,3,-0.6,24723,8,0.5,9500,3,23.5,12682,4,19.6,15612,5
E01002345,Havering 030B,E09000016,Havering,30.3,7882,3,0.2,5947,2,0.1,8905,3,31.4,8021,3,-0.3,20955,7,0.9,4137,2,23.6,12568,4,34.0,6675,3
E01002346,Havering 030C,E09000016,Havering,25.6,10436,4,0.2,8748,3,0.1,10898,4,34.2,7043,3,0.1,14944,5,0.6,7846,3,20.6,15936,5,21.9,13904,5
E01002347,Havering 030D,E09000016,Havering,14.3,19605,6,0.1,20989,7,0.1,20034,7,21.6,12791,4,-0.8,26561,9,0.6,8363,3,22.4,13859,5,17.6,17134,6
E01002348,Havering 029C,E09000016,Havering,10.1,24372,8,0.1,24747,8,0.1,23266,8,31.7,7903,3,-1.0,29108,9,-0.7,26250,8,16.9,20616,7,11.4,22591,7
E01002349,Havering 029D,E09000016,Havering,13.9,20045,7,0.1,16919,6,0.1,16868,6,24.4,11127,4,-0.4,21914,7,-0.4,22081,7,17.3,20008,7,10.9,23061,8
E01002350,Havering 016B,E09000016,Havering,26.3,9974,4,0.2,9243,3,0.1,11258,4,23.7,11490,4,0.0,15392,5,0.9,4200,2,25.8,10401,4,27.3,10370,4
E01002351,Havering 016C,E09000016,Havering,11.8,22391,7,0.1,21110,7,0.1,24151,8,19.8,13901,5,-0.9,28117,9,0.1,15048,5,13.8,24480,8,29.3,9237,3
E01002352,Havering 016D,E09000016,Havering,17.9,16177,5,0.1,12776,4,0.1,12422,4,13.0,19041,6,0.1,14773,5,0.0,17150,6,18.0,19068,6,20.2,15145,5
E01002353,Havering 013B,E09000016,Havering,15.3,18644,6,0.1,19836,7,0.1,20639,7,11.7,20269,7,-0.7,26292,9,0.8,4921,2,26.3,9883,4,21.9,13945,5
E01002354,Havering 012B,E09000016,Havering,5.0,30485,10,0.0,29544,9,0.0,30421,10,6.5,25582,8,-1.5,31593,10,0.0,17251,6,17.0,20465,7,12.1,21862,7
E01002355,Havering 014E,E09000016,Havering,6.4,28979,9,0.0,27809,9,0.0,25054,8,13.3,18772,6,-1.0,28851,9,-0.7,26358,9,13.9,24345,8,13.5,20617,7
E01002356,Havering 013C,E09000016,Havering,33.7,6369,2,0.2,6511,2,0.1,9703,3,27.1,9784,3,0.2,12515,4,1.4,1217,1,34.4,4357,2,26.2,11074,4
E01002358,Havering 016E,E09000016,Havering,16.4,17520,6,0.1,16324,5,0.1,20895,7,25.5,10561,4,-0.6,24117,8,0.2,13401,5,19.6,17140,6,31.6,7918,3
E01002359,Havering 020A,E09000016,Havering,7.0,28300,9,0.0,27161,9,0.0,28386,9,13.3,18750,6,-0.8,27074,9,-0.2,20216,7,14.2,23940,8,17.0,17547,6
E01002360,Havering 020B,E09000016,Havering,13.8,20161,7,0.1,16915,6,0.1,20657,7,14.2,18011,6,-0.3,21341,7,0.3,11713,4,19.8,16892,6,17.5,17208,6
E01002361,Havering 020C,E09000016,Havering,19.4,14950,5,0.1,12648,4,0.1,15428,5,25.4,10602,4,-0.2,19585,6,0.5,9559,3,20.4,16156,5,20.2,15149,5
E01002362,Havering 022D,E09000016,Havering,6.9,28491,9,0.1,24414,8,0.0,27618,9,12.6,19379,6,-1.3,30829,10,-0.1,18251,6,11.3,27314,9,14.1,20066,7
E01002363,Havering 020D,E09000016,Havering,18.4,15822,5,0.1,11234,4,0.1,15280,5,27.8,9496,3,-0.4,22303,7,-0.1,18288,6,22.9,13285,5,13.5,20572,7
E01002364,Havering 023C,E09000016,Havering,7.0,28386,9,0.1,25233,8,0.0,26483,9,16.1,16477,6,-1.1,29382,9,-1.0,28691,9,14.1,24087,8,15.0,19186,6
E01002365,Havering 023D,E09000016,Havering,13.5,20464,7,0.1,17919,6,0.1,16698,6,17.7,15344,5,-0.8,26617,9,0.0,16967,6,16.5,20993,7,21.1,14476,5
E01002366,Havering 023E,E09000016,Havering,11.1,23269,8,0.1,19524,6,0.1,24635,8,22.8,12034,4,-0.6,24805,8,-0.2,19804,7,15.1,22834,7,15.9,18501,6
E01002367,Havering 020E,E09000016,Havering,9.7,24902,8,0.1,22688,7,0.1,24516,8,12.6,19415,6,-1.2,29959,10,0.4,10163,4,15.8,21946,7,15.0,19211,6
E01002368,Havering 028A,E09000016,Havering,39.1,4538,2,0.2,4333,2,0.2,4322,2,41.8,4918,2,-0.1,16855,6,1.0,3511,2,29.3,7416,3,36.2,5735,2
E01002369,Havering 028B,E09000016,Havering,21.4,13245,5,0.1,12508,4,0.1,12664,4,30.8,8251,3,-0.3,20731,7,0.6,8213,3,24.6,11575,4,14.0,20157,7
E01002370,Havering 028C,E09000016,Havering,29.6,8228,3,0.2,6763,3,0.1,6881,3,28.8,9066,3,-0.1,18344,6,0.7,6596,3,27.1,9140,3,24.8,11889,4
E01002371,Havering 028D,E09000016,Havering,16.2,17717,6,0.1,15545,5,0.1,19036,6,21.5,12885,4,-0.3,21378,7,0.6,7477,3,15.8,21994,7,19.9,15363,5
E01002372,Havering 027C,E09000016,Havering,10.8,23525,8,0.1,23440,8,0.1,21168,7,24.9,10907,4,-1.1,29609,10,-0.3,20850,7,19.6,17125,6,12.4,21612,7
E01002373,Havering 027D,E09000016,Havering,13.8,20103,7,0.1,16621,6,0.1,20084,7,23.9,11392,4,-0.6,24287,8,0.3,12648,4,15.7,22025,7,12.7,21329,7
E01002374,Havering 027E,E09000016,Havering,16.7,17267,6,0.1,13283,5,0.1,15564,5,20.4,13570,5,-0.4,21727,7,0.2,12757,4,18.4,18605,6,15.9,18492,6
E01002375,Havering 028E,E09000016,Havering,28.9,8523,3,0.2,6713,3,0.1,8005,3,33.0,7444,3,0.2,12695,4,0.4,10272,4,25.9,10298,4,20.5,14876,5
E01002376,Havering 012C,E09000016,Havering,6.8,28536,9,0.0,28279,9,0.0,28935,9,10.4,21411,7,-0.9,27519,9,-0.1,18718,6,20.6,15979,5,12.3,21707,7
E01002377,Havering 010D,E09000016,Havering,12.9,21172,7,0.1,17526,6,0.1,21391,7,12.6,19355,6,-0.4,22081,7,0.0,16835,6,22.3,13911,5,18.7,16249,5
E01002378,Havering 010E,E09000016,Havering,8.0,27059,9,0.0,27582,9,0.0,26654,9,18.0,15163,5,-0.8,27064,9,-0.3,20910,7,16.2,21430,7,16.4,18054,6
E01002379,Havering 012D,E09000016,Havering,6.6,28821,9,0.0,26748,9,0.0,29168,9,8.9,22975,7,-1.1,29677,10,0.0,17286,6,14.6,23514,8,18.5,16449,6
E01002380,Havering 012E,E09000016,Havering,17.0,17013,6,0.1,11810,4,0.1,15046,5,13.6,18474,6,-0.1,18311,6,-0.2,19085,6,25.9,10258,4,10.8,23250,8
E01002381,Havering 012F,E09000016,Havering,13.4,20683,7,0.1,18758,6,0.1,20172,7,19.0,14404,5,-0.7,26439,9,0.1,15109,5,22.2,14035,5,18.3,16571,6
E01002382,Havering 014F,E09000016,Havering,8.2,26841,9,0.1,25861,8,0.0,25353,8,14.4,17821,6,-1.1,29539,9,-0.2,20321,7,15.9,21783,7,19.8,15417,5
E01002383,Havering 010F,E09000016,Havering,8.3,26684,9,0.0,29282,9,0.0,25706,8,9.1,22749,7,-0.9,27676,9,-0.1,18599,6,26.0,10171,4,15.7,18700,6
E01002384,Havering 019D,E09000016,Havering,7.0,28313,9,0.0,26306,9,0.0,26101,8,7.2,24870,8,-0.7,25430,8,0.0,17020,6,10.1,28486,9,17.9,16928,6
E01002385,Havering 024A,E09000016,Havering,13.8,20191,7,0.0,30703,10,0.0,28623,9,10.5,21380,7,-1.2,30131,10,0.8,5812,2,41.4,1808,1,21.8,13985,5
E01002386,Havering 022E,E09000016,Havering,7.8,27280,9,0.1,21489,7,0.0,28744,9,7.1,24998,8,-1.1,29304,9,0.1,14320,5,13.9,24366,8,18.3,16595,6
E01002387,Havering 024B,E09000016,Havering,4.5,30996,10,0.0,30209,10,0.0,28348,9,6.2,25915,8,-1.6,32017,10,0.0,16177,5,9.6,28958,9,11.4,22624,7
E01002388,Havering 024C,E09000016,Havering,2.3,32563,10,0.0,32525,10,0.0,31241,10,5.2,27108,9,-1.7,32173,10,-1.0,29342,9,12.5,26009,8,9.8,24242,8
E01002389,Havering 024D,E09000016,Havering,4.4,31077,10,0.0,31968,10,0.0,28342,9,7.9,24016,8,-1.3,30677,10,-0.2,19810,7,15.1,22902,7,8.8,25315,8
E01002390,Havering 024E,E09000016,Havering,3.2,32137,10,0.0,32520,10,0.0,30126,10,8.9,23007,8,-1.3,30879,10,-0.7,25949,8,7.2,30876,10,11.1,22862,7
E01002391,Havering 018E,E09000016,Havering,10.6,23815,8,0.1,26026,8,0.0,30129,10,19.3,14179,5,-0.6,25258,8,-0.5,24344,8,33.5,4843,2,13.7,20361,7
E01032741,Havering 013E,E09000016,Havering,18.7,15465,5,0.1,19102,6,0.1,24041,8,15.4,17033,6,-0.5,23630,8,1.0,3831,2,30.5,6621,3,36.5,5569,2
E01032742,Havering 013F,E09000016,Havering,18.5,15714,5,0.1,12838,4,0.1,12710,4,13.1,18933,6,-0.3,20045,7,0.6,7795,3,20.1,16539,6,16.8,17751,6
E01002392,Hillingdon 020A,E09000017,Hillingdon,35.1,5845,2,0.2,5016,2,0.1,6777,3,36.4,6321,2,0.3,11752,4,0.9,4612,2,36.7,3319,2,14.4,19799,7
E01002393,Hillingdon 020B,E09000017,Hillingdon,22.8,12206,4,0.1,13540,5,0.1,15499,5,20.6,13368,5,-0.3,20466,7,1.0,3727,2,32.4,5427,2,24.7,11967,4
E01002394,Hillingdon 021A,E09000017,Hillingdon,19.0,15258,5,0.1,12932,4,0.1,18350,6,21.9,12570,4,-0.4,22183,7,0.2,13330,5,32.4,5410,2,19.6,15573,5
E01002395,Hillingdon 021B,E09000017,Hillingdon,21.6,13140,5,0.1,12378,4,0.1,14499,5,20.7,13336,5,0.0,16527,6,0.2,13649,5,34.2,4486,2,20.9,14619,5
E01002396,Hillingdon 026A,E09000017,Hillingdon,28.6,8694,3,0.2,7012,3,0.1,11964,4,18.7,14644,5,0.1,14024,5,0.9,4590,2,35.8,3719,2,25.7,11370,4
E01002397,Hillingdon 021C,E09000017,Hillingdon,26.4,9958,4,0.2,9441,3,0.1,12499,4,19.9,13847,5,-0.1,17752,6,0.8,5829,2,33.8,4692,2,32.7,7380,3
E01002398,Hillingdon 021D,E09000017,Hillingdon,21.2,13411,5,0.1,15383,5,0.1,18040,6,21.5,12869,4,-0.1,17499,6,1.1,3082,1,28.9,7707,3,20.9,14614,5
E01002399,Hillingdon 021E,E09000017,Hillingdon,19.7,14662,5,0.1,13094,4,0.1,19640,6,16.9,15894,5,-0.4,22030,7,0.8,5232,2,32.0,5676,2,19.3,15794,5
E01002400,Hillingdon 024A,E09000017,Hillingdon,26.7,9745,3,0.2,8213,3,0.1,12334,4,27.6,9551,3,0.1,14609,5,0.6,7251,3,31.2,6173,2,23.6,12713,4
E01002401,Hillingdon 024B,E09000017,Hillingdon,26.6,9807,3,0.2,7650,3,0.1,9282,3,25.4,10594,4,0.0,15579,5,0.5,9368,3,28.3,8221,3,21.3,14314,5
E01002402,Hillingdon 024C,E09000017,Hillingdon,24.4,11133,4,0.2,10274,4,0.1,11437,4,22.2,12411,4,-0.2,19588,6,0.6,7099,3,29.2,7532,3,27.3,10363,4
E01002403,Hillingdon 024D,E09000017,Hillingdon,26.6,9823,3,0.2,7653,3,0.1,11232,4,27.6,9564,3,0.1,14394,5,0.6,8109,3,29.5,7305,3,19.9,15378,5
E01002404,Hillingdon 024E,E09000017,Hillingdon,29.7,8171,3,0.2,6039,2,0.1,8725,3,35.0,6752,3,0.2,13127,4,0.4,10084,4,29.5,7288,3,17.9,16906,6
E01002405,Hillingdon 027A,E09000017,Hillingdon,23.5,11728,4,0.1,11479,4,0.1,13591,5,25.0,10810,4,0.1,14794,5,0.6,7287,3,29.1,7613,3,20.9,14601,5
E01002406,Hillingdon 027B,E09000017,Hillingdon,25.0,10781,4,0.2,10443,4,0.1,9818,3,17.9,15180,5,-0.4,22493,7,0.4,10532,4,38.5,2671,1,24.9,11829,4
E01002407,Hillingdon 030A,E09000017,Hillingdon,23.5,11705,4,0.1,12339,4,0.1,17784,6,17.1,15732,5,-0.7,26024,8,0.7,6452,2,43.0,1435,1,31.4,8052,3
E01002408,Hillingdon 019A,E09000017,Hillingdon,31.0,7544,3,0.2,7075,3,0.1,9200,3,27.4,9655,3,0.8,5904,2,0.3,12417,4,32.0,5651,2,26.9,10600,4
E01002409,Hillingdon 019B,E09000017,Hillingdon,22.4,12495,4,0.1,10690,4,0.1,14866,5,18.5,14786,5,-0.1,18151,6,0.4,10217,4,32.1,5610,2,26.7,10723,4
E01002410,Hillingdon 017A,E09000017,Hillingdon,15.8,18114,6,0.1,17070,6,0.1,16920,6,8.3,23633,8,-0.5,23166,8,0.6,7866,3,28.0,8466,3,16.5,18015,6
E01002411,Hillingdon 022A,E09000017,Hillingdon,24.0,11386,4,0.1,13233,5,0.1,17040,6,46.1,3934,2,0.0,15809,5,0.5,9743,3,31.7,5822,2,18.1,16776,6
E01002412,Hillingdon 017B,E09000017,Hillingdon,13.3,20749,7,0.1,22569,7,0.1,21625,7,11.0,20920,7,-0.5,22860,7,0.5,8634,3,28.5,8012,3,14.2,19981,7
E01002413,Hillingdon 022B,E09000017,Hillingdon,30.7,7705,3,0.2,7518,3,0.1,10396,4,32.8,7492,3,0.5,9605,3,0.8,4889,2,31.8,5750,2,21.4,14272,5
E01002414,Hillingdon 015A,E09000017,Hillingdon,8.8,26080,8,0.0,30313,10,0.0,32661,10,10.1,21701,7,-0.5,22782,7,-0.2,19373,6,31.6,5901,2,16.8,17735,6
E01002415,Hillingdon 010A,E09000017,Hillingdon,7.0,28382,9,0.0,27920,9,0.0,30420,10,12.3,19714,7,-0.9,27723,9,-0.1,18199,6,18.3,18759,6,16.3,18196,6
E01002416,Hillingdon 008A,E09000017,Hillingdon,7.3,28002,9,0.1,24661,8,0.0,29647,10,16.0,16565,6,-1.0,28738,9,-0.5,23234,8,15.6,22217,7,16.1,18340,6
E01002417,Hillingdon 008B,E09000017,Hillingdon,6.6,28823,9,0.0,28289,9,0.0,29691,10,3.4,29199,9,-1.1,29836,10,0.3,12019,4,19.7,16974,6,15.1,19115,6
E01002418,Hillingdon 006A,E09000017,Hillingdon,11.9,22256,7,0.1,17840,6,0.1,18490,6,10.5,21345,7,-0.6,25292,8,-0.6,24608,8,26.2,10007,4,10.4,23636,8
E01002419,Hillingdon 006B,E09000017,Hillingdon,5.5,30025,10,0.0,26937,9,0.0,27367,9,4.1,28470,9,-0.9,27833,9,-0.3,21260,7,15.2,22786,7,12.9,21127,7
E01002420,Hillingdon 008C,E09000017,Hillingdon,13.8,20174,7,0.1,14935,5,0.1,17558,6,9.8,21999,7,-0.1,17883,6,-0.3,21524,7,23.4,12792,4,10.0,24028,8
E01002421,Hillingdon 008D,E09000017,Hillingdon,9.0,25809,8,0.1,21494,7,0.0,25705,8,6.8,25232,8,-0.4,22614,7,0.2,14300,5,13.3,25081,8,17.1,17485,6
E01002422,Hillingdon 018A,E09000017,Hillingdon,15.8,18115,6,0.1,17324,6,0.1,17289,6,15.1,17251,6,-0.4,22360,7,0.2,13980,5,20.8,15705,5,30.7,8411,3
E01002423,Hillingdon 018B,E09000017,Hillingdon,13.7,20224,7,0.1,19571,6,0.1,17601,6,13.3,18755,6,-0.8,27380,9,0.1,14414,5,25.0,11114,4,20.6,14799,5
E01002424,Hillingdon 018C,E09000017,Hillingdon,13.5,20546,7,0.1,16895,6,0.1,20444,7,13.8,18304,6,-0.8,27141,9,0.2,13415,5,21.6,14819,5,21.4,14232,5
E01002425,Hillingdon 018D,E09000017,Hillingdon,23.9,11402,4,0.1,10570,4,0.1,14071,5,28.2,9314,3,-0.1,17735,6,0.5,8711,3,32.1,5578,2,21.9,13942,5
E01002426,Hillingdon 021F,E09000017,Hillingdon,17.7,16368,5,0.1,13439,5,0.1,15320,5,15.6,16884,6,-0.5,23122,8,0.1,15825,5,24.8,11352,4,28.0,9982,4
E01002427,Hillingdon 018E,E09000017,Hillingdon,13.2,20845,7,0.1,16564,6,0.0,26070,8,14.4,17820,6,-0.6,25124,8,0.0,16383,5,26.6,9627,3,22.3,13631,5
E01002428,Hillingdon 018F,E09000017,Hillingdon,12.2,21987,7,0.1,20466,7,0.0,25143,8,17.5,15436,5,-0.6,24324,8,0.2,14110,5,26.1,10117,4,13.0,21066,7
E01002429,Hillingdon 019C,E09000017,Hillingdon,30.1,7970,3,0.2,7661,3,0.1,9935,4,26.5,10047,4,0.1,14361,5,0.3,11618,4,46.6,787,1,18.1,16698,6
E01002430,Hillingdon 007A,E09000017,Hillingdon,6.1,29334,9,0.0,31780,10,0.0,29600,10,2.6,30254,10,-1.1,29252,9,0.0,16485,6,26.2,10013,4,12.3,21696,7
E01002431,Hillingdon 006C,E09000017,Hillingdon,4.9,30573,10,0.0,31231,10,0.0,30552,10,1.4,31577,10,-1.4,31355,10,0.1,14904,5,18.4,18558,6,15.6,18766,6
E01002432,Hillingdon 006D,E09000017,Hillingdon,6.6,28738,9,0.1,26072,8,0.0,30194,10,2.8,29972,10,-1.0,29038,9,0.3,11279,4,15.7,22021,7,16.8,17728,6
E01002433,Hillingdon 004A,E09000017,Hillingdon,16.9,17059,6,0.1,14819,5,0.1,14992,5,14.3,17941,6,-0.9,28023,9,0.0,16793,6,33.7,4736,2,15.6,18730,6
E01002434,Hillingdon 007B,E09000017,Hillingdon,5.5,30000,10,0.0,30845,10,0.0,31524,10,3.1,29660,10,-1.0,29197,9,0.3,12527,4,15.8,21928,7,18.5,16442,6
E01002435,Hillingdon 007C,E09000017,Hillingdon,4.2,31339,10,0.0,31189,10,0.0,29483,9,2.9,29905,10,-0.9,28277,9,-0.7,25739,8,15.9,21747,7,16.0,18383,6
E01002436,Hillingdon 004B,E09000017,Hillingdon,11.0,23393,8,0.1,20454,7,0.1,19584,6,6.0,26171,8,-0.7,25655,8,0.1,15139,5,21.7,14612,5,15.1,19112,6
E01002437,Hillingdon 006E,E09000017,Hillingdon,5.8,29735,10,0.0,28358,9,0.0,30166,10,1.7,31182,10,-1.2,30225,10,-0.6,25370,8,26.7,9525,3,14.0,20110,7
E01002438,Hillingdon 003A,E09000017,Hillingdon,12.6,21531,7,0.1,21826,7,0.1,23777,8,13.1,18960,6,-0.4,21744,7,-0.9,28232,9,38.8,2571,1,7.5,26687,9
E01002439,Hillingdon 003B,E09000017,Hillingdon,17.0,16990,6,0.1,14613,5,0.1,16125,5,17.3,15612,5,0.3,11653,4,-0.1,17905,6,22.5,13756,5,11.2,22770,7
E01002440,Hillingdon 003C,E09000017,Hillingdon,20.2,14167,5,0.1,14269,5,0.1,15601,5,28.1,9370,3,0.3,11875,4,0.1,14958,5,29.6,7221,3,8.5,25651,8
E01002441,Hillingdon 003D,E09000017,Hillingdon,23.7,11576,4,0.2,10413,4,0.1,12737,4,23.1,11870,4,0.3,11847,4,0.7,5963,2,26.3,9901,4,12.4,21589,7
E01002442,Hillingdon 003E,E09000017,Hillingdon,23.8,11533,4,0.1,11170,4,0.1,11283,4,32.4,7661,3,0.1,14677,5,-0.3,20669,7,35.2,3984,2,11.1,22844,7
E01002443,Hillingdon 032A,E09000017,Hillingdon,19.9,14430,5,0.1,20740,7,0.0,28039,9,15.9,16658,6,-0.9,27928,9,0.8,5082,2,48.2,544,1,30.3,8610,3
E01002444,Hillingdon 031A,E09000017,Hillingdon,22.6,12349,4,0.1,16999,6,0.1,19761,7,16.2,16418,5,0.0,16196,5,-0.6,24651,8,53.2,103,1,31.3,8093,3
E01002445,Hillingdon 029A,E09000017,Hillingdon,30.4,7835,3,0.2,7362,3,0.1,10714,4,41.9,4892,2,0.3,12168,4,0.7,6656,3,32.2,5501,2,19.2,15841,5
E01002446,Hillingdon 031B,E09000017,Hillingdon,21.9,12848,4,0.1,18602,6,0.1,20436,7,22.0,12552,4,-0.2,19035,6,1.3,1814,1,32.3,5475,2,28.3,9780,3
E01002447,Hillingdon 031C,E09000017,Hillingdon,24.2,11245,4,0.1,14294,5,0.1,21809,7,26.4,10129,4,-0.7,25373,8,0.1,14954,5,46.2,869,1,45.2,2839,1
E01002448,Hillingdon 032B,E09000017,Hillingdon,18.2,15919,5,0.1,17107,6,0.1,24081,8,16.7,16077,5,-0.5,23235,8,0.7,6946,3,28.2,8261,3,38.9,4643,2
E01002449,Hillingdon 032C,E09000017,Hillingdon,21.4,13247,5,0.1,11610,4,0.1,17448,6,15.1,17269,6,-0.3,19904,7,0.1,14410,5,41.8,1703,1,22.0,13876,5
E01002450,Hillingdon 014A,E09000017,Hillingdon,7.6,27513,9,0.0,27034,9,0.0,29735,10,13.3,18810,6,-0.9,27661,9,0.0,16667,6,18.2,18926,6,17.0,17557,6
E01002451,Hillingdon 014B,E09000017,Hillingdon,7.1,28166,9,0.1,26038,8,0.0,26504,9,8.9,22982,7,-0.8,26893,9,-0.2,19949,7,17.2,20235,7,14.5,19696,6
E01002452,Hillingdon 014C,E09000017,Hillingdon,9.4,25275,8,0.1,23028,8,0.1,24064,8,11.1,20777,7,-0.8,27332,9,-0.7,25914,8,18.8,18164,6,26.3,10993,4
E01002453,Hillingdon 014D,E09000017,Hillingdon,11.3,23046,8,0.1,19442,6,0.1,24629,8,11.2,20742,7,-0.4,21971,7,-0.4,22115,7,19.7,16994,6,26.2,11064,4
E01002454,Hillingdon 014E,E09000017,Hillingdon,19.7,14666,5,0.1,12201,4,0.1,11074,4,18.9,14460,5,-0.1,17804,6,0.1,14978,5,22.9,13340,5,16.3,18184,6
E01002455,Hillingdon 019D,E09000017,Hillingdon,20.2,14192,5,0.1,14513,5,0.1,14662,5,18.2,14999,5,-0.3,20901,7,0.9,4279,2,26.4,9826,3,18.7,16307,5
E01002456,Hillingdon 017C,E09000017,Hillingdon,19.2,15086,5,0.1,13545,5,0.1,17111,6,18.1,15041,5,0.2,13663,5,0.1,14780,5,24.9,11177,4,27.4,10308,4
E01002457,Hillingdon 019E,E09000017,Hillingdon,26.8,9683,3,0.2,8912,3,0.1,10869,4,23.7,11524,4,0.2,12671,4,0.9,4746,2,30.0,6951,3,17.9,16874,6
E01002458,Hillingdon 011A,E09000017,Hillingdon,7.1,28217,9,0.0,30043,10,0.0,26607,9,4.6,27842,9,-1.3,30734,10,-0.1,18072,6,26.7,9569,3,13.8,20290,7
E01002459,Hillingdon 011B,E09000017,Hillingdon,3.7,31719,10,0.0,32345,10,0.0,29836,10,3.7,28943,9,-1.0,28554,9,-0.8,26864,9,17.8,19355,6,11.7,22275,7
E01002460,Hillingdon 011C,E09000017,Hillingdon,6.6,28811,9,0.1,24286,8,0.0,28380,9,3.7,28886,9,-0.8,27324,9,-0.3,21425,7,16.7,20830,7,18.7,16244,5
E01002461,Hillingdon 013A,E09000017,Hillingdon,10.3,24176,8,0.0,26646,9,0.0,27187,9,4.2,28275,9,-1.0,29044,9,-0.4,22038,7,41.0,1916,1,12.5,21509,7
E01002462,Hillingdon 011D,E09000017,Hillingdon,6.9,28397,9,0.0,31674,10,0.0,31927,10,1.5,31481,10,-1.4,31299,10,-0.7,26464,9,38.7,2588,1,11.0,23031,8
E01002463,Hillingdon 013B,E09000017,Hillingdon,7.3,27916,9,0.0,27614,9,0.1,24733,8,3.3,29327,9,-1.0,28904,9,-0.8,27678,9,29.7,7163,3,10.8,23226,8
E01002464,Hillingdon 011E,E09000017,Hillingdon,6.4,29027,9,0.1,23985,8,0.0,27441,9,7.7,24247,8,-0.6,24443,8,-0.7,26036,8,14.7,23451,8,11.7,22265,7
E01002465,Hillingdon 009A,E09000017,Hillingdon,10.4,23956,8,0.1,20756,7,0.1,24261,8,9.7,22138,7,-0.4,22538,7,-0.3,20535,7,23.6,12522,4,15.8,18589,6
E01002466,Hillingdon 010B,E09000017,Hillingdon,7.6,27551,9,0.1,24860,8,0.0,29631,10,7.8,24173,8,-1.1,29823,10,-0.3,20757,7,22.3,14013,5,20.7,14760,5
E01002467,Hillingdon 009B,E09000017,Hillingdon,5.8,29710,10,0.0,27634,9,0.0,27590,9,7.9,24036,8,-0.9,28147,9,-0.4,23043,8,16.8,20629,7,12.0,21948,7
E01002468,Hillingdon 010C,E09000017,Hillingdon,6.8,28529,9,0.0,29047,9,0.0,29956,10,10.3,21562,7,-0.9,27960,9,-0.1,17606,6,17.9,19211,6,19.1,15935,5
E01002469,Hillingdon 010D,E09000017,Hillingdon,8.0,27093,9,0.0,28890,9,0.0,28550,9,9.9,21906,7,-0.9,27897,9,0.0,17341,6,20.2,16438,6,24.3,12226,4
E01002470,Hillingdon 007D,E09000017,Hillingdon,10.7,23632,8,0.1,18284,6,0.0,25480,8,6.9,25167,8,-0.8,26613,9,0.0,16005,5,20.3,16274,5,23.8,12593,4
E01002471,Hillingdon 008E,E09000017,Hillingdon,7.3,27928,9,0.0,26599,9,0.0,28558,9,8.2,23732,8,-1.0,28415,9,0.1,14966,5,16.1,21599,7,19.5,15671,5
E01002472,Hillingdon 002A,E09000017,Hillingdon,8.2,26768,9,0.1,19412,6,0.0,27258,9,4.8,27539,9,-0.6,25319,8,-0.5,23566,8,22.9,13331,5,10.4,23658,8
E01002473,Hillingdon 001A,E09000017,Hillingdon,16.0,17981,6,0.1,19813,7,0.1,17509,6,2.1,30778,10,-0.6,25246,8,0.1,14979,5,45.9,910,1,10.2,23832,8
E01002474,Hillingdon 002B,E09000017,Hillingdon,10.5,23911,8,0.1,18133,6,0.1,23789,8,4.8,27527,9,-0.8,26918,9,-0.1,17940,6,24.3,11820,4,16.3,18118,6
E01002475,Hillingdon 001B,E09000017,Hillingdon,17.6,16423,6,0.1,13980,5,0.1,9398,3,7.4,24604,8,0.1,14744,5,-0.9,27893,9,27.9,8561,3,8.7,25433,8
E01002476,Hillingdon 001C,E09000017,Hillingdon,4.6,30955,10,0.0,27069,9,0.0,30670,10,0.8,32229,10,-1.3,30712,10,-0.4,22201,7,20.8,15724,5,9.2,24900,8
E01002477,Hillingdon 001D,E09000017,Hillingdon,10.0,24561,8,0.1,19055,6,0.1,20625,7,2.7,30032,10,-0.3,20923,7,-0.5,23777,8,23.5,12710,4,8.5,25664,8
E01002478,Hillingdon 002C,E09000017,Hillingdon,7.5,27666,9,0.1,22368,7,0.1,24726,8,4.3,28164,9,-0.9,28007,9,-0.4,21860,7,21.1,15374,5,10.6,23486,8
E01002479,Hillingdon 004C,E09000017,Hillingdon,19.6,14690,5,0.1,11607,4,0.1,12925,4,11.6,20329,7,0.0,15983,5,0.1,14932,5,32.2,5550,2,10.0,24044,8
E01002480,Hillingdon 004D,E09000017,Hillingdon,4.1,31432,10,0.0,29762,10,0.0,30831,10,2.4,30403,10,-1.4,31364,10,-0.7,26613,9,23.1,13067,4,8.2,25957,8
E01002481,Hillingdon 004E,E09000017,Hillingdon,19.1,15178,5,0.1,10619,4,0.1,11809,4,10.4,21462,7,-0.5,22777,7,-0.2,20133,7,34.0,4555,2,10.2,23845,8
E01002482,Hillingdon 001E,E09000017,Hillingdon,3.1,32164,10,0.0,31534,10,0.0,31455,10,0.9,32167,10,-1.0,29041,9,-0.6,25545,8,17.5,19854,7,10.0,24055,8
E01002483,Hillingdon 002D,E09000017,Hillingdon,9.3,25352,8,0.1,22589,7,0.1,21574,7,3.7,28878,9,-0.4,22704,7,-0.4,22612,7,22.8,13458,5,14.7,19508,6
E01002484,Hillingdon 002E,E09000017,Hillingdon,21.3,13323,5,0.1,11350,4,0.1,11039,4,9.9,21913,7,0.2,12492,4,0.2,13170,5,25.1,10976,4,23.9,12463,4
E01002485,Hillingdon 002F,E09000017,Hillingdon,15.3,18663,6,0.1,16169,5,0.1,17352,6,7.3,24744,8,-0.2,19785,7,0.2,13757,5,25.7,10450,4,21.9,13890,5
E01002486,Hillingdon 028A,E09000017,Hillingdon,24.9,10820,4,0.2,8480,3,0.1,13083,4,25.1,10793,4,-0.6,24398,8,0.3,12302,4,38.3,2738,1,24.1,12341,4
E01002487,Hillingdon 028B,E09000017,Hillingdon,24.1,11335,4,0.2,10441,4,0.1,13070,4,24.9,10893,4,-0.6,24114,8,0.1,14537,5,38.9,2536,1,27.7,10159,4
E01002488,Hillingdon 030B,E09000017,Hillingdon,18.6,15580,5,0.1,15352,5,0.1,16053,5,18.2,14969,5,-0.5,24020,8,0.3,11779,4,31.4,6039,2,24.6,12001,4
E01002489,Hillingdon 030C,E09000017,Hillingdon,16.0,17959,6,0.1,15487,5,0.1,20552,7,12.3,19689,6,-0.7,26163,8,0.4,10043,4,29.7,7179,3,22.8,13250,5
E01002490,Hillingdon 030D,E09000017,Hillingdon,21.8,12914,4,0.1,12856,4,0.1,18070,6,23.6,11567,4,-0.6,24511,8,0.5,8617,3,29.9,7004,3,38.5,4803,2
E01002491,Hillingdon 032D,E09000017,Hillingdon,26.1,10125,4,0.2,8335,3,0.1,12092,4,28.7,9101,3,-0.4,22564,7,0.4,10191,4,36.2,3560,2,24.8,11909,4
E01002492,Hillingdon 030E,E09000017,Hillingdon,21.1,13506,5,0.1,12054,4,0.1,15871,5,25.2,10720,4,-0.5,23203,8,0.3,11881,4,28.8,7846,3,30.0,8793,3
E01002493,Hillingdon 032E,E09000017,Hillingdon,31.9,7115,3,0.2,6613,3,0.1,10075,4,36.1,6410,2,0.0,16327,5,0.3,11908,4,47.9,580,1,16.6,17925,6
E01002494,Hillingdon 009C,E09000017,Hillingdon,11.2,23112,8,0.1,18706,6,0.1,22501,7,9.1,22794,7,-0.5,23650,8,-0.6,25203,8,24.3,11838,4,19.9,15404,5
E01002495,Hillingdon 010E,E09000017,Hillingdon,10.0,24471,8,0.1,21224,7,0.0,26240,8,11.1,20764,7,-0.8,27301,9,-0.4,21987,7,25.3,10860,4,19.4,15727,5
E01002496,Hillingdon 033A,E09000017,Hillingdon,16.8,17182,6,0.1,16490,6,0.1,19672,6,16.9,15907,5,-0.3,20662,7,-0.1,17551,6,28.7,7925,3,30.4,8580,3
E01002497,Hillingdon 033B,E09000017,Hillingdon,15.0,18915,6,0.1,14609,5,0.1,21839,7,15.8,16780,6,-0.7,26256,8,0.3,12311,4,24.5,11650,4,22.5,13523,5
E01002498,Hillingdon 033C,E09000017,Hillingdon,8.3,26697,9,0.1,25706,8,0.0,27800,9,6.8,25261,8,-0.8,27260,9,0.4,10444,4,15.9,21794,7,19.6,15583,5
E01002499,Hillingdon 033D,E09000017,Hillingdon,12.7,21340,7,0.1,19490,6,0.1,21000,7,9.4,22454,7,-0.5,24021,8,-0.5,24207,8,32.1,5594,2,17.8,16946,6
E01002501,Hillingdon 026B,E09000017,Hillingdon,21.2,13368,5,0.1,12129,4,0.1,12974,4,19.2,14274,5,-0.5,23672,8,0.6,8153,3,30.4,6683,3,21.5,14198,5
E01002502,Hillingdon 026C,E09000017,Hillingdon,29.2,8401,3,0.2,7736,3,0.1,8644,3,33.6,7247,3,0.2,13581,5,0.6,7896,3,31.5,5978,2,18.8,16207,5
E01002503,Hillingdon 027C,E09000017,Hillingdon,31.0,7561,3,0.2,6603,3,0.1,9985,4,21.8,12641,4,0.4,10057,4,1.0,3608,2,30.2,6809,3,29.4,9143,3
E01002504,Hillingdon 027D,E09000017,Hillingdon,25.3,10595,4,0.2,8654,3,0.1,13950,5,23.3,11714,4,0.2,13200,5,0.6,8098,3,32.3,5474,2,21.0,14584,5
E01002505,Hillingdon 026D,E09000017,Hillingdon,36.0,5524,2,0.2,5921,2,0.1,7333,3,21.1,13093,4,0.4,10667,4,1.2,2433,1,39.2,2431,1,33.5,6938,3
E01002506,Hillingdon 027E,E09000017,Hillingdon,33.0,6678,3,0.2,6928,3,0.1,9393,3,23.4,11681,4,0.2,13167,5,1.2,2354,1,39.8,2267,1,26.0,11150,4
E01002507,Hillingdon 027F,E09000017,Hillingdon,21.0,13549,5,0.1,10595,4,0.1,20726,7,13.8,18293,6,-0.7,25338,8,0.9,4541,2,34.9,4147,2,24.3,12253,4
E01002508,Hillingdon 026E,E09000017,Hillingdon,34.6,6038,2,0.2,5341,2,0.1,7334,3,26.9,9888,4,0.1,14667,5,1.3,1780,1,32.6,5330,2,26.8,10693,4
E01002509,Hillingdon 017D,E09000017,Hillingdon,8.2,26850,9,0.0,26970,9,0.0,29852,10,7.0,25063,8,-0.9,28289,9,0.0,16820,6,25.7,10459,4,20.1,15244,5
E01002511,Hillingdon 017E,E09000017,Hillingdon,23.6,11647,4,0.1,11292,4,0.1,11335,4,16.5,16224,5,0.0,16010,5,0.6,7214,3,33.6,4749,2,17.1,17484,6
E01002512,Hillingdon 013C,E09000017,Hillingdon,6.1,29384,9,0.0,26341,9,0.0,29712,10,1.6,31333,10,-1.2,30141,10,0.1,15864,5,20.2,16426,6,14.0,20116,7
E01002513,Hillingdon 013D,E09000017,Hillingdon,12.2,21967,7,0.1,21007,7,0.1,16832,6,5.5,26677,9,-0.4,22683,7,0.1,15420,5,23.1,13085,4,16.0,18393,6
E01002514,Hillingdon 015C,E09000017,Hillingdon,12.3,21785,7,0.1,18220,6,0.1,22840,7,4.9,27377,9,-1.0,28656,9,0.2,13069,4,26.8,9503,3,23.7,12605,4
E01002515,Hillingdon 015D,E09000017,Hillingdon,21.8,12892,4,0.1,12110,4,0.1,13935,5,9.7,22164,7,-0.1,18011,6,0.4,10303,4,37.0,3218,1,26.0,11185,4
E01002516,Hillingdon 013E,E09000017,Hillingdon,7.5,27668,9,0.0,28032,9,0.0,26730,9,2.7,30060,10,-0.8,26795,9,0.0,15955,5,24.5,11584,4,14.4,19783,7
E01002518,Hillingdon 022C,E09000017,Hillingdon,10.2,24260,8,0.1,24179,8,0.0,28955,9,12.0,19906,7,-0.6,24906,8,0.5,8974,3,20.7,15872,5,17.8,16976,6
E01002519,Hillingdon 022D,E09000017,Hillingdon,29.9,8067,3,0.2,9387,3,0.1,9133,3,29.4,8827,3,0.4,10847,4,0.6,7322,3,33.8,4678,2,29.5,9092,3
E01002520,Hillingdon 016B,E09000017,Hillingdon,19.7,14591,5,0.2,9298,3,0.1,13881,5,18.9,14468,5,-0.4,21909,7,-0.8,27201,9,31.9,5723,2,16.5,17987,6
E01002521,Hillingdon 016C,E09000017,Hillingdon,29.2,8385,3,0.2,6378,2,0.1,9476,3,11.3,20653,7,0.9,5385,2,0.3,11329,4,35.4,3884,2,17.1,17480,6
E01002523,Hillingdon 016D,E09000017,Hillingdon,17.1,16868,6,0.1,18687,6,0.1,23198,8,11.4,20532,7,-0.2,19743,7,0.4,9884,4,34.1,4538,2,31.5,7993,3
E01002525,Hillingdon 029B,E09000017,Hillingdon,19.3,15013,5,0.1,17126,6,0.1,22958,7,11.9,20000,7,-0.2,19126,6,1.4,1334,1,19.2,17663,6,34.8,6333,2
E01002526,Hillingdon 028C,E09000017,Hillingdon,28.8,8626,3,0.2,10249,4,0.1,10690,4,38.3,5820,2,0.0,15605,5,0.7,6316,2,36.1,3580,2,21.9,13928,5
E01002527,Hillingdon 031D,E09000017,Hillingdon,27.7,9202,3,0.2,6852,3,0.1,10050,4,22.4,12278,4,0.3,11740,4,0.7,6201,2,26.8,9440,3,20.8,14688,5
E01002528,Hillingdon 028D,E09000017,Hillingdon,35.1,5861,2,0.2,7434,3,0.1,9087,3,43.9,4434,2,0.0,15825,5,1.3,1749,1,38.3,2746,1,24.4,12157,4
E01002529,Hillingdon 029C,E09000017,Hillingdon,20.4,13991,5,0.1,11409,4,0.1,17403,6,15.8,16771,6,-0.2,19147,6,0.9,4481,2,25.9,10265,4,20.3,15060,5
E01002530,Hillingdon 029D,E09000017,Hillingdon,35.3,5774,2,0.2,5872,2,0.1,6655,3,45.3,4110,2,0.6,7545,3,0.7,6187,2,28.4,8122,3,21.4,14283,5
E01002531,Hillingdon 029E,E09000017,Hillingdon,17.5,16512,6,0.1,14438,5,0.1,15640,5,13.3,18820,6,-0.1,16996,6,0.6,7602,3,21.4,15016,5,16.1,18354,6
E01002532,Hillingdon 028E,E09000017,Hillingdon,28.5,8763,3,0.2,8963,3,0.1,14073,5,26.1,10283,4,0.0,16559,6,0.2,13186,5,46.4,824,1,32.8,7287,3
E01002533,Hillingdon 005A,E09000017,Hillingdon,17.1,16920,6,0.1,13954,5,0.1,14319,5,18.6,14682,5,-0.3,20447,7,-0.1,18318,6,27.1,9214,3,11.0,22995,8
E01002534,Hillingdon 005B,E09000017,Hillingdon,9.7,24926,8,0.1,19595,6,0.0,24912,8,6.5,25636,8,-0.6,24438,8,0.1,15844,5,19.5,17272,6,14.5,19622,6
E01002535,Hillingdon 007E,E09000017,Hillingdon,8.3,26634,9,0.1,23190,8,0.0,26887,9,3.6,29068,9,-0.8,27499,9,0.0,16664,6,18.8,18067,6,23.3,12926,4
E01002536,Hillingdon 009D,E09000017,Hillingdon,9.1,25715,8,0.1,22829,7,0.0,25732,8,7.6,24381,8,-0.3,20325,7,-0.8,26802,9,24.7,11435,4,13.2,20902,7
E01002537,Hillingdon 009E,E09000017,Hillingdon,7.1,28136,9,0.1,25663,8,0.0,26702,9,4.8,27530,9,-0.6,25097,8,-0.2,19600,6,20.2,16384,5,12.9,21178,7
E01002538,Hillingdon 005C,E09000017,Hillingdon,12.2,21973,7,0.1,17579,6,0.1,18933,6,10.7,21179,7,-0.3,20433,7,-0.3,21613,7,21.8,14516,5,11.6,22394,7
E01002539,Hillingdon 005D,E09000017,Hillingdon,7.1,28177,9,0.1,24087,8,0.0,25767,8,6.3,25815,8,-0.9,27973,9,-0.2,19980,7,18.4,18601,6,11.8,22175,7
E01002540,Hillingdon 020C,E09000017,Hillingdon,27.8,9149,3,0.2,8252,3,0.1,10063,4,23.5,11605,4,0.1,13888,5,0.9,4621,2,33.4,4901,2,15.2,19037,6
E01002541,Hillingdon 023A,E09000017,Hillingdon,14.8,19169,6,0.1,18127,6,0.1,23581,8,12.1,19823,7,-0.8,26504,9,0.6,8200,3,34.0,4592,2,12.7,21294,7
E01002542,Hillingdon 020D,E09000017,Hillingdon,29.8,8115,3,0.2,6062,2,0.1,9007,3,21.9,12639,4,0.0,16547,6,1.1,3098,1,31.2,6140,2,19.6,15615,5
E01002543,Hillingdon 020E,E09000017,Hillingdon,30.7,7704,3,0.2,6671,3,0.1,9423,3,22.9,12000,4,-0.3,20182,7,1.1,2726,1,36.6,3351,2,25.0,11785,4
E01002544,Hillingdon 023B,E09000017,Hillingdon,14.3,19620,6,0.1,19175,6,0.1,24024,8,9.7,22215,7,-0.4,22617,7,-0.1,17626,6,40.0,2183,1,12.6,21374,7
E01002545,Hillingdon 023C,E09000017,Hillingdon,43.0,3488,2,0.3,2664,1,0.2,4815,2,37.6,6013,2,0.2,13673,5,0.7,6349,2,53.2,101,1,14.5,19638,6
E01002546,Hillingdon 023D,E09000017,Hillingdon,19.6,14713,5,0.1,16167,5,0.1,22239,7,13.5,18615,6,-0.6,24070,8,-0.2,19205,6,47.2,671,1,31.3,8098,3
E01002547,Hillingdon 023E,E09000017,Hillingdon,25.1,10730,4,0.2,7585,3,0.1,14161,5,17.6,15429,5,-0.5,23362,8,0.1,14901,5,45.8,925,1,19.7,15552,5
E01002548,Hillingdon 025A,E09000017,Hillingdon,32.0,7083,3,0.2,5580,2,0.1,9194,3,42.2,4816,2,0.4,10203,4,0.3,12686,4,32.4,5443,2,21.4,14273,5
E01002549,Hillingdon 025B,E09000017,Hillingdon,21.2,13435,5,0.1,13609,5,0.1,13050,4,19.2,14282,5,-0.3,19908,7,0.4,11087,4,34.1,4525,2,20.0,15277,5
E01002550,Hillingdon 022E,E09000017,Hillingdon,29.5,8239,3,0.1,11042,4,0.1,12447,4,26.3,10176,4,0.2,12516,4,0.2,12877,4,52.3,137,1,23.4,12881,4
E01002551,Hillingdon 025C,E09000017,Hillingdon,21.8,12906,4,0.2,10346,4,0.1,14005,5,23.9,11385,4,-0.1,16951,6,0.1,14825,5,30.7,6483,2,17.9,16883,6
E01002552,Hillingdon 025D,E09000017,Hillingdon,29.3,8365,3,0.2,10199,4,0.1,13520,5,38.1,5862,2,-0.2,18678,6,1.8,441,1,26.4,9849,3,20.8,14714,5
E01002553,Hillingdon 025E,E09000017,Hillingdon,36.1,5488,2,0.2,6672,3,0.1,7800,3,41.6,4980,2,0.8,5545,2,0.8,5463,2,37.5,3000,1,17.5,17174,6
E01002554,Hillingdon 022F,E09000017,Hillingdon,27.8,9125,3,0.2,8988,3,0.1,11716,4,13.7,18459,6,-0.2,18977,6,1.6,904,1,31.2,6179,2,26.6,10798,4
E01032577,Hillingdon 033E,E09000017,Hillingdon,10.3,24122,8,0.1,21039,7,0.0,26948,9,13.9,18284,6,-0.8,26494,9,0.0,17087,6,21.0,15561,5,20.4,14949,5
E01033724,Hillingdon 016F,E09000017,Hillingdon,10.1,24368,8,0.1,26158,8,0.0,31571,10,13.3,18805,6,-0.6,24838,8,-0.2,20200,7,30.0,6966,3,23.3,12920,4
E01033725,Hillingdon 015F,E09000017,Hillingdon,21.6,13111,4,0.1,16351,5,0.1,15748,5,12.7,19330,6,0.0,16524,6,0.6,8220,3,40.7,2002,1,24.7,11968,4
E01002555,Hounslow 022A,E09000018,Hounslow,14.6,19332,6,0.1,19182,6,0.1,24843,8,16.4,16250,5,-0.7,25599,8,0.5,9467,3,28.1,8353,3,24.6,12048,4
E01002556,Hounslow 022B,E09000018,Hounslow,17.0,17019,6,0.1,14383,5,0.1,21258,7,15.7,16830,6,-0.2,19649,6,-0.2,19868,7,29.2,7526,3,30.7,8405,3
E01002557,Hounslow 023A,E09000018,Hounslow,25.4,10494,4,0.1,11062,4,0.1,14669,5,29.5,8779,3,-0.3,20088,7,0.4,10900,4,39.1,2443,1,30.5,8512,3
E01002558,Hounslow 023B,E09000018,Hounslow,23.8,11490,4,0.1,10562,4,0.1,12853,4,24.8,10952,4,-0.1,17339,6,0.0,16093,5,32.8,5190,2,30.1,8751,3
E01002559,Hounslow 023C,E09000018,Hounslow,25.8,10334,4,0.1,11211,4,0.1,13907,5,27.1,9762,3,-0.1,17897,6,-0.7,26108,8,48.0,569,1,27.6,10167,4
E01002560,Hounslow 023D,E09000018,Hounslow,28.6,8721,3,0.2,9824,3,0.1,11047,4,32.9,7456,3,0.3,11940,4,1.1,3039,1,29.7,7145,3,18.2,16617,6
E01002561,Hounslow 023E,E09000018,Hounslow,34.7,5999,2,0.2,4213,2,0.1,6956,3,44.7,4249,2,0.1,14745,5,0.0,16656,6,41.1,1896,1,14.2,19958,7
E01002562,Hounslow 003A,E09000018,Hounslow,32.8,6744,3,0.2,7246,3,0.1,9976,4,17.6,15366,5,0.3,12056,4,1.1,2652,1,37.4,3042,1,38.4,4848,2
E01002563,Hounslow 006A,E09000018,Hounslow,15.8,18140,6,0.1,19373,6,0.1,20798,7,3.8,28768,9,-0.7,25348,8,0.2,13487,5,29.5,7294,3,42.8,3453,2
E01002564,Hounslow 003B,E09000018,Hounslow,34.3,6163,2,0.2,4502,2,0.1,7698,3,15.1,17287,6,0.1,14468,5,1.1,2642,1,35.2,4000,2,33.5,6977,3
E01002565,Hounslow 006B,E09000018,Hounslow,18.2,15965,5,0.1,18869,6,0.0,26734,9,4.4,28041,9,-0.4,22508,7,-0.3,20867,7,36.6,3354,2,58.8,790,1
E01002566,Hounslow 003C,E09000018,Hounslow,34.2,6165,2,0.2,5370,2,0.1,9066,3,17.6,15414,5,-0.1,17593,6,0.6,7921,3,37.4,3046,1,56.5,1009,1
E01002567,Hounslow 006C,E09000018,Hounslow,21.3,13287,5,0.1,13889,5,0.1,20834,7,3.8,28711,9,-0.6,24206,8,1.4,1414,1,23.4,12751,4,46.4,2587,1
E01002568,Hounslow 003D,E09000018,Hounslow,31.7,7180,3,0.2,6014,2,0.1,11064,4,15.2,17222,6,0.7,6566,2,0.7,6260,2,39.7,2297,1,25.0,11752,4
E01002569,Hounslow 001A,E09000018,Hounslow,9.2,25541,8,0.1,25565,8,0.0,26751,9,1.2,31807,10,-0.7,25561,8,-0.3,21149,7,25.4,10713,4,30.0,8817,3
E01002570,Hounslow 001B,E09000018,Hounslow,13.4,20610,7,0.1,21527,7,0.0,25889,8,4.9,27434,9,-0.4,22329,7,0.1,14770,5,27.6,8735,3,38.0,4994,2
E01002571,Hounslow 007A,E09000018,Hounslow,5.4,30161,10,0.0,30897,10,0.0,31984,10,1.5,31400,10,-1.2,30177,10,-0.5,23989,8,23.5,12645,4,22.4,13576,5
E01002572,Hounslow 007B,E09000018,Hounslow,30.3,7879,3,0.2,5815,2,0.1,7673,3,17.9,15172,5,0.6,8490,3,0.3,12416,4,35.2,3978,2,19.5,15669,5
E01002573,Hounslow 001C,E09000018,Hounslow,12.1,22030,7,0.1,25977,8,0.0,29029,9,1.3,31675,10,-1.2,30256,10,0.4,11085,4,26.1,10070,4,46.7,2510,1
E01002574,Hounslow 001D,E09000018,Hounslow,10.8,23534,8,0.1,24301,8,0.0,28720,9,2.5,30285,10,-1.0,28712,9,0.4,10702,4,24.4,11726,4,35.0,6253,2
E01002575,Hounslow 001E,E09000018,Hounslow,7.3,27891,9,0.0,27406,9,0.0,30720,10,0.6,32412,10,-1.0,28549,9,-0.2,20232,7,24.0,12110,4,28.1,9913,4
E01002576,Hounslow 008A,E09000018,Hounslow,21.7,12986,4,0.1,11131,4,0.1,11579,4,5.9,26232,8,-0.1,17443,6,0.6,8384,3,24.9,11220,4,33.8,6811,3
E01002577,Hounslow 007C,E09000018,Hounslow,12.3,21840,7,0.1,21278,7,0.1,23849,8,1.0,31978,10,-0.9,28109,9,0.4,9871,4,23.1,13060,4,35.1,6185,2
E01002578,Hounslow 007D,E09000018,Hounslow,10.5,23903,8,0.1,20979,7,0.0,25583,8,0.7,32300,10,-1.1,29614,10,0.5,9650,3,19.3,17528,6,29.5,9076,3
E01002579,Hounslow 008B,E09000018,Hounslow,9.9,24691,8,0.1,25496,8,0.0,25523,8,0.4,32622,10,-0.9,27898,9,0.4,10284,4,24.8,11360,4,24.7,11964,4
E01002580,Hounslow 008C,E09000018,Hounslow,24.6,10987,4,0.1,12281,4,0.1,14565,5,4.4,28045,9,0.5,9065,3,0.6,7256,3,31.8,5764,2,41.6,3775,2
E01002581,Hounslow 008D,E09000018,Hounslow,11.4,22834,7,0.1,21722,7,0.0,25481,8,2.9,29903,10,-0.7,25967,8,0.6,8063,3,25.7,10463,4,21.0,14562,5
E01002582,Hounslow 008E,E09000018,Hounslow,12.1,22012,7,0.1,19095,6,0.1,20935,7,2.1,30762,10,-0.3,21288,7,0.3,12133,4,20.8,15671,5,22.9,13162,5
E01002583,Hounslow 013A,E09000018,Hounslow,23.7,11602,4,0.1,13560,5,0.1,19515,6,8.7,23162,8,-0.3,20740,7,0.8,5076,2,47.0,711,1,31.9,7794,3
E01002584,Hounslow 013B,E09000018,Hounslow,18.8,15419,5,0.1,18263,6,0.1,20716,7,10.3,21560,7,-0.2,18749,6,0.2,13930,5,42.6,1505,1,28.8,9527,3
E01002585,Hounslow 013C,E09000018,Hounslow,28.5,8782,3,0.2,9432,3,0.1,12457,4,21.1,13057,4,-0.3,20645,7,0.2,13255,5,51.1,205,1,29.6,9056,3
E01002586,Hounslow 013D,E09000018,Hounslow,16.6,17327,6,0.1,19215,6,0.1,23579,8,16.0,16622,6,-0.6,24128,8,0.0,15953,5,35.7,3772,2,33.8,6812,3
E01002587,Hounslow 016A,E09000018,Hounslow,24.1,11297,4,0.1,11050,4,0.1,14061,5,11.7,20273,7,-0.1,17886,6,0.4,9774,3,40.7,1984,1,30.9,8294,3
E01002588,Hounslow 016B,E09000018,Hounslow,37.8,4946,2,0.3,3095,1,0.2,4946,2,42.9,4647,2,0.1,13852,5,-0.1,17767,6,41.4,1822,1,16.1,18367,6
E01002589,Hounslow 013E,E09000018,Hounslow,23.2,11917,4,0.2,8537,3,0.1,13195,5,16.6,16093,5,0.0,16596,6,-0.3,21199,7,38.7,2599,1,19.0,16029,5
E01002590,Hounslow 022C,E09000018,Hounslow,18.7,15491,5,0.1,18181,6,0.1,21107,7,25.0,10804,4,-0.2,18459,6,0.4,11017,4,30.5,6580,3,29.7,8965,3
E01002591,Hounslow 024A,E09000018,Hounslow,21.7,12963,4,0.1,12715,4,0.1,14709,5,29.3,8857,3,0.1,14716,5,-0.3,20696,7,31.5,5970,2,23.3,12940,4
E01002592,Hounslow 022D,E09000018,Hounslow,24.4,11100,4,0.2,9936,4,0.1,13327,5,28.0,9409,3,-0.3,20252,7,-0.5,24209,8,42.5,1541,1,22.7,13326,5
E01002593,Hounslow 024B,E09000018,Hounslow,23.8,11534,4,0.1,14416,5,0.1,16864,6,18.4,14870,5,0.6,8069,3,0.7,6178,2,30.7,6470,2,29.9,8893,3
E01002594,Hounslow 024C,E09000018,Hounslow,21.8,12881,4,0.2,10309,4,0.1,13086,4,14.1,18036,6,0.0,15594,5,0.2,12958,4,29.6,7239,3,25.0,11792,4
E01002595,Hounslow 022E,E09000018,Hounslow,27.1,9557,3,0.2,8285,3,0.1,11347,4,28.6,9143,3,0.0,16601,6,0.3,11373,4,34.1,4527,2,28.1,9888,4
E01002596,Hounslow 027A,E09000018,Hounslow,24.2,11229,4,0.1,10593,4,0.1,17683,6,16.6,16089,5,0.3,12053,4,0.0,16982,6,41.8,1699,1,31.0,8233,3
E01002598,Hounslow 025B,E09000018,Hounslow,25.7,10352,4,0.1,12064,4,0.1,15889,5,31.3,8066,3,-0.3,20685,7,0.8,5047,2,34.5,4320,2,34.0,6711,3
E01002599,Hounslow 025C,E09000018,Hounslow,26.6,9854,4,0.2,9176,3,0.1,12274,4,31.2,8098,3,-0.3,21344,7,0.6,7274,3,38.1,2808,1,19.0,16045,5
E01002600,Hounslow 025D,E09000018,Hounslow,27.1,9513,3,0.2,8859,3,0.1,12029,4,36.9,6212,2,-0.2,18634,6,0.5,9688,3,29.3,7433,3,32.6,7437,3
E01002601,Hounslow 027B,E09000018,Hounslow,16.8,17139,6,0.1,15425,5,0.1,23586,8,16.4,16278,5,-0.3,19951,7,0.2,13526,5,36.2,3530,2,16.3,18144,6
E01002602,Hounslow 027C,E09000018,Hounslow,15.6,18387,6,0.1,19408,6,0.1,22103,7,17.5,15498,5,-0.4,22643,7,-0.4,22671,7,35.7,3761,2,25.7,11322,4
E01002603,Hounslow 025E,E09000018,Hounslow,26.6,9819,3,0.2,9288,3,0.1,14648,5,33.2,7366,3,0.4,10356,4,0.3,11773,4,38.0,2841,1,14.1,20002,7
E01002604,Hounslow 026A,E09000018,Hounslow,35.3,5805,2,0.3,3877,2,0.2,6225,2,33.5,7277,3,0.0,16291,5,0.6,8149,3,40.3,2107,1,16.5,17975,6
E01002605,Hounslow 026B,E09000018,Hounslow,31.4,7338,3,0.2,7077,3,0.1,10668,4,26.3,10146,4,0.1,14873,5,0.7,6693,3,37.9,2877,1,37.5,5149,2
E01002606,Hounslow 026C,E09000018,Hounslow,38.2,4811,2,0.3,3754,2,0.1,8462,3,39.1,5603,2,0.7,7109,3,0.1,14992,5,46.3,842,1,24.6,12049,4
E01002607,Hounslow 026D,E09000018,Hounslow,21.1,13493,5,0.2,10229,4,0.1,15067,5,22.7,12126,4,-0.4,21685,7,0.2,13741,5,26.9,9396,3,28.2,9837,3
E01002608,Hounslow 028A,E09000018,Hounslow,30.4,7837,3,0.2,8421,3,0.1,7736,3,30.4,8392,3,0.1,15102,5,1.1,2762,1,30.4,6710,3,18.8,16167,5
E01002609,Hounslow 028B,E09000018,Hounslow,16.0,17978,6,0.1,17965,6,0.1,22754,7,13.1,18970,6,-0.4,21622,7,0.4,10569,4,27.7,8703,3,31.5,7966,3
E01002610,Hounslow 028C,E09000018,Hounslow,26.7,9741,3,0.2,8162,3,0.1,11035,4,30.5,8368,3,0.1,15017,5,0.6,7424,3,30.4,6689,3,16.9,17672,6
E01002611,Hounslow 024D,E09000018,Hounslow,21.0,13547,5,0.1,16849,6,0.1,17876,6,23.0,11875,4,-0.1,17939,6,0.7,6360,2,30.8,6388,2,30.5,8528,3
E01002612,Hounslow 024E,E09000018,Hounslow,26.9,9664,3,0.2,8059,3,0.1,14001,5,21.2,13042,4,-0.1,17788,6,1.0,3365,2,30.3,6728,3,31.0,8261,3
E01002613,Hounslow 024F,E09000018,Hounslow,18.7,15529,5,0.1,13640,5,0.1,16633,6,18.1,15042,5,-0.1,17205,6,-0.2,18912,6,27.3,8962,3,28.4,9738,3
E01002614,Hounslow 027D,E09000018,Hounslow,14.6,19316,6,0.1,18507,6,0.0,25001,8,11.0,20901,7,-0.7,25375,8,-0.5,23871,8,41.3,1830,1,21.1,14473,5
E01002615,Hounslow 026E,E09000018,Hounslow,36.0,5539,2,0.2,5324,2,0.1,7011,3,30.6,8312,3,0.3,11063,4,0.4,10233,4,48.9,461,1,19.3,15822,5
E01002616,Hounslow 027E,E09000018,Hounslow,17.2,16858,6,0.1,16016,5,0.1,19278,6,23.8,11425,4,0.0,16383,5,-0.1,17469,6,24.0,12197,4,24.4,12189,4
E01002617,Hounslow 028D,E09000018,Hounslow,13.1,20968,7,0.1,23305,8,0.0,25935,8,12.1,19867,7,-0.7,26206,8,-0.3,21070,7,38.8,2543,1,21.9,13901,5
E01002618,Hounslow 011A,E09000018,Hounslow,16.0,17916,6,0.1,16159,5,0.1,18659,6,8.1,23883,8,-0.6,24929,8,0.3,11560,4,28.0,8449,3,29.9,8891,3
E01002619,Hounslow 010A,E09000018,Hounslow,18.8,15394,5,0.1,12921,4,0.1,21012,7,11.6,20294,7,-0.5,23714,8,0.5,9060,3,35.3,3919,2,26.6,10803,4
E01002620,Hounslow 004A,E09000018,Hounslow,25.9,10260,4,0.2,8854,3,0.1,12843,4,14.6,17689,6,-0.3,20402,7,0.7,5975,2,37.5,3031,1,30.6,8460,3
E01002621,Hounslow 011B,E09000018,Hounslow,20.1,14294,5,0.1,13258,5,0.1,15756,5,12.0,19948,7,-0.2,19520,6,0.1,14739,5,34.6,4291,2,30.2,8685,3
E01002622,Hounslow 010B,E09000018,Hounslow,22.9,12136,4,0.1,13317,5,0.1,18148,6,8.3,23652,8,-0.1,17402,6,1.0,3875,2,41.0,1913,1,26.5,10902,4
E01002623,Hounslow 011C,E09000018,Hounslow,28.2,8903,3,0.2,8997,3,0.1,10239,4,11.5,20379,7,0.4,9754,3,0.5,8734,3,41.4,1800,1,25.1,11702,4
E01002624,Hounslow 017A,E09000018,Hounslow,21.7,13021,4,0.1,17044,6,0.1,19275,6,8.7,23189,8,-0.3,21365,7,0.5,8572,3,43.2,1375,1,40.2,4203,2
E01002625,Hounslow 004B,E09000018,Hounslow,16.4,17517,6,0.1,16048,5,0.1,17312,6,11.0,20871,7,-0.7,26435,9,0.0,16068,5,30.6,6522,2,29.3,9215,3
E01002626,Hounslow 004C,E09000018,Hounslow,18.6,15569,5,0.1,16582,6,0.1,18374,6,10.5,21396,7,-0.3,21137,7,0.9,3954,2,28.8,7832,3,25.6,11408,4
E01002627,Hounslow 004D,E09000018,Hounslow,29.0,8506,3,0.2,5952,2,0.1,7825,3,19.2,14234,5,0.3,11555,4,-0.5,23724,8,40.4,2094,1,16.8,17749,6
E01002628,Hounslow 011D,E09000018,Hounslow,17.2,16819,6,0.1,13624,5,0.1,21695,7,7.7,24223,8,-0.5,23355,8,0.4,9804,3,31.6,5878,2,28.6,9592,3
E01002629,Hounslow 011E,E09000018,Hounslow,23.1,11979,4,0.1,10606,4,0.1,15992,5,8.4,23549,8,0.0,16543,6,0.4,9967,4,38.4,2709,1,32.6,7385,3
E01002630,Hounslow 012A,E09000018,Hounslow,17.1,16936,6,0.1,18086,6,0.1,23087,8,6.1,26084,8,-1.0,28491,9,0.5,9577,3,39.1,2467,1,34.0,6692,3
E01002631,Hounslow 004E,E09000018,Hounslow,23.7,11568,4,0.2,8206,3,0.1,13978,5,11.3,20575,7,-0.3,20549,7,0.3,11611,4,37.7,2949,1,27.8,10049,4
E01002632,Hounslow 010C,E09000018,Hounslow,19.4,14926,5,0.1,15969,5,0.1,18021,6,8.6,23327,8,-0.5,23821,8,1.0,3790,2,30.4,6698,3,31.4,8024,3
E01002633,Hounslow 005A,E09000018,Hounslow,38.3,4802,2,0.3,3598,2,0.2,5775,2,29.3,8875,3,0.5,8977,3,0.1,15771,5,46.8,756,1,24.5,12110,4
E01002634,Hounslow 005B,E09000018,Hounslow,32.8,6742,3,0.2,5499,2,0.2,6546,2,27.3,9703,3,-0.1,17761,6,0.6,7905,3,41.5,1763,1,18.7,16295,5
E01002635,Hounslow 010D,E09000018,Hounslow,20.4,14005,5,0.1,14133,5,0.1,19369,6,10.2,21653,7,-0.7,25806,8,1.1,3007,1,32.6,5335,2,30.7,8428,3
E01002636,Hounslow 010E,E09000018,Hounslow,16.6,17423,6,0.1,15675,5,0.1,20976,7,11.0,20905,7,-0.6,24201,8,0.1,14486,5,35.1,4036,2,25.4,11537,4
E01002637,Hounslow 005C,E09000018,Hounslow,31.4,7357,3,0.2,6993,3,0.1,11135,4,21.3,12991,4,-0.2,18531,6,0.5,9361,3,48.3,543,1,34.8,6319,2
E01002638,Hounslow 005D,E09000018,Hounslow,30.8,7635,3,0.2,5555,2,0.1,10716,4,21.9,12590,4,-0.2,18807,6,1.0,3155,1,39.5,2338,1,19.9,15358,5
E01002639,Hounslow 012B,E09000018,Hounslow,14.8,19136,6,0.1,21109,7,0.1,22366,7,4.4,28064,9,-0.4,22198,7,0.5,8585,3,33.5,4800,2,25.0,11747,4
E01002640,Hounslow 012C,E09000018,Hounslow,18.6,15615,5,0.1,21439,7,0.0,29420,9,5.9,26248,8,-0.4,21609,7,1.4,1502,1,39.0,2474,1,28.6,9610,3
E01002641,Hounslow 018A,E09000018,Hounslow,26.1,10104,4,0.1,11917,4,0.1,18153,6,9.9,21881,7,-0.3,20992,7,1.4,1323,1,40.2,2137,1,36.1,5763,2
E01002642,Hounslow 015A,E09000018,Hounslow,21.2,13415,5,0.1,15624,5,0.1,21220,7,5.9,26304,9,-0.6,25173,8,0.7,6963,3,41.7,1737,1,43.1,3386,2
E01002643,Hounslow 015B,E09000018,Hounslow,22.9,12090,4,0.1,11519,4,0.1,14999,5,9.3,22550,7,0.1,15158,5,0.4,10854,4,34.8,4149,2,36.2,5719,2
E01002645,Hounslow 015C,E09000018,Hounslow,25.4,10526,4,0.1,11959,4,0.1,19639,6,12.1,19871,7,-0.1,18250,6,1.2,2247,1,37.0,3200,1,40.0,4267,2
E01002646,Hounslow 017B,E09000018,Hounslow,29.9,8074,3,0.2,6025,2,0.1,9932,4,14.0,18185,6,0.3,12251,4,0.2,13622,5,41.4,1797,1,31.5,8018,3
E01002647,Hounslow 021A,E09000018,Hounslow,23.9,11448,4,0.1,11966,4,0.1,14403,5,11.0,20948,7,0.1,14353,5,0.4,9980,4,43.1,1417,1,23.9,12514,4
E01002648,Hounslow 018C,E09000018,Hounslow,20.1,14256,5,0.1,15908,5,0.1,21704,7,9.4,22447,7,-0.2,18627,6,0.9,4707,2,38.8,2559,1,26.0,11145,4
E01002649,Hounslow 018D,E09000018,Hounslow,26.6,9818,3,0.2,10006,4,0.1,13248,5,6.0,26158,8,0.2,13498,5,0.7,6774,3,39.9,2213,1,38.3,4872,2
E01002650,Hounslow 021B,E09000018,Hounslow,23.8,11539,4,0.2,10398,4,0.1,16040,5,8.8,23066,8,-0.5,23289,8,0.3,11627,4,48.9,467,1,26.1,11099,4
E01002651,Hounslow 021C,E09000018,Hounslow,19.2,15066,5,0.1,11792,4,0.1,19227,6,6.1,26109,8,-0.2,18619,6,0.4,10082,4,34.7,4217,2,25.6,11428,4
E01002652,Hounslow 021D,E09000018,Hounslow,18.4,15782,5,0.1,13048,4,0.1,18664,6,8.9,23005,8,-0.6,24826,8,0.6,8161,3,31.5,5945,2,27.9,10032,4
E01002653,Hounslow 019A,E09000018,Hounslow,14.7,19227,6,0.1,18985,6,0.1,18865,6,8.4,23536,8,-0.4,22065,7,-0.2,19608,6,29.4,7373,3,29.5,9112,3
E01002654,Hounslow 019B,E09000018,Hounslow,14.7,19284,6,0.1,21065,7,0.1,19307,6,6.0,26129,8,-0.6,25195,8,0.1,14606,5,32.0,5658,2,30.8,8365,3
E01002655,Hounslow 019C,E09000018,Hounslow,12.7,21413,7,0.1,23622,8,0.1,21943,7,6.2,25938,8,-0.7,25944,8,0.2,12820,4,25.6,10520,4,33.0,7215,3
E01002656,Hounslow 019D,E09000018,Hounslow,15.0,18955,6,0.1,20592,7,0.1,19735,7,8.6,23340,8,-0.2,18809,6,-0.4,22780,7,34.6,4295,2,26.4,10935,4
E01002657,Hounslow 018E,E09000018,Hounslow,8.7,26151,8,0.1,25408,8,0.0,30021,10,4.7,27615,9,-0.8,26661,9,0.0,17378,6,25.4,10789,4,24.8,11926,4
E01002658,Hounslow 015D,E09000018,Hounslow,10.0,24569,8,0.0,27868,9,0.0,30583,10,3.6,29033,9,-0.4,22019,7,0.3,12728,4,31.6,5905,2,20.3,15075,5
E01002659,Hounslow 019E,E09000018,Hounslow,14.7,19183,6,0.1,18613,6,0.1,22051,7,10.8,21091,7,-0.6,24394,8,-0.4,22686,7,36.9,3235,1,24.3,12235,4
E01002660,Hounslow 016C,E09000018,Hounslow,18.8,15408,5,0.1,12819,4,0.1,19998,7,9.8,22067,7,-0.6,24856,8,0.5,9546,3,34.8,4151,2,29.1,9322,3
E01002661,Hounslow 016D,E09000018,Hounslow,16.5,17440,6,0.1,17043,6,0.1,21853,7,10.9,20983,7,-0.5,23980,8,0.3,11457,4,34.4,4390,2,27.7,10137,4
E01002662,Hounslow 017C,E09000018,Hounslow,17.2,16786,6,0.1,24070,8,0.0,28784,9,5.8,26421,9,-0.5,23833,8,0.7,7071,3,40.0,2197,1,43.7,3248,1
E01002663,Hounslow 017D,E09000018,Hounslow,22.0,12810,4,0.1,10864,4,0.1,18855,6,11.3,20588,7,0.1,14386,5,0.3,11553,4,40.3,2116,1,23.0,13140,5
E01002664,Hounslow 017E,E09000018,Hounslow,28.3,8869,3,0.2,8483,3,0.1,10213,4,5.6,26663,9,-0.2,18618,6,1.0,3713,2,38.6,2614,1,36.5,5580,2
E01002665,Hounslow 016E,E09000018,Hounslow,23.2,11944,4,0.2,9328,3,0.1,14160,5,13.0,19017,6,0.1,14232,5,0.1,15291,5,35.4,3885,2,27.0,10551,4
E01002666,Hounslow 021E,E09000018,Hounslow,17.8,16317,5,0.1,13955,5,0.1,17009,6,10.6,21229,7,-0.3,20686,7,0.0,17334,6,32.1,5592,2,27.0,10577,4
E01002667,Hounslow 020A,E09000018,Hounslow,21.0,13586,5,0.1,11004,4,0.1,13123,4,8.1,23851,8,-0.1,16842,6,0.6,7833,3,28.1,8373,3,23.1,13027,4
E01002668,Hounslow 014A,E09000018,Hounslow,15.5,18494,6,0.1,17686,6,0.1,18329,6,12.0,19968,7,-0.3,20681,7,0.2,13600,5,28.8,7769,3,19.6,15566,5
E01002669,Hounslow 014B,E09000018,Hounslow,38.7,4666,2,0.2,4267,2,0.1,6930,3,25.2,10715,4,0.5,9307,3,0.1,14591,5,50.0,318,1,37.0,5403,2
E01002670,Hounslow 020B,E09000018,Hounslow,15.8,18118,6,0.1,19083,6,0.1,22001,7,6.8,25255,8,-0.6,24345,8,0.4,10974,4,34.3,4441,2,31.2,8158,3
E01002671,Hounslow 020C,E09000018,Hounslow,17.7,16369,5,0.1,16787,6,0.1,16016,5,8.7,23188,8,-0.4,21573,7,0.3,12137,4,25.5,10640,4,38.1,4954,2
E01002672,Hounslow 020D,E09000018,Hounslow,26.7,9767,3,0.2,7204,3,0.1,12219,4,12.4,19604,6,0.1,13758,5,0.3,12409,4,41.1,1901,1,24.8,11919,4
E01002673,Hounslow 020E,E09000018,Hounslow,49.2,2294,1,0.3,1421,1,0.2,2734,1,34.9,6787,3,0.9,4688,2,0.5,8717,3,48.3,532,1,15.6,18753,6
E01002674,Hounslow 012D,E09000018,Hounslow,14.6,19371,6,0.1,18586,6,0.0,25658,8,1.9,30996,10,-1.0,28673,9,0.1,14672,5,39.1,2463,1,31.3,8107,3
E01002675,Hounslow 009A,E09000018,Hounslow,13.8,20123,7,0.1,18569,6,0.0,26232,8,1.7,31201,10,-0.8,27005,9,0.4,10972,4,38.2,2761,1,21.1,14475,5
E01002676,Hounslow 012E,E09000018,Hounslow,15.7,18291,6,0.1,23727,8,0.0,25548,8,1.2,31743,10,-1.0,28802,9,0.9,4005,2,39.8,2268,1,28.2,9814,3
E01002677,Hounslow 015E,E09000018,Hounslow,19.6,14763,5,0.1,14879,5,0.1,16355,5,5.1,27204,9,-0.2,19083,6,0.7,6382,2,29.7,7200,3,33.5,6975,3
E01002678,Hounslow 009B,E09000018,Hounslow,11.4,22847,7,0.1,24323,8,0.0,29774,10,1.4,31524,10,-1.3,30655,10,-0.4,22661,7,42.2,1612,1,26.3,10973,4
E01002679,Hounslow 009C,E09000018,Hounslow,13.4,20674,7,0.1,22842,7,0.0,27993,9,3.6,28987,9,-0.6,24332,8,-0.4,22367,7,41.3,1838,1,30.7,8397,3
E01002680,Hounslow 009D,E09000018,Hounslow,16.2,17764,6,0.1,20467,7,0.1,23509,8,2.6,30262,10,-0.6,24080,8,0.7,6233,2,33.2,4997,2,35.8,5888,2
E01002681,Hounslow 014C,E09000018,Hounslow,26.4,9916,4,0.2,9810,3,0.1,9565,3,12.1,19818,7,-0.1,18200,6,1.1,3026,1,33.6,4763,2,23.3,12929,4
E01002682,Hounslow 014D,E09000018,Hounslow,18.2,15987,5,0.1,16658,6,0.1,21055,7,9.5,22418,7,-0.3,20565,7,0.6,7429,3,31.9,5693,2,33.1,7176,3
E01002683,Hounslow 014E,E09000018,Hounslow,12.1,22060,7,0.1,22596,7,0.0,27720,9,3.5,29095,9,-0.7,26009,8,0.1,15311,5,26.5,9709,3,39.3,4493,2
E01002684,Hounslow 006D,E09000018,Hounslow,24.2,11286,4,0.2,9820,3,0.1,15005,5,11.8,20183,7,0.0,16199,5,0.3,11800,4,28.2,8289,3,48.4,2185,1
E01002686,Hounslow 006E,E09000018,Hounslow,37.8,4940,2,0.2,6076,2,0.1,6841,3,28.2,9313,3,0.6,8161,3,0.9,4182,2,47.4,640,1,22.7,13319,5
E01002687,Hounslow 029A,E09000018,Hounslow,11.4,22842,7,0.1,20399,7,0.0,27980,9,1.0,32017,10,-1.0,28615,9,0.5,9643,3,26.6,9613,3,28.5,9654,3
E01002689,Hounslow 007E,E09000018,Hounslow,19.3,15036,5,0.1,12168,4,0.1,11906,4,11.0,20899,7,-0.3,20725,7,0.0,16456,6,23.1,13088,4,31.5,8010,3
E01002690,Hounslow 007F,E09000018,Hounslow,10.3,24196,8,0.1,25009,8,0.0,25510,8,0.5,32558,10,-0.9,27945,9,-0.1,18380,6,26.3,9892,4,34.2,6589,3
E01002691,Hounslow 029B,E09000018,Hounslow,10.7,23626,8,0.1,22983,7,0.0,24972,8,2.8,30008,10,-1.1,29325,9,-0.9,28054,9,33.9,4597,2,28.2,9841,3
E01002692,Hounslow 029C,E09000018,Hounslow,16.1,17842,6,0.1,16096,5,0.1,20186,7,5.5,26761,9,-1.0,28761,9,0.0,16367,5,32.1,5580,2,37.8,5071,2
E01002693,Hounslow 029D,E09000018,Hounslow,15.5,18443,6,0.1,15693,5,0.1,23263,8,1.9,31039,10,-0.3,20745,7,0.6,7408,3,24.9,11179,4,32.5,7480,3
E01032573,Hounslow 029E,E09000018,Hounslow,11.5,22713,7,0.1,22935,7,0.0,28332,9,3.9,28602,9,-1.0,28448,9,0.3,11892,4,24.2,11917,4,37.7,5098,2
E01033000,Hounslow 025F,E09000018,Hounslow,36.1,5512,2,0.2,4539,2,0.2,6242,2,32.5,7633,3,0.4,9725,3,0.4,10453,4,40.6,2014,1,22.2,13720,5
E01033030,Hounslow 025G,E09000018,Hounslow,18.4,15806,5,0.1,20100,7,0.0,25045,8,10.9,21027,7,0.0,15507,5,-0.1,18287,6,33.6,4754,2,49.8,1952,1
E01033081,Hounslow 003F,E09000018,Hounslow,24.3,11177,4,0.2,8965,3,0.1,12310,4,11.0,20910,7,0.2,12381,4,0.7,6228,2,31.7,5817,2,18.3,16590,6
E01033082,Hounslow 003G,E09000018,Hounslow,25.3,10592,4,0.2,9912,4,0.1,12465,4,11.0,20886,7,0.0,15374,5,0.8,5762,2,37.7,2937,1,24.9,11838,4
E01033083,Hounslow 018F,E09000018,Hounslow,19.7,14649,5,0.1,24919,8,0.0,30736,10,2.6,30245,10,-0.5,23803,8,0.9,4699,2,42.4,1559,1,56.1,1050,1
E01033084,Hounslow 018G,E09000018,Hounslow,26.4,9962,4,0.1,13881,5,0.1,16100,5,11.1,20779,7,-0.6,25146,8,1.3,1800,1,46.9,727,1,33.3,7066,3
E01002694,Islington 019A,E09000019,Islington,43.0,3487,2,0.3,1550,1,0.2,4257,2,24.2,11214,4,1.0,4031,2,0.6,7575,3,26.5,9687,3,32.7,7326,3
E01002695,Islington 021A,E09000019,Islington,22.4,12467,4,0.1,13499,5,0.1,17085,6,7.5,24504,8,0.5,8605,3,0.6,7537,3,30.1,6874,3,34.1,6618,3
E01002696,Islington 020A,E09000019,Islington,20.2,14178,5,0.1,15698,5,0.1,20703,7,10.8,21083,7,0.0,15932,5,0.6,7710,3,24.7,11456,4,47.6,2336,1
E01002697,Islington 019B,E09000019,Islington,31.8,7142,3,0.2,5772,2,0.1,9446,3,20.9,13198,5,0.8,5616,2,0.7,7035,3,26.6,9626,3,32.2,7595,3
E01002698,Islington 017A,E09000019,Islington,17.5,16593,6,0.1,13876,5,0.1,15629,5,7.2,24817,8,-0.1,17351,6,-0.4,22745,7,28.2,8251,3,30.9,8291,3
E01002699,Islington 017B,E09000019,Islington,19.7,14586,5,0.1,11637,4,0.1,14119,5,11.9,20041,7,0.1,14557,5,-0.3,20470,7,23.8,12366,4,33.3,7073,3
E01002700,Islington 017C,E09000019,Islington,13.4,20562,7,0.1,21424,7,0.1,22809,7,1.4,31576,10,-0.8,27008,9,0.5,8764,3,21.5,14922,5,40.7,4053,2
E01002701,Islington 023A,E09000019,Islington,27.8,9154,3,0.2,7626,3,0.1,11373,4,17.6,15425,5,0.4,10382,4,0.1,15407,5,28.4,8090,3,44.1,3115,1
E01002702,Islington 023B,E09000019,Islington,29.5,8242,3,0.2,6072,2,0.1,9189,3,16.3,16352,5,0.3,11327,4,0.6,7972,3,27.7,8714,3,36.1,5754,2
E01002703,Islington 023C,E09000019,Islington,27.3,9396,3,0.2,5486,2,0.1,10861,4,16.2,16449,6,-0.3,20200,7,0.4,10312,4,30.9,6338,2,34.6,6427,2
E01002704,Islington 023D,E09000019,Islington,22.3,12549,4,0.2,9587,3,0.1,11527,4,8.8,23115,8,0.1,14761,5,-0.6,25293,8,31.3,6095,2,33.5,6931,3
E01002706,Islington 023E,E09000019,Islington,24.9,10815,4,0.2,8283,3,0.1,13549,5,9.0,22884,7,-0.1,17173,6,0.4,9904,4,29.5,7329,3,44.1,3112,1
E01002707,Islington 022B,E09000019,Islington,25.7,10377,4,0.2,10281,4,0.1,15621,5,14.1,18080,6,0.2,13701,5,0.3,11328,4,32.1,5585,2,50.0,1909,1
E01002708,Islington 015A,E09000019,Islington,30.0,8035,3,0.2,7833,3,0.1,11962,4,19.6,14009,5,0.4,10441,4,0.7,7024,3,38.3,2743,1,34.3,6536,2
E01002709,Islington 019C,E09000019,Islington,35.2,5835,2,0.3,3274,1,0.1,7662,3,21.0,13112,4,0.7,6786,3,0.6,8255,3,28.3,8186,3,33.3,7072,3
E01002710,Islington 019D,E09000019,Islington,31.0,7574,3,0.2,6208,2,0.1,6867,3,18.0,15143,5,0.6,7448,3,0.3,12220,4,29.0,7646,3,30.7,8417,3
E01002711,Islington 021B,E09000019,Islington,21.8,12915,4,0.1,12596,4,0.1,14988,5,4.0,28538,9,0.2,12997,4,-0.2,19340,6,35.8,3739,2,39.8,4328,2
E01002712,Islington 015B,E09000019,Islington,27.0,9562,3,0.2,10030,4,0.1,14285,5,27.5,9617,3,0.6,7959,3,0.6,8060,3,29.2,7489,3,30.8,8371,3
E01002713,Islington 015C,E09000019,Islington,44.5,3166,1,0.3,2369,1,0.2,3237,1,29.0,8962,3,1.1,3820,2,1.0,3342,2,28.1,8366,3,27.5,10259,4
E01002714,Islington 017D,E09000019,Islington,14.0,19913,7,0.1,19837,7,0.1,23754,8,5.8,26334,9,-0.5,23872,8,0.3,12539,4,25.4,10753,4,37.5,5154,2
E01002715,Islington 019E,E09000019,Islington,38.5,4721,2,0.3,3497,2,0.2,4673,2,30.0,8546,3,0.9,4779,2,0.5,8497,3,27.8,8636,3,26.6,10822,4
E01002716,Islington 014A,E09000019,Islington,34.6,6033,2,0.3,3659,2,0.1,6835,3,13.9,18216,6,0.9,5227,2,0.5,8976,3,29.1,7585,3,30.6,8472,3
E01002717,Islington 016A,E09000019,Islington,22.4,12461,4,0.2,9938,4,0.1,14599,5,10.8,21096,7,-0.1,17147,6,0.8,5005,2,24.8,11358,4,30.6,8458,3
E01002718,Islington 014B,E09000019,Islington,19.4,14929,5,0.1,16977,6,0.1,20116,7,10.2,21662,7,-0.2,19508,6,0.8,5233,2,23.6,12494,4,44.6,2996,1
E01002719,Islington 016B,E09000019,Islington,16.7,17270,6,0.1,16349,5,0.1,18249,6,11.1,20844,7,-0.5,23474,8,0.7,6121,2,21.9,14447,5,28.6,9603,3
E01002720,Islington 016C,E09000019,Islington,40.0,4250,2,0.3,1878,1,0.2,4285,2,25.6,10507,4,0.7,6652,3,0.5,9753,3,28.8,7850,3,26.8,10661,4
E01002721,Islington 014C,E09000019,Islington,28.2,8938,3,0.2,9314,3,0.1,9981,4,20.9,13192,5,0.4,10957,4,0.8,5113,2,25.6,10609,4,35.4,6045,2
E01002722,Islington 018A,E09000019,Islington,36.8,5269,2,0.2,4390,2,0.2,5018,2,18.0,15166,5,0.6,7620,3,0.9,4618,2,28.9,7717,3,36.3,5664,2
E01002723,Islington 022C,E09000019,Islington,28.5,8750,3,0.2,6825,3,0.1,10186,4,13.8,18316,6,0.5,9081,3,0.4,10948,4,31.2,6131,2,34.0,6676,3
E01002724,Islington 022D,E09000019,Islington,14.6,19372,6,0.1,22473,7,0.0,29807,10,5.9,26231,8,-0.2,19157,6,-0.5,23163,8,27.7,8690,3,53.9,1315,1
E01002725,Islington 022E,E09000019,Islington,29.1,8458,3,0.2,6054,2,0.1,10739,4,15.5,16952,6,0.4,9878,4,0.4,10033,4,29.5,7276,3,36.9,5440,2
E01002726,Islington 022F,E09000019,Islington,24.5,11070,4,0.2,8612,3,0.1,11137,4,7.8,24100,8,0.3,11288,4,0.2,13721,5,27.8,8598,3,35.2,6126,2
E01002727,Islington 021C,E09000019,Islington,26.1,10165,4,0.2,10008,4,0.1,11367,4,11.9,20031,7,0.1,14464,5,0.5,9224,3,28.4,8153,3,46.4,2590,1
E01002728,Islington 021D,E09000019,Islington,27.2,9446,3,0.2,10495,4,0.1,13414,5,9.7,22208,7,0.7,7165,3,1.1,2721,1,27.0,9263,3,35.2,6144,2
E01002729,Islington 021E,E09000019,Islington,31.0,7539,3,0.2,7605,3,0.2,5774,2,7.4,24542,8,-0.1,17253,6,0.7,6469,2,24.1,12017,4,56.1,1051,1
E01002730,Islington 007A,E09000019,Islington,30.4,7841,3,0.2,8967,3,0.1,13537,5,9.5,22409,7,0.5,8755,3,1.6,906,1,30.3,6770,3,39.1,4589,2
E01002731,Islington 007B,E09000019,Islington,24.5,11066,4,0.1,13149,5,0.1,19620,6,10.2,21595,7,-0.1,18071,6,1.2,2432,1,32.0,5633,2,47.1,2440,1
E01002732,Islington 005A,E09000019,Islington,47.1,2650,1,0.3,2481,1,0.2,2255,1,23.4,11648,4,1.0,4549,2,1.4,1448,1,31.4,6026,2,29.8,8915,3
E01002733,Islington 007C,E09000019,Islington,18.5,15654,5,0.1,13320,5,0.1,19618,6,1.2,31753,10,-0.2,19253,6,1.0,3656,2,23.2,13018,4,33.2,7103,3
E01002734,Islington 005B,E09000019,Islington,40.5,4096,2,0.3,3421,2,0.1,6687,3,22.0,12560,4,0.5,9259,3,1.6,836,1,33.9,4603,2,36.2,5709,2
E01002735,Islington 003A,E09000019,Islington,33.5,6465,2,0.2,4772,2,0.1,6851,3,6.5,25652,8,0.3,11287,4,1.1,3093,1,30.6,6530,2,38.1,4959,2
E01002736,Islington 005C,E09000019,Islington,45.0,3060,1,0.3,1296,1,0.2,2332,1,30.3,8456,3,0.6,8378,3,0.9,4529,2,27.1,9217,3,22.5,13502,5
E01002737,Islington 005D,E09000019,Islington,35.8,5609,2,0.3,3300,2,0.2,4919,2,25.8,10405,4,0.6,7798,3,0.4,9954,4,27.2,9094,3,23.9,12474,4
E01002738,Islington 009A,E09000019,Islington,24.7,10960,4,0.2,9270,3,0.1,10484,4,12.3,19673,6,-0.2,19627,6,0.8,5827,2,26.2,9941,4,34.2,6591,3
E01002739,Islington 013A,E09000019,Islington,17.4,16660,6,0.1,14466,5,0.1,18367,6,1.7,31224,10,-0.4,22657,7,0.5,9659,3,23.8,12354,4,41.2,3875,2
E01002740,Islington 013B,E09000019,Islington,16.1,17843,6,0.1,20368,7,0.1,24155,8,4.7,27607,9,-0.8,26558,9,1.0,3769,2,22.6,13591,5,43.2,3361,2
E01002741,Islington 009B,E09000019,Islington,34.8,5946,2,0.3,3467,2,0.2,4941,2,21.1,13079,4,0.4,10267,4,0.6,7976,3,28.9,7758,3,24.1,12371,4
E01002742,Islington 006A,E09000019,Islington,15.8,18132,6,0.1,17409,6,0.1,23379,8,1.5,31466,10,-0.2,18949,6,0.7,6361,2,20.6,15993,5,39.5,4413,2
E01002743,Islington 009C,E09000019,Islington,19.1,15181,5,0.1,12667,4,0.1,18447,6,8.1,23792,8,0.0,15498,5,0.4,11047,4,25.9,10244,4,34.1,6623,3
E01002744,Islington 009D,E09000019,Islington,17.9,16228,5,0.1,14540,5,0.1,14547,5,6.9,25176,8,0.2,13266,5,0.2,13672,5,22.9,13307,5,26.6,10788,4
E01002745,Islington 013C,E09000019,Islington,15.8,18128,6,0.1,14868,5,0.1,16469,6,5.1,27183,9,-0.5,23495,8,0.5,9708,3,22.1,14229,5,27.1,10506,4
E01002747,Islington 006B,E09000019,Islington,13.3,20714,7,0.1,17761,6,0.1,18657,6,2.1,30795,10,-0.1,16833,6,-0.9,28032,9,23.4,12745,4,30.2,8673,3
E01002748,Islington 006C,E09000019,Islington,39.9,4293,2,0.2,4219,2,0.2,4459,2,8.6,23295,8,0.6,7534,3,1.6,689,1,30.7,6473,2,36.6,5544,2
E01002749,Islington 006D,E09000019,Islington,22.8,12160,4,0.2,9318,3,0.1,13924,5,13.4,18648,6,-0.1,17019,6,0.5,8858,3,24.0,12193,4,36.1,5784,2
E01002751,Islington 005E,E09000019,Islington,38.0,4870,2,0.3,3496,2,0.2,5731,2,15.1,17297,6,0.4,10387,4,0.6,7283,3,31.1,6241,2,53.3,1403,1
E01002752,Islington 009E,E09000019,Islington,22.4,12440,4,0.2,8376,3,0.1,10958,4,8.9,23012,8,-0.1,17498,6,0.4,10110,4,23.9,12246,4,27.8,10076,4
E01002753,Islington 002A,E09000019,Islington,29.4,8283,3,0.2,6937,3,0.1,8946,3,24.7,10976,4,0.4,10699,4,0.6,8046,3,30.8,6433,2,24.2,12291,4
E01002754,Islington 002B,E09000019,Islington,16.4,17536,6,0.1,15359,5,0.1,19990,7,2.3,30580,10,0.0,15759,5,0.7,6004,2,24.4,11683,4,22.9,13179,5
E01002755,Islington 001A,E09000019,Islington,39.9,4303,2,0.3,3162,1,0.2,2512,1,16.7,16023,5,0.7,6477,2,0.9,4480,2,27.7,8661,3,22.4,13543,5
E01002756,Islington 001B,E09000019,Islington,27.8,9162,3,0.2,7976,3,0.1,7819,3,4.7,27645,9,0.2,13301,5,1.0,3717,2,23.1,13129,4,37.4,5237,2
E01002757,Islington 002C,E09000019,Islington,24.1,11321,4,0.2,7111,3,0.1,9849,3,14.2,17978,6,0.0,15937,5,0.3,12448,4,24.1,12074,4,25.3,11607,4
E01002758,Islington 001C,E09000019,Islington,44.1,3231,1,0.3,1810,1,0.2,2329,1,18.6,14718,5,1.1,3793,2,0.7,7051,3,28.6,7963,3,26.3,10974,4
E01002759,Islington 002D,E09000019,Islington,20.6,13811,5,0.2,9371,3,0.1,14582,5,5.3,26926,9,0.5,9336,3,0.2,13996,5,22.3,13988,5,25.6,11418,4
E01002760,Islington 002E,E09000019,Islington,38.8,4631,2,0.3,2019,1,0.2,3747,2,25.8,10399,4,0.6,8351,3,0.5,9747,3,25.9,10231,4,23.6,12685,4
E01002762,Islington 011C,E09000019,Islington,20.7,13764,5,0.1,15130,5,0.1,15886,5,4.4,28066,9,0.1,13875,5,0.6,7632,3,31.0,6270,2,35.6,5955,2
E01002763,Islington 007D,E09000019,Islington,33.1,6622,3,0.2,9021,3,0.1,9470,3,10.5,21390,7,1.1,3666,2,1.2,2001,1,31.0,6259,2,35.3,6107,2
E01002764,Islington 010A,E09000019,Islington,30.9,7581,3,0.2,5914,2,0.1,9482,3,15.6,16860,6,0.1,14402,5,0.9,4144,2,29.0,7631,3,40.6,4066,2
E01002765,Islington 015D,E09000019,Islington,28.2,8909,3,0.2,6861,3,0.1,11122,4,19.8,13904,5,0.6,8084,3,0.2,13423,5,32.3,5486,2,28.0,9971,4
E01002766,Islington 015E,E09000019,Islington,31.6,7264,3,0.2,5927,2,0.1,8693,3,27.2,9730,3,0.5,8548,3,0.4,10225,4,31.4,6044,2,28.9,9435,3
E01002767,Islington 011D,E09000019,Islington,36.8,5275,2,0.2,4962,2,0.1,6712,3,15.1,17282,6,0.6,7699,3,0.9,4409,2,42.4,1574,1,31.5,8020,3
E01002768,Islington 004A,E09000019,Islington,29.3,8350,3,0.2,7337,3,0.1,8222,3,8.3,23637,8,0.7,6966,3,0.5,8550,3,28.7,7914,3,34.6,6440,2
E01002769,Islington 008A,E09000019,Islington,20.1,14242,5,0.1,14846,5,0.1,17374,6,1.8,31063,10,0.1,14919,5,0.7,6287,2,30.0,6985,3,36.4,5624,2
E01002770,Islington 004B,E09000019,Islington,30.0,8029,3,0.2,9692,3,0.1,10849,4,3.8,28776,9,0.8,5584,2,1.0,3267,1,28.6,7948,3,44.5,3015,1
E01002771,Islington 004C,E09000019,Islington,27.3,9390,3,0.2,6720,3,0.1,10373,4,8.7,23244,8,0.1,14023,5,0.9,4183,2,27.6,8748,3,31.4,8049,3
E01002772,Islington 002F,E09000019,Islington,28.7,8637,3,0.2,8370,3,0.1,12270,4,7.8,24162,8,0.4,9936,4,1.0,3322,2,32.1,5574,2,38.5,4793,2
E01002773,Islington 004D,E09000019,Islington,50.1,2164,1,0.3,1567,1,0.2,1879,1,22.4,12285,4,0.7,6761,3,2.1,176,1,29.2,7506,3,26.8,10679,4
E01002774,Islington 004E,E09000019,Islington,30.9,7608,3,0.2,8359,3,0.1,9135,3,8.9,22968,7,0.6,7962,3,1.3,1677,1,29.3,7422,3,33.3,7071,3
E01002775,Islington 014D,E09000019,Islington,22.2,12620,4,0.1,13345,5,0.1,15922,5,12.8,19194,6,0.4,10846,4,0.6,7148,3,25.8,10332,4,34.6,6429,2
E01002776,Islington 014E,E09000019,Islington,32.1,7029,3,0.2,6449,2,0.1,10519,4,16.8,15991,5,0.9,5088,2,0.5,8441,3,28.0,8444,3,44.2,3092,1
E01002777,Islington 012A,E09000019,Islington,27.6,9255,3,0.2,8441,3,0.1,11442,4,6.9,25108,8,0.7,7100,3,0.6,7876,3,25.1,10991,4,43.7,3253,1
E01002778,Islington 012B,E09000019,Islington,39.1,4551,2,0.3,3974,2,0.2,6195,2,24.1,11288,4,0.7,6456,2,1.3,1957,1,31.8,5759,2,31.1,8225,3
E01002779,Islington 012C,E09000019,Islington,18.6,15584,5,0.1,13340,5,0.1,19838,7,8.1,23825,8,-0.4,22219,7,0.9,4545,2,27.0,9277,3,28.8,9500,3
E01002780,Islington 014F,E09000019,Islington,26.4,9965,4,0.2,8231,3,0.1,8879,3,9.3,22575,7,0.4,10624,4,0.6,8310,3,25.4,10750,4,32.2,7632,3
E01002781,Islington 012D,E09000019,Islington,28.9,8526,3,0.2,4882,2,0.1,7552,3,12.2,19723,7,0.4,10145,4,0.4,10222,4,25.9,10274,4,24.4,12193,4
E01002782,Islington 012E,E09000019,Islington,37.2,5157,2,0.3,3097,1,0.2,5933,2,22.7,12109,4,0.7,6426,2,0.9,4504,2,28.2,8295,3,24.7,11985,4
E01002783,Islington 010B,E09000019,Islington,46.5,2766,1,0.3,2678,1,0.2,2731,1,21.2,13017,4,1.4,1826,1,1.0,3197,1,29.9,7030,3,31.1,8181,3
E01002784,Islington 010C,E09000019,Islington,34.3,6145,2,0.2,4359,2,0.2,5418,2,16.6,16140,5,0.7,6681,3,0.6,7578,3,30.7,6447,2,22.8,13298,5
E01002785,Islington 008B,E09000019,Islington,18.9,15334,5,0.1,16892,6,0.1,15246,5,2.1,30782,10,-0.7,25342,8,0.7,6562,2,25.6,10569,4,45.0,2909,1
E01002786,Islington 010D,E09000019,Islington,36.1,5495,2,0.2,4400,2,0.2,6386,2,8.4,23473,8,0.9,4953,2,1.0,3235,1,32.8,5220,2,29.8,8914,3
E01002787,Islington 010E,E09000019,Islington,32.1,7051,3,0.2,7695,3,0.1,9478,3,12.5,19484,6,1.0,4241,2,0.7,6494,2,31.4,6028,2,38.6,4738,2
E01002788,Islington 008C,E09000019,Islington,17.0,17004,6,0.1,16391,5,0.1,15753,5,2.1,30812,10,-0.4,22391,7,0.4,10074,4,30.1,6883,3,29.3,9212,3
E01002789,Islington 008D,E09000019,Islington,13.7,20257,7,0.1,20165,7,0.1,22259,7,0.5,32490,10,-0.7,26280,9,0.7,6859,3,23.0,13170,5,34.5,6486,2
E01002790,Islington 016D,E09000019,Islington,42.3,3653,2,0.3,3067,1,0.2,2664,1,24.6,11044,4,0.8,6205,2,0.9,4155,2,26.9,9406,3,33.0,7183,3
E01002791,Islington 016E,E09000019,Islington,13.9,20072,7,0.1,20564,7,0.1,23313,8,10.8,21074,7,-0.5,23009,8,0.4,9923,4,21.7,14714,5,32.8,7294,3
E01002792,Islington 017E,E09000019,Islington,16.1,17852,6,0.1,16844,6,0.1,21614,7,4.7,27662,9,0.1,15096,5,0.3,12432,4,23.6,12555,4,36.3,5653,2
E01002793,Islington 016F,E09000019,Islington,36.2,5450,2,0.2,4526,2,0.1,6715,3,13.3,18824,6,0.7,6387,2,1.3,1902,1,25.6,10541,4,37.1,5336,2
E01002794,Islington 020B,E09000019,Islington,22.2,12607,4,0.1,13959,5,0.1,16885,6,7.4,24549,8,0.0,16023,5,0.8,5174,2,26.1,10124,4,46.5,2562,1
E01002795,Islington 013D,E09000019,Islington,25.0,10755,4,0.2,9826,3,0.1,12305,4,15.7,16822,6,0.1,15239,5,0.9,4858,2,24.6,11484,4,35.1,6208,2
E01002796,Islington 013E,E09000019,Islington,23.6,11641,4,0.2,9734,3,0.1,11979,4,1.7,31254,10,0.3,11196,4,0.5,9088,3,25.6,10593,4,38.0,5007,2
E01002797,Islington 018B,E09000019,Islington,32.1,7039,3,0.2,6266,2,0.1,8691,3,19.2,14231,5,0.6,8056,3,1.0,3405,2,27.2,9121,3,32.2,7592,3
E01002798,Islington 018C,E09000019,Islington,21.5,13193,5,0.1,10946,4,0.1,13620,5,5.7,26470,9,0.2,12577,4,0.6,7350,3,22.1,14198,5,32.0,7684,3
E01002799,Islington 018D,E09000019,Islington,32.3,6972,3,0.2,4425,2,0.1,8536,3,14.2,17989,6,0.6,7864,3,0.3,12072,4,28.6,7991,3,41.1,3924,2
E01002800,Islington 018E,E09000019,Islington,38.9,4590,2,0.2,4939,2,0.1,6626,3,40.8,5176,2,0.4,10540,4,0.8,5420,2,33.1,5008,2,44.8,2940,1
E01002801,Islington 020C,E09000019,Islington,16.9,17133,6,0.1,17125,6,0.1,21109,7,1.4,31601,10,-0.6,25172,8,0.7,7042,3,21.8,14529,5,48.5,2169,1
E01002802,Islington 020D,E09000019,Islington,25.9,10255,4,0.1,11235,4,0.1,11060,4,5.6,26566,9,0.5,9440,3,0.9,4837,2,22.2,14114,5,44.4,3035,1
E01002803,Islington 020E,E09000019,Islington,23.8,11531,4,0.2,10314,4,0.1,15449,5,12.2,19741,7,-0.1,17066,6,0.7,6420,2,26.1,10128,4,43.6,3276,1
E01002804,Islington 001D,E09000019,Islington,37.4,5087,2,0.3,3792,2,0.2,3255,1,22.8,12064,4,0.6,7617,3,0.5,8566,3,29.1,7553,3,23.7,12619,4
E01002805,Islington 003B,E09000019,Islington,22.8,12161,4,0.1,11908,4,0.1,16089,5,9.4,22474,7,0.2,13427,5,1.1,2852,1,28.0,8446,3,27.3,10365,4
E01002806,Islington 003C,E09000019,Islington,27.0,9620,3,0.2,8275,3,0.1,9615,3,4.6,27835,9,0.5,9592,3,1.1,2870,1,23.1,13132,4,29.8,8911,3
E01002807,Islington 001E,E09000019,Islington,31.6,7258,3,0.2,4822,2,0.1,7236,3,15.5,17009,6,0.6,8147,3,0.5,9366,3,30.4,6671,3,26.3,11000,4
E01002808,Islington 003D,E09000019,Islington,24.6,10985,4,0.2,8292,3,0.1,10726,4,8.4,23472,8,0.2,13304,5,0.6,8003,3,26.1,10043,4,31.0,8255,3
E01002809,Islington 003E,E09000019,Islington,31.4,7327,3,0.2,5731,2,0.2,6062,2,8.7,23218,8,0.4,10189,4,0.7,6359,2,30.9,6328,2,30.7,8388,3
E01002810,Islington 003F,E09000019,Islington,33.3,6536,2,0.2,5466,2,0.2,5663,2,12.7,19296,6,0.7,6643,3,0.8,5375,2,28.4,8130,3,28.1,9873,4
E01002811,Islington 001F,E09000019,Islington,38.6,4691,2,0.3,3576,2,0.2,3948,2,9.1,22776,7,0.9,5248,2,1.1,2901,1,26.5,9710,3,32.5,7462,3
E01033486,Islington 011E,E09000019,Islington,37.6,5005,2,0.3,3888,2,0.2,6170,2,19.6,13997,5,0.7,6515,2,1.0,3336,2,27.7,8655,3,37.3,5278,2
E01033487,Islington 011F,E09000019,Islington,10.7,23623,8,0.1,24467,8,0.0,32185,10,7.4,24568,8,-0.2,19538,6,-1.2,30293,10,34.5,4297,2,26.5,10882,4
E01033488,Islington 011G,E09000019,Islington,33.0,6677,3,0.2,5002,2,0.1,8637,3,11.7,20243,7,0.5,8739,3,1.0,3412,2,32.3,5496,2,32.5,7440,3
E01033489,Islington 022G,E09000019,Islington,12.5,21648,7,0.0,28666,9,0.0,31881,10,3.3,29400,9,-0.6,24397,8,-0.3,20990,7,39.4,2379,1,39.7,4369,2
E01033490,Islington 022H,E09000019,Islington,19.6,14740,5,0.1,17753,6,0.0,25893,8,9.8,22056,7,-0.3,20295,7,-0.4,22894,7,39.5,2350,1,55.1,1180,1
E01033491,Islington 011H,E09000019,Islington,29.1,8440,3,0.2,9569,3,0.1,12220,4,10.5,21346,7,0.0,15577,5,1.0,3204,1,33.3,4905,2,50.0,1918,1
E01033492,Islington 011I,E09000019,Islington,30.0,8006,3,0.2,8272,3,0.1,15652,5,5.2,27121,9,0.0,15243,5,0.8,5088,2,32.0,5672,2,71.2,79,1
E01033493,Islington 006F,E09000019,Islington,11.7,22483,7,0.0,31418,10,0.0,32773,10,13.2,18866,6,0.0,16000,5,-1.4,31271,10,33.4,4887,2,36.0,5791,2
E01033494,Islington 006G,E09000019,Islington,16.6,17374,6,0.1,15504,5,0.1,18678,6,2.3,30490,10,-0.3,20418,7,0.3,11659,4,21.4,15007,5,41.6,3767,2
E01002812,Kensington and Chelsea 013A,E09000020,Kensington and Chelsea,11.5,22698,7,0.0,31845,10,0.0,32597,10,2.2,30630,10,-2.1,32697,10,-0.5,23641,8,40.7,1981,1,44.3,3072,1
E01002813,Kensington and Chelsea 011A,E09000020,Kensington and Chelsea,10.1,24398,8,0.0,28983,9,0.0,32119,10,0.8,32252,10,-2.2,32718,10,0.3,12418,4,27.4,8934,3,42.3,3582,2
E01002814,Kensington and Chelsea 015A,E09000020,Kensington and Chelsea,25.0,10748,4,0.2,9793,3,0.1,11203,4,3.0,29681,10,-0.9,27818,9,0.3,12100,4,45.5,971,1,37.4,5209,2
E01002815,Kensington and Chelsea 011B,E09000020,Kensington and Chelsea,18.3,15885,5,0.1,18530,6,0.1,23244,8,1.7,31264,10,-1.1,29687,10,0.1,14847,5,43.4,1341,1,46.9,2476,1
E01002816,Kensington and Chelsea 011C,E09000020,Kensington and Chelsea,11.5,22718,7,0.0,31973,10,0.0,32067,10,0.3,32657,10,-2.3,32769,10,0.0,16009,5,36.5,3401,2,46.2,2621,1
E01002817,Kensington and Chelsea 011D,E09000020,Kensington and Chelsea,10.4,24015,8,0.0,30205,10,0.0,31686,10,0.6,32416,10,-2.4,32779,10,0.4,10979,4,26.8,9499,3,44.6,2992,1
E01002818,Kensington and Chelsea 012A,E09000020,Kensington and Chelsea,12.7,21429,7,0.0,32613,10,0.0,32783,10,3.5,29082,9,-3.1,32841,10,0.3,12497,4,38.3,2726,1,46.6,2530,1
E01002819,Kensington and Chelsea 012B,E09000020,Kensington and Chelsea,11.1,23245,8,0.0,32559,10,0.0,32824,10,6.7,25377,8,-2.6,32808,10,-0.3,20860,7,34.5,4306,2,46.2,2629,1
E01002820,Kensington and Chelsea 016A,E09000020,Kensington and Chelsea,9.6,25054,8,0.0,31389,10,0.0,32460,10,3.7,28921,9,-2.3,32753,10,-0.5,23323,8,35.4,3908,2,37.4,5234,2
E01002821,Kensington and Chelsea 014A,E09000020,Kensington and Chelsea,10.9,23418,8,0.0,31703,10,0.0,32718,10,2.4,30398,10,-2.4,32777,10,0.3,11878,4,31.6,5936,2,44.4,3060,1
E01002822,Kensington and Chelsea 016B,E09000020,Kensington and Chelsea,12.9,21201,7,0.0,32715,10,0.0,32835,10,2.2,30718,10,-3.1,32840,10,0.3,12605,4,29.5,7310,3,61.3,567,1
E01002823,Kensington and Chelsea 014B,E09000020,Kensington and Chelsea,28.4,8812,3,0.2,6965,3,0.1,7096,3,5.6,26565,9,-0.2,19425,6,0.2,13870,5,37.4,3075,1,39.2,4538,2
E01002824,Kensington and Chelsea 008A,E09000020,Kensington and Chelsea,10.0,24462,8,0.0,31856,10,0.0,32160,10,0.6,32458,10,-2.3,32759,10,-0.1,17813,6,29.8,7102,3,47.3,2398,1
E01002825,Kensington and Chelsea 008B,E09000020,Kensington and Chelsea,9.7,24885,8,0.0,27707,9,0.0,28646,9,0.4,32644,10,-2.1,32684,10,-0.6,24748,8,29.4,7367,3,41.4,3830,2
E01002826,Kensington and Chelsea 008C,E09000020,Kensington and Chelsea,10.8,23594,8,0.0,29862,10,0.0,32366,10,0.5,32564,10,-2.2,32730,10,-0.1,18730,6,31.8,5804,2,48.1,2242,1
E01002827,Kensington and Chelsea 008D,E09000020,Kensington and Chelsea,12.1,22084,7,0.0,31756,10,0.0,31633,10,0.0,32843,10,-2.3,32756,10,0.2,13461,5,29.6,7232,3,56.3,1027,1
E01002828,Kensington and Chelsea 008E,E09000020,Kensington and Chelsea,16.2,17715,6,0.1,20596,7,0.1,18673,6,2.9,29879,10,-1.3,30865,10,0.2,12998,4,33.0,5062,2,43.7,3233,1
E01002829,Kensington and Chelsea 004A,E09000020,Kensington and Chelsea,34.5,6055,2,0.2,5953,2,0.2,5290,2,5.7,26510,9,0.0,15925,5,0.8,5417,2,40.4,2066,1,43.9,3180,1
E01002830,Kensington and Chelsea 004B,E09000020,Kensington and Chelsea,35.4,5764,2,0.2,5774,2,0.2,5005,2,8.0,23951,8,-0.3,21380,7,1.2,2031,1,41.9,1692,1,35.9,5850,2
E01002831,Kensington and Chelsea 004C,E09000020,Kensington and Chelsea,36.7,5299,2,0.2,5776,2,0.2,5385,2,5.9,26288,9,0.0,16220,5,1.3,1843,1,40.4,2084,1,44.8,2950,1
E01002832,Kensington and Chelsea 004D,E09000020,Kensington and Chelsea,31.4,7367,3,0.2,5657,2,0.1,8375,3,7.1,24928,8,-0.3,21360,7,0.8,5884,2,39.8,2266,1,42.8,3434,2
E01002833,Kensington and Chelsea 007A,E09000020,Kensington and Chelsea,19.2,15083,5,0.1,19096,6,0.1,22166,7,4.0,28574,9,-0.9,27662,9,1.1,3139,1,32.7,5236,2,45.0,2905,1
E01002834,Kensington and Chelsea 013B,E09000020,Kensington and Chelsea,15.6,18346,6,0.1,24575,8,0.0,28356,9,0.2,32762,10,-1.4,31503,10,0.0,16412,5,36.3,3515,2,59.7,706,1
E01002835,Kensington and Chelsea 016C,E09000020,Kensington and Chelsea,10.5,23929,8,0.0,31744,10,0.0,32648,10,2.6,30198,10,-2.4,32781,10,0.2,13258,5,28.8,7808,3,46.2,2628,1
E01002836,Kensington and Chelsea 016D,E09000020,Kensington and Chelsea,11.1,23221,8,0.0,27981,9,0.0,29708,10,1.3,31660,10,-1.5,31783,10,0.1,15402,5,33.8,4689,2,38.5,4804,2
E01002837,Kensington and Chelsea 016E,E09000020,Kensington and Chelsea,13.1,20942,7,0.0,32721,10,0.0,32818,10,2.9,29800,10,-2.7,32819,10,-0.3,21300,7,32.7,5294,2,64.6,323,1
E01002838,Kensington and Chelsea 020A,E09000020,Kensington and Chelsea,11.1,23203,8,0.0,32756,10,0.0,32828,10,1.8,31146,10,-2.3,32747,10,0.2,13032,4,37.9,2874,1,39.1,4597,2
E01002839,Kensington and Chelsea 013C,E09000020,Kensington and Chelsea,25.8,10320,4,0.1,14806,5,0.1,12139,4,1.7,31205,10,-0.7,26239,8,0.3,12290,4,46.8,742,1,56.0,1064,1
E01002840,Kensington and Chelsea 021A,E09000020,Kensington and Chelsea,37.7,4981,2,0.3,3109,1,0.2,4491,2,10.1,21689,7,-0.2,19544,6,0.9,4782,2,38.6,2618,1,40.4,4131,2
E01002841,Kensington and Chelsea 021B,E09000020,Kensington and Chelsea,26.5,9898,4,0.2,10534,4,0.1,10111,4,3.5,29071,9,0.1,15154,5,0.9,4207,2,35.8,3738,2,34.6,6425,2
E01002842,Kensington and Chelsea 021C,E09000020,Kensington and Chelsea,47.4,2593,1,0.4,823,1,0.2,2197,1,17.6,15369,5,0.3,12016,4,0.6,8013,3,41.6,1747,1,33.0,7200,3
E01002843,Kensington and Chelsea 021D,E09000020,Kensington and Chelsea,42.6,3564,2,0.3,2637,1,0.2,2201,1,14.7,17581,6,0.6,7814,3,0.6,7629,3,37.3,3096,1,32.4,7515,3
E01002844,Kensington and Chelsea 019A,E09000020,Kensington and Chelsea,17.0,16966,6,0.1,18863,6,0.1,24033,8,1.1,31848,10,-1.1,29510,9,0.4,10838,4,36.1,3570,2,47.7,2316,1
E01002845,Kensington and Chelsea 019B,E09000020,Kensington and Chelsea,21.0,13544,5,0.1,12972,4,0.1,14321,5,2.1,30797,10,-0.7,26081,8,0.1,14487,5,36.4,3451,2,44.8,2954,1
E01002846,Kensington and Chelsea 017A,E09000020,Kensington and Chelsea,30.9,7626,3,0.2,9428,3,0.1,9038,3,1.9,31013,10,0.1,13851,5,0.5,9272,3,52.6,123,1,37.8,5067,2
E01002847,Kensington and Chelsea 015B,E09000020,Kensington and Chelsea,22.1,12666,4,0.1,19610,6,0.1,20047,7,0.7,32348,10,-0.8,26693,9,0.9,4213,2,46.1,877,1,46.7,2516,1
E01002848,Kensington and Chelsea 015C,E09000020,Kensington and Chelsea,29.5,8243,3,0.2,9754,3,0.1,12068,4,4.5,27967,9,-0.2,18455,6,0.0,16574,6,56.7,36,1,48.9,2093,1
E01002849,Kensington and Chelsea 017B,E09000020,Kensington and Chelsea,17.2,16808,6,0.1,22000,7,0.1,23213,8,0.9,32169,10,-1.2,30340,10,0.9,4394,2,36.0,3654,2,42.0,3668,2
E01002850,Kensington and Chelsea 013D,E09000020,Kensington and Chelsea,23.7,11573,4,0.1,14774,5,0.1,14506,5,1.9,31035,10,-0.7,25656,8,0.4,10098,4,44.9,1087,1,48.8,2105,1
E01002851,Kensington and Chelsea 015D,E09000020,Kensington and Chelsea,39.8,4330,2,0.3,3590,2,0.2,4767,2,3.5,29149,9,0.4,10783,4,0.8,5735,2,48.4,525,1,40.6,4070,2
E01002852,Kensington and Chelsea 001A,E09000020,Kensington and Chelsea,41.7,3797,2,0.3,2283,1,0.2,4628,2,16.2,16437,6,0.5,9614,3,0.8,5320,2,41.7,1728,1,36.0,5787,2
E01002853,Kensington and Chelsea 001B,E09000020,Kensington and Chelsea,57.1,1212,1,0.4,610,1,0.3,1145,1,28.8,9053,3,0.4,9861,4,1.7,662,1,38.5,2668,1,35.0,6229,2
E01002854,Kensington and Chelsea 001C,E09000020,Kensington and Chelsea,45.1,3030,1,0.3,1532,1,0.2,2230,1,13.8,18292,6,0.0,15469,5,1.2,2374,1,37.3,3101,1,33.7,6849,3
E01002855,Kensington and Chelsea 001D,E09000020,Kensington and Chelsea,45.5,2975,1,0.3,1725,1,0.2,2094,1,9.9,21886,7,0.4,10841,4,1.0,3693,2,41.7,1736,1,32.3,7554,3
E01002856,Kensington and Chelsea 004E,E09000020,Kensington and Chelsea,37.8,4928,2,0.2,6143,2,0.2,4964,2,7.6,24385,8,-0.2,19850,7,1.2,2033,1,42.6,1515,1,51.6,1641,1
E01002857,Kensington and Chelsea 001E,E09000020,Kensington and Chelsea,59.0,1012,1,0.4,504,1,0.3,312,1,17.4,15509,5,0.5,9023,3,1.3,1868,1,43.0,1439,1,30.1,8731,3
E01002858,Kensington and Chelsea 014C,E09000020,Kensington and Chelsea,23.4,11753,4,0.1,12662,4,0.1,16345,5,9.1,22785,7,-0.5,23994,8,-0.6,25529,8,48.7,482,1,43.8,3217,1
E01002859,Kensington and Chelsea 012C,E09000020,Kensington and Chelsea,10.2,24280,8,0.0,31708,10,0.0,32721,10,1.0,32033,10,-3.2,32844,10,-0.3,21030,7,33.5,4808,2,45.6,2767,1
E01002860,Kensington and Chelsea 012D,E09000020,Kensington and Chelsea,11.4,22839,7,0.0,32704,10,0.0,32802,10,0.1,32813,10,-3.2,32843,10,0.1,15107,5,28.8,7792,3,56.8,979,1
E01002861,Kensington and Chelsea 014D,E09000020,Kensington and Chelsea,15.0,18886,6,0.1,21822,7,0.0,27086,9,6.7,25358,8,-1.1,29444,9,0.4,10782,4,31.7,5828,2,45.1,2864,1
E01002862,Kensington and Chelsea 014E,E09000020,Kensington and Chelsea,26.0,10169,4,0.2,9719,3,0.1,12061,4,7.8,24110,8,-0.3,21402,7,-0.1,18818,6,44.5,1139,1,44.6,2986,1
E01002863,Kensington and Chelsea 012E,E09000020,Kensington and Chelsea,9.9,24615,8,0.0,32742,10,0.0,32766,10,2.5,30287,10,-3.1,32842,10,0.1,15379,5,34.6,4268,2,38.0,5004,2
E01002864,Kensington and Chelsea 009A,E09000020,Kensington and Chelsea,9.5,25115,8,0.0,29990,10,0.0,32674,10,0.6,32455,10,-2.8,32830,10,0.6,7647,3,27.6,8785,3,33.4,7016,3
E01002865,Kensington and Chelsea 011E,E09000020,Kensington and Chelsea,7.3,27993,9,0.0,32098,10,0.0,32834,10,0.2,32754,10,-2.7,32826,10,0.0,16876,6,24.4,11773,4,36.0,5792,2
E01002866,Kensington and Chelsea 009B,E09000020,Kensington and Chelsea,20.7,13786,5,0.1,15362,5,0.1,15167,5,2.5,30282,10,-0.6,24353,8,0.4,10599,4,43.3,1368,1,32.9,7246,3
E01002867,Kensington and Chelsea 009C,E09000020,Kensington and Chelsea,22.3,12519,4,0.1,11253,4,0.1,12038,4,4.6,27727,9,-1.0,29087,9,0.0,16556,6,41.6,1745,1,36.5,5564,2
E01002868,Kensington and Chelsea 009D,E09000020,Kensington and Chelsea,9.3,25448,8,0.0,32743,10,0.0,32770,10,0.7,32308,10,-2.8,32832,10,0.1,14906,5,35.1,4069,2,33.6,6875,3
E01002869,Kensington and Chelsea 009E,E09000020,Kensington and Chelsea,19.7,14640,5,0.1,14481,5,0.1,17357,6,3.5,29130,9,-1.1,29268,9,0.2,12870,4,41.7,1723,1,37.1,5361,2
E01002870,Kensington and Chelsea 005A,E09000020,Kensington and Chelsea,41.4,3890,2,0.3,1738,1,0.2,3037,1,18.7,14623,5,0.5,9192,3,0.0,17402,6,39.7,2280,1,28.1,9894,4
E01002871,Kensington and Chelsea 007B,E09000020,Kensington and Chelsea,11.3,22944,7,0.0,31003,10,0.0,32334,10,2.3,30481,10,-2.7,32820,10,0.2,14064,5,29.5,7306,3,51.0,1750,1
E01002872,Kensington and Chelsea 005B,E09000020,Kensington and Chelsea,38.9,4605,2,0.3,2576,1,0.2,3423,2,14.0,18178,6,0.1,14303,5,0.4,10346,4,39.6,2310,1,33.4,6981,3
E01002873,Kensington and Chelsea 007C,E09000020,Kensington and Chelsea,19.8,14480,5,0.1,17348,6,0.1,18895,6,4.5,27942,9,-1.2,30120,10,1.0,3779,2,33.9,4627,2,42.6,3495,2
E01002874,Kensington and Chelsea 007D,E09000020,Kensington and Chelsea,20.0,14325,5,0.1,15350,5,0.1,16811,6,1.9,31017,10,-0.7,26181,8,0.6,7493,3,35.1,4040,2,42.3,3577,2
E01002875,Kensington and Chelsea 007E,E09000020,Kensington and Chelsea,14.9,18986,6,0.1,23998,8,0.1,24393,8,0.4,32621,10,-1.7,32160,10,0.7,6993,3,32.3,5485,2,44.4,3062,1
E01002876,Kensington and Chelsea 003A,E09000020,Kensington and Chelsea,20.1,14225,5,0.1,13291,5,0.1,14056,5,4.9,27450,9,-0.7,25984,8,0.5,9715,3,30.3,6784,3,39.9,4308,2
E01002877,Kensington and Chelsea 003B,E09000020,Kensington and Chelsea,41.2,3925,2,0.3,1856,1,0.2,4188,2,19.6,14035,5,0.4,10893,4,0.5,8593,3,38.1,2801,1,34.6,6415,2
E01002878,Kensington and Chelsea 003C,E09000020,Kensington and Chelsea,33.9,6319,2,0.2,6740,3,0.1,6706,3,6.9,25141,8,0.0,16091,5,1.2,2073,1,40.9,1952,1,37.3,5245,2
E01002879,Kensington and Chelsea 005C,E09000020,Kensington and Chelsea,41.7,3808,2,0.3,1618,1,0.2,4857,2,11.0,20890,7,0.0,15640,5,1.2,2312,1,40.5,2049,1,33.5,6956,3
E01002880,Kensington and Chelsea 005D,E09000020,Kensington and Chelsea,44.2,3215,1,0.3,2102,1,0.2,2473,1,21.0,13126,4,0.5,8954,3,0.7,6618,3,40.4,2065,1,29.8,8928,3
E01002881,Kensington and Chelsea 005E,E09000020,Kensington and Chelsea,40.5,4113,2,0.3,2832,1,0.2,2320,1,17.0,15796,5,0.3,11456,4,0.4,10095,4,37.7,2933,1,30.2,8663,3
E01002882,Kensington and Chelsea 006A,E09000020,Kensington and Chelsea,17.1,16904,6,0.1,15235,5,0.1,20023,7,1.0,31975,10,-1.4,31509,10,0.3,11481,4,33.3,4945,2,41.2,3892,2
E01002883,Kensington and Chelsea 006B,E09000020,Kensington and Chelsea,11.7,22472,7,0.0,30122,10,0.0,31568,10,0.5,32494,10,-1.6,31910,10,0.5,9560,3,31.1,6228,2,45.2,2841,1
E01002884,Kensington and Chelsea 006C,E09000020,Kensington and Chelsea,21.6,13100,4,0.1,17902,6,0.1,18650,6,2.6,30161,10,-1.2,30016,10,1.0,3431,2,44.5,1151,1,38.5,4785,2
E01002885,Kensington and Chelsea 006D,E09000020,Kensington and Chelsea,19.6,14695,5,0.1,18804,6,0.1,24744,8,3.0,29674,10,-1.3,30694,10,0.4,10938,4,43.1,1415,1,54.1,1290,1
E01002886,Kensington and Chelsea 006E,E09000020,Kensington and Chelsea,14.8,19099,6,0.0,26399,9,0.0,31587,10,0.5,32536,10,-2.1,32689,10,0.8,5135,2,31.1,6227,2,53.2,1409,1
E01002887,Kensington and Chelsea 010A,E09000020,Kensington and Chelsea,12.6,21530,7,0.0,32039,10,0.0,32725,10,0.1,32797,10,-2.0,32627,10,0.2,13138,5,33.6,4756,2,55.3,1162,1
E01002888,Kensington and Chelsea 013E,E09000020,Kensington and Chelsea,10.9,23449,8,0.0,30330,10,0.0,32420,10,1.0,32070,10,-2.6,32818,10,-0.4,22597,7,38.2,2775,1,42.6,3521,2
E01002889,Kensington and Chelsea 010B,E09000020,Kensington and Chelsea,8.2,26867,9,0.0,29027,9,0.0,32370,10,1.7,31249,10,-1.8,32336,10,-0.7,26732,9,33.6,4782,2,30.9,8295,3
E01002890,Kensington and Chelsea 010C,E09000020,Kensington and Chelsea,9.0,25832,8,0.0,32737,10,0.0,32769,10,0.3,32658,10,-2.6,32815,10,0.3,11789,4,26.9,9316,3,39.7,4350,2
E01002891,Kensington and Chelsea 010D,E09000020,Kensington and Chelsea,9.5,25103,8,0.0,31886,10,0.0,32731,10,0.9,32076,10,-2.2,32721,10,-0.4,21742,7,32.7,5248,2,42.9,3425,2
E01002892,Kensington and Chelsea 010E,E09000020,Kensington and Chelsea,8.5,26365,9,0.0,31764,10,0.0,32494,10,0.6,32465,10,-2.6,32817,10,-1.0,28689,9,34.5,4328,2,37.6,5113,2
E01002893,Kensington and Chelsea 017C,E09000020,Kensington and Chelsea,21.8,12935,4,0.1,12979,4,0.1,14795,5,7.1,24951,8,-0.3,20869,7,0.1,15195,5,37.4,3052,1,41.1,3925,2
E01002894,Kensington and Chelsea 017D,E09000020,Kensington and Chelsea,19.9,14414,5,0.1,17124,6,0.1,15076,5,9.6,22230,7,-0.9,28067,9,0.4,10765,4,32.6,5332,2,44.9,2928,1
E01002895,Kensington and Chelsea 020B,E09000020,Kensington and Chelsea,11.2,23084,8,0.0,32260,10,0.0,32496,10,4.4,28100,9,-2.5,32806,10,0.6,7618,3,26.3,9864,4,45.8,2724,1
E01002896,Kensington and Chelsea 020C,E09000020,Kensington and Chelsea,10.3,24135,8,0.0,29330,9,0.0,32380,10,5.6,26640,9,-2.4,32790,10,0.3,12492,4,28.6,7968,3,39.1,4605,2
E01002897,Kensington and Chelsea 020D,E09000020,Kensington and Chelsea,15.7,18277,6,0.1,17501,6,0.0,25512,8,1.2,31740,10,-0.5,23927,8,0.3,12253,4,31.8,5811,2,41.8,3711,2
E01002898,Kensington and Chelsea 017E,E09000020,Kensington and Chelsea,9.5,25185,8,0.0,30078,10,0.0,32667,10,0.8,32268,10,-2.2,32736,10,0.0,16098,5,28.7,7868,3,41.8,3728,2
E01002899,Kensington and Chelsea 018A,E09000020,Kensington and Chelsea,21.5,13213,5,0.1,11998,4,0.1,10605,4,5.3,26981,9,-0.9,27859,9,0.0,16053,5,32.2,5525,2,41.1,3921,2
E01002900,Kensington and Chelsea 018B,E09000020,Kensington and Chelsea,8.3,26730,9,0.0,32776,10,0.0,32795,10,0.8,32192,10,-3.0,32836,10,0.3,11550,4,26.7,9540,3,34.9,6265,2
E01002901,Kensington and Chelsea 018C,E09000020,Kensington and Chelsea,16.5,17464,6,0.1,21100,7,0.0,32367,10,4.6,27807,9,-1.3,30966,10,0.5,9695,3,31.5,5985,2,60.9,606,1
E01002902,Kensington and Chelsea 018D,E09000020,Kensington and Chelsea,10.8,23591,8,0.0,26391,9,0.0,29174,9,0.8,32238,10,-2.1,32675,10,-0.1,17598,6,31.5,5947,2,39.5,4418,2
E01002903,Kensington and Chelsea 018E,E09000020,Kensington and Chelsea,7.6,27528,9,0.0,32774,10,0.0,32840,10,0.9,32161,10,-3.0,32835,10,0.1,15181,5,24.5,11590,4,37.1,5356,2
E01002904,Kensington and Chelsea 002A,E09000020,Kensington and Chelsea,45.1,3043,1,0.3,1373,1,0.2,1943,1,23.0,11905,4,0.6,7723,3,-0.1,17794,6,38.8,2568,1,27.6,10211,4
E01002905,Kensington and Chelsea 002B,E09000020,Kensington and Chelsea,44.5,3154,1,0.3,2398,1,0.2,3325,2,14.4,17810,6,0.1,14040,5,1.5,983,1,38.8,2544,1,39.3,4479,2
E01002906,Kensington and Chelsea 002C,E09000020,Kensington and Chelsea,33.0,6647,3,0.2,6079,2,0.2,5859,2,12.3,19639,6,0.4,10240,4,0.2,13229,5,40.0,2184,1,35.6,5959,2
E01002907,Kensington and Chelsea 002D,E09000020,Kensington and Chelsea,52.6,1794,1,0.4,313,1,0.3,773,1,24.8,10947,4,0.6,7986,3,-0.2,19801,7,35.5,3853,2,29.3,9221,3
E01002908,Kensington and Chelsea 003D,E09000020,Kensington and Chelsea,26.9,9637,3,0.2,9875,4,0.1,11683,4,4.7,27678,9,0.0,15550,5,0.7,6257,2,34.8,4150,2,46.4,2575,1
E01002909,Kensington and Chelsea 003E,E09000020,Kensington and Chelsea,29.7,8155,3,0.2,7131,3,0.1,6931,3,7.5,24456,8,-0.3,21351,7,0.6,7356,3,38.3,2747,1,38.1,4943,2
E01002910,Kensington and Chelsea 019C,E09000020,Kensington and Chelsea,16.3,17632,6,0.1,16102,5,0.1,20224,7,2.5,30339,10,-1.4,31469,10,0.4,11034,4,32.8,5196,2,37.3,5271,2
E01002911,Kensington and Chelsea 019D,E09000020,Kensington and Chelsea,12.5,21556,7,0.0,31634,10,0.0,32587,10,1.5,31434,10,-2.7,32824,10,0.7,6974,3,26.1,10121,4,55.3,1161,1
E01002912,Kensington and Chelsea 020E,E09000020,Kensington and Chelsea,13.9,20040,7,0.1,23912,8,0.0,30223,10,11.6,20326,7,-1.0,28540,9,0.0,16117,5,30.4,6649,3,46.5,2549,1
E01002913,Kensington and Chelsea 021E,E09000020,Kensington and Chelsea,18.0,16091,5,0.1,15370,5,0.1,20914,7,3.3,29324,9,-1.2,29958,10,0.7,6980,3,31.8,5803,2,41.9,3690,2
E01002914,Kensington and Chelsea 019E,E09000020,Kensington and Chelsea,8.9,25957,8,0.0,30788,10,0.0,32684,10,2.7,30107,10,-2.1,32666,10,-0.9,27955,9,33.1,5016,2,38.9,4639,2
E01002915,Kingston upon Thames 014A,E09000021,Kingston upon Thames,8.1,26998,9,0.0,26703,9,0.0,25558,8,5.2,27067,9,-1.6,31906,10,-0.5,23246,8,26.7,9602,3,21.5,14217,5
E01002916,Kingston upon Thames 014B,E09000021,Kingston upon Thames,8.2,26782,9,0.0,27247,9,0.1,23278,8,4.0,28542,9,-1.2,30399,10,0.4,10947,4,14.4,23780,8,22.7,13355,5
E01002917,Kingston upon Thames 014C,E09000021,Kingston upon Thames,4.1,31433,10,0.0,29765,10,0.0,29734,10,2.0,30913,10,-1.6,32057,10,-0.5,24408,8,16.1,21563,7,16.8,17769,6
E01002918,Kingston upon Thames 017A,E09000021,Kingston upon Thames,12.2,21946,7,0.1,21987,7,0.0,26416,9,15.5,16953,6,-0.9,27956,9,-0.6,25416,8,21.4,15078,5,41.1,3906,2
E01002919,Kingston upon Thames 017B,E09000021,Kingston upon Thames,15.6,18341,6,0.1,13841,5,0.1,21405,7,8.7,23171,8,-0.7,25661,8,-0.1,18206,6,33.4,4856,2,24.2,12315,4
E01002920,Kingston upon Thames 014D,E09000021,Kingston upon Thames,5.1,30459,10,0.0,28847,9,0.0,28917,9,2.0,30915,10,-1.2,29980,10,-0.6,24637,8,21.5,14862,5,13.7,20365,7
E01002921,Kingston upon Thames 011A,E09000021,Kingston upon Thames,15.2,18698,6,0.1,16902,6,0.1,21805,7,10.8,21078,7,-0.1,18259,6,-0.1,18772,6,26.7,9598,3,31.1,8218,3
E01002922,Kingston upon Thames 010A,E09000021,Kingston upon Thames,9.1,25712,8,0.1,23122,8,0.0,27588,9,0.8,32285,10,-0.9,27821,9,-0.3,21048,7,29.1,7588,3,22.3,13639,5
E01002923,Kingston upon Thames 013A,E09000021,Kingston upon Thames,30.1,7999,3,0.2,5494,2,0.1,8555,3,22.7,12101,4,0.7,7394,3,-0.1,18739,6,32.6,5342,2,22.8,13259,5
E01002924,Kingston upon Thames 014E,E09000021,Kingston upon Thames,3.3,32012,10,0.0,31625,10,0.0,29936,10,0.6,32430,10,-1.4,31360,10,-1.5,31724,10,18.1,18939,6,16.5,18027,6
E01002925,Kingston upon Thames 013B,E09000021,Kingston upon Thames,11.5,22790,7,0.1,22534,7,0.0,25116,8,2.1,30814,10,-0.6,24547,8,-0.8,27220,9,26.8,9472,3,39.4,4472,2
E01002926,Kingston upon Thames 010B,E09000021,Kingston upon Thames,7.4,27879,9,0.0,27579,9,0.0,28906,9,1.7,31242,10,-0.9,28383,9,-1.1,29623,10,26.4,9780,3,27.8,10098,4
E01002927,Kingston upon Thames 008A,E09000021,Kingston upon Thames,12.6,21448,7,0.1,18456,6,0.1,20272,7,3.8,28813,9,-0.7,25451,8,-0.1,18100,6,30.0,6944,3,19.9,15384,5
E01002928,Kingston upon Thames 008B,E09000021,Kingston upon Thames,16.6,17328,6,0.1,12430,4,0.1,14269,5,4.2,28308,9,-0.7,26113,8,-0.2,19656,6,23.0,13172,5,34.3,6550,2
E01002929,Kingston upon Thames 007A,E09000021,Kingston upon Thames,8.8,26011,8,0.0,28591,9,0.0,25934,8,0.7,32378,10,-1.6,31955,10,0.4,10764,4,22.8,13463,5,28.9,9468,3
E01002930,Kingston upon Thames 007B,E09000021,Kingston upon Thames,11.1,23273,8,0.1,18388,6,0.1,24274,8,7.1,24920,8,-1.2,30014,10,-0.2,19072,6,25.0,11158,4,24.0,12395,4
E01002931,Kingston upon Thames 007C,E09000021,Kingston upon Thames,11.5,22804,7,0.1,21087,7,0.0,26353,9,1.6,31320,10,-1.4,31264,10,0.6,7267,3,18.9,18019,6,34.6,6421,2
E01002932,Kingston upon Thames 006A,E09000021,Kingston upon Thames,26.6,9799,3,0.2,7276,3,0.1,7929,3,15.7,16818,6,0.2,13644,5,-0.2,20159,7,37.5,3020,1,17.3,17390,6
E01002933,Kingston upon Thames 004A,E09000021,Kingston upon Thames,15.4,18511,6,0.1,13606,5,0.1,14916,5,4.1,28370,9,-0.1,16806,6,-0.6,25253,8,21.8,14504,5,25.6,11424,4
E01002934,Kingston upon Thames 004B,E09000021,Kingston upon Thames,3.7,31781,10,0.0,30702,10,0.0,30052,10,1.0,31986,10,-1.5,31759,10,-1.0,28925,9,17.2,20234,7,17.9,16903,6
E01002935,Kingston upon Thames 003A,E09000021,Kingston upon Thames,8.2,26771,9,0.1,23488,8,0.0,28919,9,1.1,31854,10,-1.6,32078,10,-0.1,17895,6,22.2,14103,5,29.4,9131,3
E01002937,Kingston upon Thames 004D,E09000021,Kingston upon Thames,5.1,30452,10,0.0,30695,10,0.0,30019,10,1.6,31338,10,-1.3,30748,10,-0.6,24969,8,14.9,23130,8,28.9,9462,3
E01002938,Kingston upon Thames 003B,E09000021,Kingston upon Thames,4.8,30727,10,0.0,28957,9,0.0,28610,9,1.2,31818,10,-1.6,31998,10,-0.9,27965,9,13.5,24823,8,26.6,10807,4
E01002939,Kingston upon Thames 018A,E09000021,Kingston upon Thames,12.8,21310,7,0.1,17266,6,0.1,18441,6,15.5,16966,6,-0.7,26205,8,-0.2,19003,6,18.7,18217,6,18.7,16309,5
E01002940,Kingston upon Thames 020A,E09000021,Kingston upon Thames,18.1,16076,5,0.1,14422,5,0.1,13281,5,18.4,14828,5,-0.2,19289,6,-0.3,20585,7,24.6,11566,4,24.6,12054,4
E01002941,Kingston upon Thames 018B,E09000021,Kingston upon Thames,9.4,25233,8,0.1,23432,8,0.0,27579,9,8.6,23323,8,-0.9,27648,9,-0.2,20156,7,24.2,11900,4,24.5,12101,4
E01002942,Kingston upon Thames 018C,E09000021,Kingston upon Thames,10.8,23570,8,0.1,21885,7,0.1,21825,7,16.2,16388,5,-0.6,24211,8,0.0,16045,5,12.8,25689,8,19.5,15656,5
E01002943,Kingston upon Thames 020B,E09000021,Kingston upon Thames,16.8,17230,6,0.1,15959,5,0.1,15777,5,27.3,9691,3,-0.5,23663,8,-0.3,21446,7,25.1,10965,4,18.7,16256,5
E01002944,Kingston upon Thames 019A,E09000021,Kingston upon Thames,13.4,20667,7,0.1,18501,6,0.1,21162,7,22.1,12471,4,-0.7,25437,8,-1.0,29125,9,30.7,6444,2,12.1,21877,7
E01002945,Kingston upon Thames 019B,E09000021,Kingston upon Thames,9.1,25677,8,0.1,23953,8,0.0,26242,8,15.2,17244,6,-1.0,28463,9,-0.5,23403,8,21.4,14966,5,19.6,15595,5
E01002946,Kingston upon Thames 019C,E09000021,Kingston upon Thames,8.7,26145,8,0.0,26378,9,0.0,25727,8,11.7,20244,7,-1.2,30081,10,-0.5,23281,8,25.6,10567,4,19.1,15946,5
E01002947,Kingston upon Thames 019D,E09000021,Kingston upon Thames,7.3,27952,9,0.0,26479,9,0.0,29535,9,13.8,18331,6,-1.0,28916,9,-0.1,18026,6,15.3,22578,7,18.2,16641,6
E01002948,Kingston upon Thames 020C,E09000021,Kingston upon Thames,17.9,16244,5,0.1,11827,4,0.1,14014,5,16.3,16360,5,-0.5,23306,8,0.2,13913,5,27.3,9019,3,10.7,23312,8
E01002949,Kingston upon Thames 020D,E09000021,Kingston upon Thames,9.7,24825,8,0.1,19427,6,0.1,23748,8,11.9,19994,7,-1.3,30908,10,0.1,15433,5,17.6,19590,6,14.2,19963,7
E01002950,Kingston upon Thames 020E,E09000021,Kingston upon Thames,18.0,16145,5,0.1,11040,4,0.1,16822,6,20.2,13641,5,-0.6,24301,8,-0.2,19482,6,30.9,6386,2,13.4,20648,7
E01002951,Kingston upon Thames 003C,E09000021,Kingston upon Thames,5.4,30100,10,0.1,24648,8,0.0,30722,10,0.4,32637,10,-1.9,32531,10,-0.9,28639,9,20.8,15700,5,21.2,14428,5
E01002952,Kingston upon Thames 002A,E09000021,Kingston upon Thames,6.3,29133,9,0.0,30280,10,0.0,30860,10,2.9,29883,10,-1.6,31929,10,-0.4,22194,7,29.6,7262,3,15.8,18627,6
E01002953,Kingston upon Thames 002B,E09000021,Kingston upon Thames,7.1,28241,9,0.0,30966,10,0.0,31738,10,0.6,32401,10,-1.1,29932,10,-0.5,24156,8,35.1,4060,2,17.2,17432,6
E01002954,Kingston upon Thames 003D,E09000021,Kingston upon Thames,12.2,21932,7,0.1,11900,4,0.0,26838,9,2.2,30648,10,-0.2,19000,6,-1.0,28782,9,24.6,11550,4,20.9,14598,5
E01002955,Kingston upon Thames 002C,E09000021,Kingston upon Thames,14.3,19611,6,0.1,20230,7,0.0,25227,8,3.9,28691,9,-1.0,28971,9,0.0,16796,6,41.2,1864,1,28.8,9501,3
E01002956,Kingston upon Thames 002D,E09000021,Kingston upon Thames,7.3,27909,9,0.0,28346,9,0.0,31973,10,7.0,25087,8,-1.5,31757,10,-1.1,29482,9,32.4,5417,2,19.6,15596,5
E01002957,Kingston upon Thames 003E,E09000021,Kingston upon Thames,14.3,19621,6,0.1,13827,5,0.1,19941,7,17.9,15198,5,-1.0,28764,9,-1.0,29031,9,31.3,6104,2,12.6,21411,7
E01002958,Kingston upon Thames 008C,E09000021,Kingston upon Thames,6.8,28518,9,0.1,26155,8,0.0,28430,9,2.4,30436,10,-1.4,31431,10,-0.9,28564,9,17.8,19395,6,33.2,7123,3
E01002959,Kingston upon Thames 002E,E09000021,Kingston upon Thames,3.1,32171,10,0.0,32261,10,0.0,32066,10,0.2,32727,10,-1.8,32423,10,-1.0,29423,9,20.0,16628,6,15.5,18780,6
E01002960,Kingston upon Thames 006B,E09000021,Kingston upon Thames,6.1,29368,9,0.1,25787,8,0.0,31434,10,0.8,32200,10,-1.5,31833,10,-0.5,23583,8,20.0,16620,6,26.6,10778,4
E01002961,Kingston upon Thames 008D,E09000021,Kingston upon Thames,7.4,27855,9,0.1,22865,7,0.1,22676,7,0.9,32165,10,-1.0,28803,9,-1.0,28893,9,18.3,18767,6,21.1,14453,5
E01002962,Kingston upon Thames 006C,E09000021,Kingston upon Thames,12.9,21110,7,0.1,20154,7,0.0,25300,8,15.9,16652,6,-1.1,29273,9,-0.1,18140,6,23.5,12628,4,35.1,6186,2
E01002963,Kingston upon Thames 007D,E09000021,Kingston upon Thames,9.9,24659,8,0.1,16779,6,0.0,28183,9,1.1,31862,10,-1.1,29938,10,-1.0,29223,9,26.9,9325,3,27.6,10183,4
E01002964,Kingston upon Thames 005A,E09000021,Kingston upon Thames,17.3,16736,6,0.1,16833,6,0.1,24177,8,10.4,21465,7,-0.3,21396,7,0.8,5062,2,28.7,7887,3,31.2,8138,3
E01002965,Kingston upon Thames 009A,E09000021,Kingston upon Thames,13.0,21096,7,0.1,17305,6,0.1,19148,6,1.6,31274,10,-0.9,27552,9,-0.6,25184,8,32.3,5488,2,23.8,12549,4
E01002966,Kingston upon Thames 010C,E09000021,Kingston upon Thames,9.5,25187,8,0.1,22346,7,0.0,25998,8,1.7,31195,10,-1.0,28903,9,-0.6,24822,8,21.7,14682,5,35.2,6129,2
E01002967,Kingston upon Thames 009B,E09000021,Kingston upon Thames,5.3,30191,10,0.0,29603,10,0.0,30897,10,0.6,32443,10,-1.3,30717,10,-0.8,27041,9,24.9,11267,4,19.9,15376,5
E01002968,Kingston upon Thames 009C,E09000021,Kingston upon Thames,14.5,19427,6,0.1,24110,8,0.1,23403,8,3.3,29377,9,-1.0,28917,9,0.8,4993,2,31.3,6100,2,32.8,7303,3
E01002969,Kingston upon Thames 005B,E09000021,Kingston upon Thames,40.9,4000,2,0.3,2177,1,0.2,3443,2,35.9,6459,2,0.7,6900,3,-0.1,18011,6,34.0,4559,2,20.9,14652,5
E01002970,Kingston upon Thames 006D,E09000021,Kingston upon Thames,21.2,13439,5,0.1,13237,5,0.1,16612,6,16.1,16480,6,-0.2,18984,6,0.4,9882,4,38.0,2826,1,22.2,13717,5
E01002971,Kingston upon Thames 005C,E09000021,Kingston upon Thames,12.4,21686,7,0.1,16593,6,0.1,23129,8,8.4,23510,8,-0.7,25471,8,-0.3,21390,7,23.5,12619,4,27.8,10050,4
E01002972,Kingston upon Thames 005D,E09000021,Kingston upon Thames,13.6,20357,7,0.1,17349,6,0.1,23722,8,5.0,27257,9,-0.5,23328,8,-0.1,18271,6,24.3,11791,4,36.9,5433,2
E01002973,Kingston upon Thames 006E,E09000021,Kingston upon Thames,23.1,11982,4,0.2,9174,3,0.1,13510,5,16.4,16264,5,-0.1,17144,6,0.3,12338,4,33.2,4977,2,24.7,11965,4
E01002974,Kingston upon Thames 005E,E09000021,Kingston upon Thames,13.9,20020,7,0.1,14589,5,0.1,17562,6,2.6,30230,10,-0.9,28317,9,0.1,15166,5,24.8,11287,4,24.3,12252,4
E01002975,Kingston upon Thames 012A,E09000021,Kingston upon Thames,12.1,22021,7,0.1,16292,5,0.1,21747,7,5.9,26250,8,-1.5,31729,10,-0.4,22700,7,27.7,8663,3,24.8,11935,4
E01002976,Kingston upon Thames 015A,E09000021,Kingston upon Thames,8.1,26898,9,0.1,26202,8,0.0,27329,9,12.2,19747,7,-1.1,29646,10,-1.0,28873,9,25.9,10245,4,18.8,16220,5
E01002977,Kingston upon Thames 012B,E09000021,Kingston upon Thames,18.4,15741,5,0.1,10639,4,0.1,12948,4,16.6,16119,5,-0.7,26031,8,-0.1,17759,6,26.2,10011,4,17.8,17004,6
E01002978,Kingston upon Thames 015B,E09000021,Kingston upon Thames,7.4,27790,9,0.1,23219,8,0.1,23799,8,3.7,28866,9,-1.5,31775,10,-0.5,24031,8,16.9,20618,7,22.5,13454,5
E01002979,Kingston upon Thames 015C,E09000021,Kingston upon Thames,9.5,25153,8,0.1,18356,6,0.1,20519,7,4.0,28586,9,-1.3,30786,10,-0.7,26014,8,19.6,17112,6,20.3,15029,5
E01002980,Kingston upon Thames 012C,E09000021,Kingston upon Thames,7.4,27764,9,0.0,28195,9,0.0,25117,8,6.9,25134,8,-1.5,31633,10,-0.6,24493,8,24.3,11864,4,20.0,15306,5
E01002981,Kingston upon Thames 012D,E09000021,Kingston upon Thames,11.9,22235,7,0.1,19853,7,0.1,22488,7,2.8,29966,10,-1.1,29673,10,-0.3,21692,7,32.3,5471,2,26.3,11012,4
E01002982,Kingston upon Thames 015D,E09000021,Kingston upon Thames,13.6,20323,7,0.1,16840,6,0.1,20689,7,5.3,26947,9,-0.6,25274,8,-0.4,22891,7,32.0,5653,2,24.5,12097,4
E01002983,Kingston upon Thames 015E,E09000021,Kingston upon Thames,7.4,27807,9,0.1,24999,8,0.0,28584,9,2.2,30642,10,-1.6,31984,10,-0.2,19334,6,27.3,9024,3,15.8,18578,6
E01002984,Kingston upon Thames 012E,E09000021,Kingston upon Thames,17.2,16828,6,0.1,13595,5,0.1,13916,5,4.1,28375,9,-0.4,21655,7,-0.1,18210,6,23.3,12905,4,35.0,6222,2
E01002985,Kingston upon Thames 007E,E09000021,Kingston upon Thames,11.8,22446,7,0.1,16039,5,0.0,29118,9,6.2,25946,8,-0.8,27483,9,-0.2,19891,7,24.4,11746,4,32.2,7609,3
E01002986,Kingston upon Thames 008E,E09000021,Kingston upon Thames,12.6,21459,7,0.1,19231,6,0.1,20182,7,5.3,26991,9,-0.7,26145,8,-0.4,22649,7,29.0,7652,3,26.5,10837,4
E01002987,Kingston upon Thames 011B,E09000021,Kingston upon Thames,18.6,15568,5,0.1,13491,5,0.1,10995,4,2.6,30184,10,0.2,13654,5,-0.3,21086,7,24.5,11581,4,28.3,9789,3
E01002988,Kingston upon Thames 011C,E09000021,Kingston upon Thames,6.7,28712,9,0.0,31242,10,0.0,32031,10,8.1,23858,8,-1.1,29899,10,-0.6,25540,8,26.1,10067,4,23.8,12575,4
E01002989,Kingston upon Thames 011D,E09000021,Kingston upon Thames,8.6,26262,8,0.0,30140,10,0.0,32304,10,0.2,32788,10,-1.6,31959,10,0.1,14988,5,19.2,17576,6,45.9,2702,1
E01002990,Kingston upon Thames 009D,E09000021,Kingston upon Thames,7.6,27514,9,0.0,26319,9,0.0,30094,10,1.9,30988,10,-1.0,28621,9,-1.0,28798,9,26.0,10148,4,29.9,8895,3
E01002991,Kingston upon Thames 009E,E09000021,Kingston upon Thames,7.6,27489,9,0.0,31117,10,0.0,31350,10,0.2,32752,10,-1.1,29630,10,-0.2,20111,7,27.2,9092,3,32.7,7375,3
E01002992,Kingston upon Thames 010D,E09000021,Kingston upon Thames,6.6,28743,9,0.0,31479,10,0.0,32549,10,3.7,28883,9,-1.2,30163,10,-1.1,29657,10,32.7,5281,2,21.2,14406,5
E01002993,Kingston upon Thames 013C,E09000021,Kingston upon Thames,10.2,24286,8,0.1,20799,7,0.0,27906,9,1.7,31188,10,-0.7,26262,8,-0.3,21018,7,26.0,10138,4,30.3,8639,3
E01002994,Kingston upon Thames 016A,E09000021,Kingston upon Thames,7.9,27206,9,0.1,24637,8,0.0,29426,9,1.4,31591,10,-0.8,26890,9,-1.1,30139,10,31.7,5823,2,17.6,17128,6
E01002995,Kingston upon Thames 013D,E09000021,Kingston upon Thames,5.9,29593,10,0.0,30076,10,0.0,30429,10,0.3,32661,10,-1.0,29099,9,-0.4,22336,7,23.8,12342,4,21.8,13968,5
E01002996,Kingston upon Thames 016B,E09000021,Kingston upon Thames,7.6,27598,9,0.0,27603,9,0.0,24966,8,1.8,31143,10,-1.1,29520,9,-0.1,17796,6,19.5,17256,6,25.1,11714,4
E01002997,Kingston upon Thames 016C,E09000021,Kingston upon Thames,8.3,26649,9,0.0,29553,9,0.1,24569,8,1.5,31479,10,-1.3,30765,10,-0.4,22642,7,23.4,12773,4,33.5,6933,3
E01002998,Kingston upon Thames 016D,E09000021,Kingston upon Thames,14.4,19514,6,0.1,13093,4,0.1,21198,7,11.9,20015,7,-0.4,22487,7,0.0,16927,6,21.8,14568,5,21.7,14043,5
E01002999,Kingston upon Thames 013E,E09000021,Kingston upon Thames,14.4,19575,6,0.1,17131,6,0.1,22691,7,11.4,20529,7,-0.5,22784,7,0.3,12501,4,25.9,10284,4,25.3,11573,4
E01003000,Kingston upon Thames 017C,E09000021,Kingston upon Thames,19.4,14887,5,0.1,11631,4,0.1,12730,4,17.8,15265,5,-0.4,22463,7,0.3,12283,4,26.3,9871,4,17.0,17597,6
E01003001,Kingston upon Thames 017D,E09000021,Kingston upon Thames,12.8,21262,7,0.1,21936,7,0.0,25312,8,11.7,20201,7,-0.9,27691,9,0.8,4920,2,22.5,13777,5,20.8,14722,5
E01003002,Kingston upon Thames 016E,E09000021,Kingston upon Thames,17.5,16518,6,0.1,12557,4,0.1,17194,6,12.3,19672,6,-0.7,25918,8,-0.1,18609,6,32.0,5641,2,26.0,11135,4
E01003003,Kingston upon Thames 017E,E09000021,Kingston upon Thames,15.3,18639,6,0.1,15952,5,0.1,20744,7,8.1,23804,8,-0.7,25483,8,0.3,11861,4,22.9,13321,5,35.5,6010,2
E01003004,Kingston upon Thames 018D,E09000021,Kingston upon Thames,10.9,23478,8,0.1,23245,8,0.0,28331,9,11.6,20308,7,-1.2,30281,10,0.0,16467,6,27.4,8900,3,27.8,10077,4
E01003005,Kingston upon Thames 018E,E09000021,Kingston upon Thames,7.5,27643,9,0.1,26152,8,0.0,26921,9,13.9,18274,6,-1.3,30967,10,-0.9,28345,9,22.2,14043,5,16.9,17651,6
E01003006,Kingston upon Thames 001A,E09000021,Kingston upon Thames,7.8,27297,9,0.1,22756,7,0.1,21510,7,1.0,31970,10,-1.0,28858,9,-0.5,24331,8,22.2,14090,5,12.6,21386,7
E01003007,Kingston upon Thames 001B,E09000021,Kingston upon Thames,4.7,30778,10,0.1,26272,8,0.0,28876,9,1.4,31593,10,-1.9,32484,10,-0.2,19756,7,11.7,26932,9,16.7,17835,6
E01003008,Kingston upon Thames 001C,E09000021,Kingston upon Thames,3.2,32136,10,0.0,32118,10,0.0,32330,10,0.9,32112,10,-1.5,31575,10,-0.5,24423,8,12.4,26157,8,20.7,14777,5
E01003009,Kingston upon Thames 001D,E09000021,Kingston upon Thames,9.3,25452,8,0.1,19294,6,0.1,21725,7,1.9,31019,10,-1.2,30417,10,-0.7,26533,9,25.1,11037,4,17.0,17628,6
E01003010,Kingston upon Thames 001E,E09000021,Kingston upon Thames,4.3,31189,10,0.0,31789,10,0.0,30635,10,0.4,32597,10,-1.3,30681,10,-0.2,20003,7,15.2,22776,7,21.5,14223,5
E01003011,Kingston upon Thames 004E,E09000021,Kingston upon Thames,6.8,28534,9,0.1,26183,8,0.0,27196,9,0.4,32634,10,-1.5,31823,10,-0.4,22223,7,17.9,19322,6,29.3,9185,3
E01033568,Kingston upon Thames 004F,E09000021,Kingston upon Thames,13.1,20938,7,0.1,22452,7,0.0,29616,10,6.5,25556,8,-1.4,31427,10,-0.2,19901,7,24.5,11606,4,55.3,1153,1
E01033569,Kingston upon Thames 004G,E09000021,Kingston upon Thames,9.1,25602,8,0.1,20855,7,0.1,24559,8,1.3,31676,10,-1.1,29926,10,-0.4,21948,7,23.2,13020,4,25.2,11629,4
E01003013,Lambeth 036A,E09000022,Lambeth,12.3,21865,7,0.0,30923,10,0.0,32583,10,1.1,31964,10,0.1,15030,5,0.0,16073,5,26.7,9583,3,48.0,2249,1
E01003014,Lambeth 036B,E09000022,Lambeth,26.3,10007,4,0.1,11343,4,0.1,15522,5,20.5,13434,5,0.0,15815,5,1.2,2324,1,28.1,8347,3,38.5,4811,2
E01003015,Lambeth 002A,E09000022,Lambeth,26.7,9771,3,0.2,7174,3,0.1,9696,3,13.6,18488,6,0.1,14003,5,-0.2,19929,7,30.2,6822,3,40.3,4178,2
E01003016,Lambeth 036C,E09000022,Lambeth,13.3,20774,7,0.1,25908,8,0.0,29455,9,8.0,23949,8,-0.2,18948,6,-0.3,20984,7,33.8,4666,2,38.1,4949,2
E01003017,Lambeth 036D,E09000022,Lambeth,23.4,11736,4,0.1,13336,5,0.1,12251,4,9.5,22400,7,0.1,13907,5,0.3,11339,4,28.3,8185,3,45.3,2817,1
E01003018,Lambeth 020A,E09000022,Lambeth,22.5,12382,4,0.1,18910,6,0.1,23334,8,4.3,28208,9,0.2,12797,4,1.0,3762,2,25.9,10264,4,62.8,450,1
E01003019,Lambeth 015A,E09000022,Lambeth,18.8,15377,5,0.1,14446,5,0.1,18901,6,3.3,29441,9,0.1,15167,5,0.6,7755,3,25.4,10757,4,37.8,5080,2
E01003020,Lambeth 016A,E09000022,Lambeth,24.0,11385,4,0.1,13409,5,0.1,14221,5,7.6,24399,8,0.1,15148,5,1.2,2045,1,26.7,9560,3,37.5,5160,2
E01003021,Lambeth 021A,E09000022,Lambeth,33.3,6537,2,0.2,7750,3,0.1,8965,3,17.4,15550,5,1.2,2999,1,0.7,6465,2,29.8,7119,3,36.4,5642,2
E01003022,Lambeth 021B,E09000022,Lambeth,20.5,13937,5,0.1,13496,5,0.1,17241,6,6.7,25389,8,0.4,10611,4,0.1,15559,5,26.6,9652,3,41.2,3872,2
E01003023,Lambeth 021C,E09000022,Lambeth,19.3,14996,5,0.1,14474,5,0.1,23622,8,7.1,24918,8,0.3,11641,4,0.2,13492,5,25.6,10618,4,47.2,2411,1
E01003024,Lambeth 021D,E09000022,Lambeth,31.5,7290,3,0.2,5434,2,0.1,10572,4,13.3,18736,6,0.6,8390,3,0.9,3932,2,32.1,5618,2,31.7,7862,3
E01003025,Lambeth 021E,E09000022,Lambeth,21.7,12965,4,0.2,10468,4,0.1,15529,5,13.8,18318,6,0.1,14825,5,0.3,11174,4,28.1,8323,3,30.7,8387,3
E01003026,Lambeth 019A,E09000022,Lambeth,17.4,16610,6,0.1,20501,7,0.0,29911,10,4.6,27810,9,0.2,12859,4,0.9,4449,2,19.3,17489,6,50.5,1823,1
E01003027,Lambeth 019B,E09000022,Lambeth,10.1,24423,8,0.0,31858,10,0.0,32369,10,0.8,32217,10,-0.8,26546,9,0.5,9304,3,18.6,18408,6,47.4,2381,1
E01003028,Lambeth 019C,E09000022,Lambeth,19.8,14540,5,0.1,13650,5,0.1,18779,6,6.0,26126,8,0.5,9613,3,0.2,13899,5,23.5,12719,4,40.6,4060,2
E01003029,Lambeth 017A,E09000022,Lambeth,19.2,15084,5,0.1,14210,5,0.1,18464,6,2.9,29826,10,0.4,9798,3,0.3,12398,4,28.0,8457,3,33.3,7032,3
E01003030,Lambeth 019D,E09000022,Lambeth,16.7,17315,6,0.1,23594,8,0.0,29012,9,4.8,27578,9,-0.2,18535,6,0.6,7211,3,23.2,12935,4,58.0,857,1
E01003031,Lambeth 023A,E09000022,Lambeth,23.6,11631,4,0.2,8724,3,0.1,14276,5,12.0,19947,7,0.5,8745,3,-0.2,20026,7,26.3,9894,4,36.3,5684,2
E01003032,Lambeth 017B,E09000022,Lambeth,31.5,7269,3,0.2,6544,2,0.1,7616,3,4.7,27646,9,0.3,11129,4,0.6,7748,3,30.0,6973,3,52.5,1503,1
E01003033,Lambeth 019E,E09000022,Lambeth,14.9,19006,6,0.1,19833,7,0.1,23177,8,2.9,29838,10,-0.4,21662,7,0.2,12960,4,22.5,13723,5,46.9,2463,1
E01003034,Lambeth 012A,E09000022,Lambeth,18.5,15690,5,0.1,12012,4,0.1,16953,6,4.6,27731,9,-0.1,17620,6,0.0,16055,5,29.0,7685,3,32.7,7352,3
E01003035,Lambeth 012B,E09000022,Lambeth,24.9,10802,4,0.1,13489,5,0.1,18569,6,4.4,28047,9,0.1,15005,5,1.7,527,1,24.3,11857,4,45.1,2885,1
E01003036,Lambeth 012C,E09000022,Lambeth,24.2,11220,4,0.1,11728,4,0.1,13320,5,17.3,15577,5,0.3,11800,4,0.8,5671,2,25.2,10927,4,33.0,7190,3
E01003037,Lambeth 013A,E09000022,Lambeth,38.3,4779,2,0.2,4842,2,0.2,5369,2,10.1,21711,7,1.4,1674,1,0.7,6026,2,27.5,8831,3,36.7,5518,2
E01003038,Lambeth 013B,E09000022,Lambeth,14.9,18982,6,0.1,23615,8,0.0,30455,10,4.8,27593,9,-0.3,21162,7,0.7,6958,3,20.3,16306,5,53.9,1321,1
E01003039,Lambeth 013C,E09000022,Lambeth,10.6,23724,8,0.0,28425,9,0.0,30807,10,4.6,27823,9,-0.5,23402,8,0.3,12029,4,23.3,12880,4,38.6,4766,2
E01003040,Lambeth 013D,E09000022,Lambeth,21.3,13326,5,0.1,17652,6,0.1,19152,6,6.6,25494,8,0.0,16508,6,0.7,6973,3,24.0,12147,4,59.7,707,1
E01003041,Lambeth 017C,E09000022,Lambeth,34.7,6008,2,0.2,7165,3,0.1,10852,4,16.9,15918,5,0.6,7711,3,1.8,476,1,28.3,8174,3,40.3,4163,2
E01003042,Lambeth 013E,E09000022,Lambeth,26.0,10188,4,0.2,10022,4,0.1,9978,4,8.6,23253,8,0.6,7447,3,0.5,9463,3,25.9,10242,4,35.1,6205,2
E01003043,Lambeth 018A,E09000022,Lambeth,23.7,11557,4,0.2,9828,3,0.1,13844,5,5.0,27233,9,0.1,14795,5,0.7,6833,3,28.2,8268,3,39.6,4396,2
E01003044,Lambeth 018B,E09000022,Lambeth,43.1,3464,2,0.3,3190,1,0.2,2590,1,16.5,16215,5,0.8,6306,2,-0.1,18605,6,37.9,2855,1,51.5,1669,1
E01003045,Lambeth 011A,E09000022,Lambeth,38.8,4629,2,0.3,2809,1,0.2,5234,2,21.1,13089,4,0.5,9198,3,0.7,6180,2,31.6,5937,2,38.6,4748,2
E01003046,Lambeth 009A,E09000022,Lambeth,33.9,6296,2,0.2,4494,2,0.2,6481,2,21.1,13068,4,0.2,13383,5,0.0,16753,6,39.2,2416,1,36.8,5447,2
E01003047,Lambeth 011B,E09000022,Lambeth,39.6,4378,2,0.2,4607,2,0.1,8479,3,14.6,17695,6,0.6,8218,3,2.1,161,1,35.6,3812,2,38.4,4843,2
E01003048,Lambeth 009B,E09000022,Lambeth,37.9,4904,2,0.3,3019,1,0.2,5355,2,23.3,11739,4,0.5,9190,3,0.7,6454,2,30.6,6545,2,35.0,6260,2
E01003049,Lambeth 011C,E09000022,Lambeth,39.7,4341,2,0.3,3330,2,0.1,6686,3,16.6,16092,5,0.8,6154,2,1.2,2455,1,34.6,4273,2,37.8,5050,2
E01003050,Lambeth 016B,E09000022,Lambeth,27.9,9105,3,0.1,13413,5,0.1,19767,7,12.8,19237,6,0.1,15213,5,1.7,601,1,28.7,7857,3,54.4,1258,1
E01003051,Lambeth 018C,E09000022,Lambeth,36.3,5442,2,0.2,5477,2,0.1,8885,3,17.5,15469,5,0.5,8579,3,1.3,1936,1,34.2,4492,2,43.1,3375,2
E01003052,Lambeth 016C,E09000022,Lambeth,40.7,4060,2,0.3,2947,1,0.2,5803,2,20.3,13581,5,0.2,12607,4,1.1,2711,1,33.5,4842,2,49.5,2003,1
E01003053,Lambeth 015B,E09000022,Lambeth,23.2,11901,4,0.1,19582,6,0.1,21740,7,7.6,24369,8,0.2,12935,4,1.6,810,1,22.9,13290,5,50.9,1755,1
E01003054,Lambeth 015C,E09000022,Lambeth,21.8,12938,4,0.1,22265,7,0.0,28804,9,14.2,17953,6,0.5,9009,3,1.4,1304,1,21.5,14931,5,48.0,2251,1
E01003055,Lambeth 016D,E09000022,Lambeth,34.1,6234,2,0.2,8978,3,0.1,12116,4,15.7,16793,6,0.6,7980,3,2.0,198,1,27.6,8788,3,45.2,2856,1
E01003056,Lambeth 015D,E09000022,Lambeth,29.9,8059,3,0.2,8749,3,0.1,10168,4,7.7,24293,8,0.7,6656,3,0.1,15154,5,28.0,8411,3,59.3,747,1
E01003057,Lambeth 017D,E09000022,Lambeth,36.6,5352,2,0.2,4717,2,0.2,5450,2,11.9,20006,7,0.9,4694,2,0.9,4702,2,29.9,7057,3,34.8,6308,2
E01003058,Lambeth 015E,E09000022,Lambeth,24.3,11169,4,0.1,11967,4,0.1,17362,6,9.9,21989,7,0.3,11302,4,0.3,11288,4,25.4,10765,4,57.9,861,1
E01003059,Lambeth 011D,E09000022,Lambeth,39.2,4517,2,0.2,4918,2,0.1,8309,3,26.1,10262,4,0.9,5428,2,0.5,9470,3,33.9,4636,2,59.9,694,1
E01003060,Lambeth 011E,E09000022,Lambeth,36.8,5258,2,0.2,4100,2,0.1,8599,3,22.3,12373,4,0.2,12449,4,1.3,1549,1,30.4,6688,3,42.1,3638,2
E01003061,Lambeth 011F,E09000022,Lambeth,37.9,4907,2,0.1,11886,4,0.1,13061,4,21.9,12601,4,0.4,10753,4,2.1,136,1,32.8,5187,2,80.3,9,1
E01003062,Lambeth 033A,E09000022,Lambeth,22.4,12428,4,0.1,10731,4,0.1,15532,5,8.4,23491,8,-0.1,18035,6,0.7,6709,3,27.3,8965,3,39.6,4388,2
E01003063,Lambeth 033B,E09000022,Lambeth,37.7,4968,2,0.2,4217,2,0.2,5427,2,16.8,15971,5,0.7,6660,3,0.7,6613,3,39.1,2455,1,31.8,7810,3
E01003064,Lambeth 028A,E09000022,Lambeth,12.8,21253,7,0.1,24035,8,0.0,25454,8,4.2,28244,9,-0.5,23421,8,0.2,14031,5,22.7,13560,5,44.1,3118,1
E01003065,Lambeth 031A,E09000022,Lambeth,41.1,3955,2,0.3,2910,1,0.2,3395,2,19.6,13999,5,1.1,3758,2,0.6,8390,3,32.1,5604,2,27.8,10099,4
E01003066,Lambeth 028B,E09000022,Lambeth,37.4,5079,2,0.2,5090,2,0.2,6474,2,14.7,17575,6,1.1,3811,2,1.2,2285,1,28.7,7911,3,34.3,6560,2
E01003067,Lambeth 033C,E09000022,Lambeth,20.5,13955,5,0.1,11840,4,0.1,16178,5,4.0,28529,9,0.1,14900,5,0.5,8673,3,22.9,13304,5,40.2,4205,2
E01003068,Lambeth 031B,E09000022,Lambeth,28.8,8594,3,0.2,8126,3,0.1,11494,4,16.6,16079,5,0.3,11080,4,0.9,4753,2,27.5,8858,3,40.7,4035,2
E01003069,Lambeth 033D,E09000022,Lambeth,32.7,6797,3,0.2,7469,3,0.1,7763,3,11.5,20444,7,0.4,10532,4,1.1,2999,1,30.1,6935,3,45.7,2754,1
E01003070,Lambeth 033E,E09000022,Lambeth,43.8,3295,2,0.3,1959,1,0.2,3765,2,24.2,11246,4,0.9,5078,2,0.4,10036,4,39.2,2435,1,31.2,8175,3
E01003071,Lambeth 018D,E09000022,Lambeth,16.1,17838,6,0.1,18312,6,0.1,24099,8,4.1,28357,9,-0.2,19674,6,0.3,11336,4,25.6,10548,4,45.1,2862,1
E01003072,Lambeth 014A,E09000022,Lambeth,16.5,17496,6,0.1,16462,6,0.1,19803,7,1.0,32030,10,-0.2,19672,6,0.3,12482,4,24.9,11214,4,41.9,3680,2
E01003073,Lambeth 014B,E09000022,Lambeth,30.2,7919,3,0.2,5710,2,0.1,8118,3,13.6,18536,6,0.2,13474,5,0.5,9746,3,26.3,9935,4,45.2,2834,1
E01003074,Lambeth 018E,E09000022,Lambeth,24.6,11024,4,0.1,14185,5,0.1,14733,5,8.6,23324,8,-0.4,22684,7,1.6,808,1,25.3,10823,4,43.7,3244,1
E01003075,Lambeth 009C,E09000022,Lambeth,42.6,3565,2,0.3,2449,1,0.2,2955,1,24.5,11079,4,0.8,5941,2,0.5,8437,3,31.4,6005,2,34.3,6571,3
E01003076,Lambeth 014C,E09000022,Lambeth,18.5,15651,5,0.1,12317,4,0.1,16311,5,6.8,25300,8,0.0,16758,6,0.1,15680,5,27.4,8913,3,31.2,8160,3
E01003077,Lambeth 014D,E09000022,Lambeth,19.6,14746,5,0.1,13603,5,0.1,18999,6,5.6,26641,9,0.1,14594,5,0.2,13088,4,25.9,10239,4,44.5,3019,1
E01003078,Lambeth 014E,E09000022,Lambeth,10.8,23508,8,0.1,23587,8,0.0,28636,9,1.2,31813,10,-0.6,25275,8,0.2,13767,5,19.7,17005,6,41.0,3940,2
E01003079,Lambeth 027A,E09000022,Lambeth,30.8,7655,3,0.2,9024,3,0.1,9628,3,14.5,17754,6,0.5,8864,3,1.0,3894,2,31.9,5747,2,40.6,4076,2
E01003080,Lambeth 027B,E09000022,Lambeth,18.5,15676,5,0.1,15404,5,0.1,17616,6,4.6,27806,9,-0.4,22367,7,0.4,10982,4,26.8,9468,3,45.1,2875,1
E01003081,Lambeth 028C,E09000022,Lambeth,29.7,8157,3,0.2,7853,3,0.1,9702,3,8.8,23091,8,0.2,12874,4,0.8,5678,2,29.6,7266,3,50.1,1899,1
E01003082,Lambeth 031C,E09000022,Lambeth,30.2,7936,3,0.2,6167,2,0.1,7003,3,10.0,21829,7,0.4,10286,4,0.6,7124,3,28.4,8076,3,33.4,7004,3
E01003083,Lambeth 030A,E09000022,Lambeth,19.7,14658,5,0.1,14562,5,0.1,14509,5,3.7,28852,9,0.0,16384,5,0.3,12592,4,27.1,9163,3,40.1,4218,2
E01003084,Lambeth 030B,E09000022,Lambeth,19.3,14997,5,0.1,17020,6,0.1,19066,6,4.3,28119,9,-0.4,22696,7,0.7,6666,3,23.4,12734,4,54.0,1309,1
E01003085,Lambeth 030C,E09000022,Lambeth,16.4,17595,6,0.1,19993,7,0.1,22576,7,9.2,22651,7,-0.6,24197,8,0.5,8869,3,28.1,8332,3,40.5,4091,2
E01003086,Lambeth 031D,E09000022,Lambeth,31.4,7351,3,0.2,4943,2,0.2,6256,2,19.1,14353,5,0.4,10568,4,0.1,15283,5,32.2,5547,2,27.4,10336,4
E01003087,Lambeth 031E,E09000022,Lambeth,42.5,3600,2,0.3,2296,1,0.2,4296,2,32.6,7592,3,1.3,2139,1,-0.1,18114,6,30.4,6708,3,28.2,9823,3
E01003088,Lambeth 010A,E09000022,Lambeth,32.4,6905,3,0.2,8260,3,0.1,11314,4,10.8,21050,7,0.6,8080,3,1.4,1478,1,30.5,6604,3,45.9,2705,1
E01003089,Lambeth 008A,E09000022,Lambeth,31.4,7326,3,0.2,5240,2,0.1,10608,4,17.8,15271,5,-0.1,17532,6,0.6,7781,3,33.2,4995,2,48.5,2167,1
E01003090,Lambeth 012D,E09000022,Lambeth,25.4,10501,4,0.1,14437,5,0.1,18042,6,6.0,26128,8,0.5,8946,3,0.6,7225,3,28.0,8442,3,61.7,525,1
E01003091,Lambeth 008B,E09000022,Lambeth,23.4,11741,4,0.2,8757,3,0.1,16542,6,11.7,20223,7,-0.1,17350,6,0.3,11363,4,29.8,7087,3,41.8,3710,2
E01003092,Lambeth 008C,E09000022,Lambeth,36.6,5334,2,0.3,3843,2,0.1,7494,3,17.0,15828,5,1.2,2894,1,0.5,8589,3,31.2,6171,2,31.6,7955,3
E01003093,Lambeth 010B,E09000022,Lambeth,33.3,6561,2,0.2,4223,2,0.1,7054,3,14.2,18020,6,0.2,13388,5,0.4,11015,4,34.2,4483,2,41.5,3781,2
E01003094,Lambeth 010C,E09000022,Lambeth,30.4,7822,3,0.2,6906,3,0.1,12027,4,6.7,25390,8,0.6,8148,3,1.4,1242,1,25.3,10836,4,37.5,5174,2
E01003095,Lambeth 012E,E09000022,Lambeth,19.8,14572,5,0.1,18514,6,0.1,23258,8,3.0,29678,10,-0.1,17361,6,1.3,1802,1,25.3,10834,4,43.8,3207,1
E01003096,Lambeth 010D,E09000022,Lambeth,25.5,10488,4,0.1,16868,6,0.1,22375,7,6.7,25363,8,0.7,6853,3,0.9,3934,2,24.0,12139,4,65.0,298,1
E01003097,Lambeth 006A,E09000022,Lambeth,32.2,7024,3,0.2,6689,3,0.1,7149,3,14.9,17409,6,0.9,5105,2,0.3,11483,4,30.1,6916,3,36.0,5803,2
E01003098,Lambeth 005A,E09000022,Lambeth,23.4,11756,4,0.1,11033,4,0.1,17165,6,5.3,27007,9,0.0,15370,5,0.7,6375,2,26.4,9772,3,50.5,1830,1
E01003099,Lambeth 005B,E09000022,Lambeth,26.6,9835,3,0.2,9712,3,0.1,15957,5,12.0,19937,7,-0.3,21023,7,1.4,1408,1,29.0,7647,3,43.5,3310,2
E01003100,Lambeth 005C,E09000022,Lambeth,16.9,17071,6,0.1,25003,8,0.0,28921,9,7.2,24850,8,-0.1,17858,6,0.5,8891,3,24.9,11221,4,59.6,726,1
E01003101,Lambeth 003A,E09000022,Lambeth,28.2,8915,3,0.2,7568,3,0.1,10086,4,15.8,16736,6,0.4,9733,3,0.5,9181,3,28.4,8079,3,35.9,5838,2
E01003102,Lambeth 004A,E09000022,Lambeth,25.9,10233,4,0.1,12400,4,0.1,12339,4,3.9,28710,9,0.1,14938,5,0.9,4453,2,31.4,6019,2,49.6,1980,1
E01003104,Lambeth 004C,E09000022,Lambeth,24.6,10988,4,0.1,13899,5,0.1,19376,6,6.5,25640,8,-0.2,19663,6,0.5,9388,3,30.8,6398,2,80.7,7,1
E01003105,Lambeth 003B,E09000022,Lambeth,29.3,8374,3,0.2,5678,2,0.1,10035,4,9.0,22806,7,0.4,10378,4,0.4,9997,4,31.8,5787,2,37.6,5134,2
E01003106,Lambeth 003C,E09000022,Lambeth,27.2,9487,3,0.2,8233,3,0.1,10444,4,5.4,26824,9,0.2,13718,5,0.5,8658,3,26.7,9561,3,50.8,1784,1
E01003107,Lambeth 003D,E09000022,Lambeth,17.5,16537,6,0.1,15210,5,0.1,20934,7,7.9,24025,8,-0.3,21188,7,0.1,15216,5,24.2,11914,4,47.4,2378,1
E01003108,Lambeth 002B,E09000022,Lambeth,33.2,6591,3,0.2,5805,2,0.1,6637,3,12.4,19563,6,0.4,10021,4,0.6,8237,3,33.5,4835,2,42.2,3616,2
E01003109,Lambeth 003E,E09000022,Lambeth,27.6,9248,3,0.1,11022,4,0.1,14482,5,8.2,23753,8,0.3,11164,4,0.4,11005,4,34.1,4501,2,60.1,676,1
E01003110,Lambeth 002C,E09000022,Lambeth,17.4,16598,6,0.1,16499,6,0.1,21565,7,5.1,27191,9,0.0,16033,5,-0.1,17765,6,27.2,9091,3,46.0,2673,1
E01003111,Lambeth 002D,E09000022,Lambeth,35.3,5781,2,0.3,3821,2,0.2,6261,2,26.0,10329,4,0.7,7262,3,-0.2,20104,7,31.5,5962,2,37.1,5368,2
E01003112,Lambeth 002E,E09000022,Lambeth,29.9,8065,3,0.2,6259,2,0.1,7265,3,12.1,19825,7,0.3,11581,4,0.1,15851,5,32.2,5536,2,39.5,4419,2
E01003113,Lambeth 032A,E09000022,Lambeth,23.2,11942,4,0.1,13620,5,0.1,17675,6,12.3,19613,6,0.0,15491,5,0.5,8613,3,27.3,9010,3,53.3,1387,1
E01003114,Lambeth 032B,E09000022,Lambeth,22.4,12492,4,0.1,15930,5,0.1,19528,6,6.4,25758,8,-0.3,21232,7,0.9,4765,2,30.2,6844,3,56.7,994,1
E01003115,Lambeth 034A,E09000022,Lambeth,20.5,13952,5,0.1,13617,5,0.1,17262,6,8.1,23846,8,0.0,16550,6,0.4,10268,4,25.9,10259,4,44.4,3059,1
E01003116,Lambeth 029A,E09000022,Lambeth,20.5,13964,5,0.1,16763,6,0.1,16539,6,4.8,27590,9,0.0,16453,6,0.3,12090,4,35.3,3920,2,42.0,3670,2
E01003117,Lambeth 029B,E09000022,Lambeth,22.2,12619,4,0.1,13916,5,0.1,17443,6,7.6,24350,8,-0.1,17531,6,0.6,7262,3,26.8,9467,3,52.4,1516,1
E01003118,Lambeth 029C,E09000022,Lambeth,22.8,12194,4,0.1,10830,4,0.1,15955,5,4.0,28483,9,0.0,15532,5,0.8,5804,2,27.5,8808,3,41.9,3694,2
E01003119,Lambeth 032C,E09000022,Lambeth,22.0,12753,4,0.1,17829,6,0.1,18772,6,6.3,25807,8,0.2,13446,5,0.6,8281,3,29.5,7337,3,56.1,1060,1
E01003120,Lambeth 032D,E09000022,Lambeth,32.9,6716,3,0.1,10580,4,0.1,12545,4,13.1,18998,6,0.4,10052,4,0.5,9398,3,38.8,2572,1,80.3,8,1
E01003121,Lambeth 006B,E09000022,Lambeth,32.8,6760,3,0.3,3951,2,0.2,6215,2,18.2,14965,5,0.6,8010,3,0.0,16064,5,29.0,7623,3,30.2,8670,3
E01003122,Lambeth 004D,E09000022,Lambeth,25.8,10330,4,0.1,11025,4,0.1,16729,6,12.2,19765,7,1.0,4615,2,-0.6,25105,8,32.3,5464,2,46.4,2584,1
E01003123,Lambeth 006C,E09000022,Lambeth,19.2,15107,5,0.1,15806,5,0.1,18396,6,2.2,30717,10,-0.3,20062,7,0.6,7531,3,23.1,13115,4,50.8,1775,1
E01003124,Lambeth 006D,E09000022,Lambeth,29.9,8081,3,0.2,7467,3,0.1,12670,4,11.3,20598,7,0.1,14403,5,0.4,11089,4,33.8,4658,2,60.7,624,1
E01003125,Lambeth 006E,E09000022,Lambeth,30.3,7884,3,0.2,4881,2,0.1,8095,3,18.2,14993,5,0.1,14319,5,0.4,10212,4,30.6,6510,2,32.4,7522,3
E01003126,Lambeth 008D,E09000022,Lambeth,28.7,8668,3,0.2,7175,3,0.1,9362,3,12.3,19716,7,0.4,10614,4,0.4,10431,4,31.3,6089,2,37.8,5082,2
E01003127,Lambeth 010E,E09000022,Lambeth,26.1,10122,4,0.1,13272,5,0.1,15403,5,9.0,22881,7,0.1,15010,5,0.8,4914,2,30.5,6612,3,57.9,869,1
E01003128,Lambeth 008E,E09000022,Lambeth,34.4,6116,2,0.2,5296,2,0.1,7861,3,22.7,12086,4,0.6,8501,3,0.6,7988,3,36.2,3533,2,35.1,6176,2
E01003129,Lambeth 004E,E09000022,Lambeth,24.3,11167,4,0.1,13611,5,0.1,19428,6,17.0,15830,5,-0.1,16826,6,0.3,11333,4,27.5,8805,3,63.8,374,1
E01003130,Lambeth 026A,E09000022,Lambeth,17.4,16679,6,0.1,15810,5,0.1,20286,7,5.2,27091,9,-0.5,23757,8,0.5,9730,3,23.8,12313,4,45.7,2744,1
E01003131,Lambeth 026B,E09000022,Lambeth,18.3,15900,5,0.1,21546,7,0.1,23374,8,4.0,28528,9,-0.7,25846,8,1.0,3434,2,24.8,11371,4,54.5,1238,1
E01003132,Lambeth 024A,E09000022,Lambeth,32.2,7016,3,0.2,5585,2,0.1,6791,3,17.1,15768,5,0.8,5929,2,0.2,13903,5,30.0,6945,3,32.0,7713,3
E01003133,Lambeth 027C,E09000022,Lambeth,24.5,11078,4,0.1,10784,4,0.1,13912,5,2.5,30279,10,0.3,11594,4,0.8,5780,2,26.6,9631,3,45.1,2876,1
E01003134,Lambeth 027D,E09000022,Lambeth,19.6,14757,5,0.1,13483,5,0.1,15074,5,7.3,24689,8,0.1,15163,5,0.4,10319,4,23.6,12514,4,35.0,6261,2
E01003135,Lambeth 026C,E09000022,Lambeth,31.6,7255,3,0.2,8452,3,0.1,9763,3,14.5,17727,6,0.8,5972,2,0.5,9003,3,25.4,10747,4,55.7,1094,1
E01003136,Lambeth 022A,E09000022,Lambeth,23.3,11860,4,0.1,14845,5,0.1,18456,6,6.1,26023,8,-0.2,18689,6,0.1,15325,5,30.9,6371,2,70.7,92,1
E01003137,Lambeth 022B,E09000022,Lambeth,29.3,8364,3,0.2,5975,2,0.1,11638,4,14.8,17535,6,0.2,12759,4,0.7,6877,3,32.3,5493,2,37.4,5224,2
E01003138,Lambeth 026D,E09000022,Lambeth,10.6,23730,8,0.0,28852,9,0.0,31511,10,1.4,31602,10,-0.7,25687,8,0.1,14311,5,22.0,14366,5,48.2,2211,1
E01003139,Lambeth 035A,E09000022,Lambeth,13.5,20521,7,0.1,19735,7,0.0,24930,8,13.6,18479,6,-0.5,23452,8,-0.1,18111,6,25.4,10730,4,32.7,7367,3
E01003140,Lambeth 035B,E09000022,Lambeth,16.9,17091,6,0.1,12563,4,0.1,21213,7,11.9,20074,7,-0.1,17803,6,-0.3,21148,7,26.4,9799,3,31.8,7853,3
E01003141,Lambeth 034B,E09000022,Lambeth,24.0,11366,4,0.1,11273,4,0.1,13316,5,9.0,22875,7,-0.1,18061,6,0.4,11126,4,30.4,6712,3,49.2,2032,1
E01003142,Lambeth 035C,E09000022,Lambeth,18.2,15996,5,0.1,13602,5,0.1,20049,7,17.5,15493,5,-0.2,19667,6,-0.1,18733,6,25.0,11078,4,38.0,4993,2
E01003143,Lambeth 035D,E09000022,Lambeth,28.8,8591,3,0.2,5929,2,0.1,7263,3,18.3,14950,5,-0.1,16800,6,0.2,14169,5,29.9,7021,3,33.8,6775,3
E01003144,Lambeth 034C,E09000022,Lambeth,17.4,16659,6,0.1,19941,7,0.1,23480,8,2.7,30106,10,0.0,16492,6,0.9,4139,2,25.1,10960,4,40.2,4191,2
E01003145,Lambeth 034D,E09000022,Lambeth,23.6,11635,4,0.1,15110,5,0.1,19155,6,10.6,21267,7,0.0,16040,5,0.6,7931,3,29.5,7322,3,60.4,655,1
E01003146,Lambeth 035E,E09000022,Lambeth,25.1,10705,4,0.2,8134,3,0.1,11277,4,12.9,19092,6,0.2,13537,5,0.1,15003,5,29.7,7210,3,35.6,5963,2
E01003147,Lambeth 034E,E09000022,Lambeth,20.6,13846,5,0.1,10548,4,0.1,13151,5,8.4,23475,8,-0.5,23584,8,0.2,13434,5,26.0,10182,4,37.9,5011,2
E01003148,Lambeth 032E,E09000022,Lambeth,19.0,15274,5,0.1,13383,5,0.1,17109,6,5.0,27249,9,-0.2,19216,6,0.0,16418,5,26.0,10193,4,45.4,2808,1
E01003149,Lambeth 030D,E09000022,Lambeth,15.2,18720,6,0.1,17327,6,0.1,20005,7,3.2,29461,9,-0.6,24330,8,-0.8,26840,9,31.1,6212,2,40.8,4013,2
E01003150,Lambeth 032F,E09000022,Lambeth,26.5,9888,4,0.2,7643,3,0.1,11829,4,10.3,21586,7,0.3,12301,4,0.4,10247,4,33.1,5027,2,34.9,6292,2
E01003151,Lambeth 026E,E09000022,Lambeth,33.1,6636,3,0.3,3866,2,0.1,7574,3,19.2,14235,5,0.6,8377,3,0.2,13474,5,33.7,4709,2,28.7,9558,3
E01003152,Lambeth 027E,E09000022,Lambeth,13.0,21006,7,0.1,22156,7,0.0,26313,9,3.2,29519,9,-0.8,26551,9,-0.1,18027,6,24.5,11656,4,48.8,2114,1
E01003153,Lambeth 029D,E09000022,Lambeth,14.8,19158,6,0.1,20577,7,0.0,28445,9,4.4,27985,9,-0.3,20377,7,0.4,10069,4,24.5,11636,4,45.9,2688,1
E01003154,Lambeth 030E,E09000022,Lambeth,28.2,8914,3,0.2,6554,2,0.1,7553,3,13.3,18743,6,0.4,9763,3,0.1,15102,5,28.3,8179,3,30.8,8356,3
E01003155,Lambeth 029E,E09000022,Lambeth,19.1,15185,5,0.1,16964,6,0.1,18303,6,4.1,28457,9,-0.5,23608,8,0.9,4752,2,24.1,12064,4,46.8,2489,1
E01003156,Lambeth 023B,E09000022,Lambeth,18.6,15573,5,0.1,15120,5,0.1,17502,6,1.9,31009,10,0.5,9305,3,0.0,17108,6,22.6,13682,5,40.5,4087,2
E01003157,Lambeth 023C,E09000022,Lambeth,13.8,20129,7,0.1,17298,6,0.0,24875,8,1.7,31243,10,-0.5,22780,7,0.4,10658,4,19.0,17887,6,40.4,4140,2
E01003158,Lambeth 023D,E09000022,Lambeth,7.6,27507,9,0.0,29349,9,0.0,30582,10,4.4,28092,9,-0.4,22402,7,-0.4,22466,7,16.5,21032,7,34.0,6665,3
E01003159,Lambeth 022C,E09000022,Lambeth,36.2,5458,2,0.2,4724,2,0.2,6347,2,18.9,14459,5,0.7,6895,3,0.8,5871,2,33.9,4650,2,35.9,5865,2
E01003160,Lambeth 022D,E09000022,Lambeth,29.3,8375,3,0.2,7181,3,0.1,13371,5,21.9,12589,4,-0.2,19464,6,0.0,16309,5,38.3,2736,1,52.3,1532,1
E01003161,Lambeth 023E,E09000022,Lambeth,18.9,15308,5,0.1,12817,4,0.1,19288,6,4.2,28307,9,0.4,10832,4,0.3,12306,4,25.1,11001,4,33.9,6740,3
E01003162,Lambeth 022E,E09000022,Lambeth,27.3,9410,3,0.2,7123,3,0.1,11315,4,26.0,10340,4,0.3,12197,4,0.1,15226,5,29.3,7405,3,32.1,7668,3
E01003163,Lambeth 023F,E09000022,Lambeth,15.1,18787,6,0.1,16760,6,0.1,22303,7,2.1,30771,10,-0.4,21813,7,0.6,7616,3,23.9,12270,4,33.3,7044,3
E01003164,Lambeth 025A,E09000022,Lambeth,28.1,8977,3,0.2,10342,4,0.1,13871,5,8.6,23318,8,0.1,14940,5,0.9,4263,2,30.3,6720,3,58.1,853,1
E01003165,Lambeth 025B,E09000022,Lambeth,22.3,12526,4,0.2,10043,4,0.1,13227,5,4.5,27874,9,-0.5,23046,8,0.5,8940,3,28.1,8327,3,42.6,3501,2
E01003166,Lambeth 028D,E09000022,Lambeth,17.9,16219,5,0.1,13146,5,0.1,18934,6,6.5,25567,8,-0.7,25689,8,0.2,13389,5,27.9,8501,3,40.3,4151,2
E01003167,Lambeth 028E,E09000022,Lambeth,14.5,19446,6,0.1,22691,7,0.1,22140,7,0.9,32104,10,-0.4,21661,7,0.3,11596,4,25.6,10611,4,43.8,3208,1
E01003168,Lambeth 025C,E09000022,Lambeth,40.4,4141,2,0.3,3690,2,0.2,4639,2,24.7,10978,4,0.7,6953,3,0.9,4678,2,33.4,4890,2,38.3,4861,2
E01003169,Lambeth 025D,E09000022,Lambeth,23.4,11737,4,0.1,12930,4,0.1,12594,4,5.5,26719,9,0.1,14804,5,0.7,6020,2,28.3,8222,3,41.5,3806,2
E01003170,Lambeth 025E,E09000022,Lambeth,12.5,21658,7,0.1,21062,7,0.0,26971,9,0.8,32259,10,-0.5,23701,8,0.6,7187,3,22.9,13276,5,32.6,7434,3
E01003171,Lambeth 020B,E09000022,Lambeth,25.4,10536,4,0.1,11642,4,0.1,15109,5,11.6,20350,7,0.3,11630,4,0.5,9606,3,26.4,9838,3,55.2,1173,1
E01003172,Lambeth 024B,E09000022,Lambeth,30.6,7715,3,0.2,4852,2,0.1,8349,3,19.1,14355,5,0.4,10940,4,0.1,15579,5,32.9,5124,2,31.8,7846,3
E01003173,Lambeth 020C,E09000022,Lambeth,15.4,18535,6,0.1,20806,7,0.1,24409,8,4.3,28205,9,-0.4,22586,7,0.7,6869,3,21.3,15185,5,46.1,2641,1
E01003174,Lambeth 024C,E09000022,Lambeth,33.6,6425,2,0.3,3538,2,0.1,7000,3,22.5,12217,4,0.3,11019,4,0.4,10177,4,30.8,6399,2,29.4,9133,3
E01003175,Lambeth 024D,E09000022,Lambeth,36.0,5531,2,0.2,4356,2,0.2,5035,2,26.8,9923,4,0.6,8354,3,0.3,11424,4,32.6,5349,2,31.3,8085,3
E01003176,Lambeth 016E,E09000022,Lambeth,35.2,5818,2,0.2,4563,2,0.1,11507,4,14.0,18200,6,0.1,13748,5,1.7,567,1,31.7,5873,2,42.7,3479,2
E01003177,Lambeth 020D,E09000022,Lambeth,25.7,10365,4,0.1,11648,4,0.1,16223,5,9.0,22914,7,0.1,14137,5,0.7,6516,2,27.5,8839,3,59.1,760,1
E01003178,Lambeth 020E,E09000022,Lambeth,21.7,12993,4,0.1,17533,6,0.1,19849,7,5.1,27155,9,-0.1,17614,6,0.8,5758,2,24.2,11935,4,62.7,456,1
E01003179,Lambeth 024E,E09000022,Lambeth,31.0,7576,3,0.3,3970,2,0.1,8742,3,27.6,9557,3,0.1,14993,5,0.0,16546,6,31.9,5704,2,29.2,9278,3
E01003180,Lambeth 005D,E09000022,Lambeth,22.4,12452,4,0.1,10924,4,0.1,11959,4,6.8,25216,8,0.1,14450,5,0.5,8821,3,26.6,9617,3,32.8,7288,3
E01003181,Lambeth 007A,E09000022,Lambeth,37.3,5124,2,0.3,3837,2,0.2,6039,2,10.0,21808,7,0.6,7510,3,1.1,2928,1,30.4,6685,3,40.6,4083,2
E01003182,Lambeth 009D,E09000022,Lambeth,26.6,9827,3,0.2,9326,3,0.1,9595,3,11.9,20072,7,0.0,15397,5,0.5,8578,3,32.0,5637,2,37.5,5183,2
E01003183,Lambeth 005E,E09000022,Lambeth,28.8,8600,3,0.2,7512,3,0.1,8983,3,10.4,21412,7,0.4,10152,4,0.2,13079,4,31.8,5765,2,41.8,3697,2
E01003184,Lambeth 007B,E09000022,Lambeth,33.4,6491,2,0.3,3940,2,0.2,6295,2,20.2,13663,5,0.4,10822,4,0.4,9861,4,29.9,7036,3,31.4,8080,3
E01003185,Lambeth 007C,E09000022,Lambeth,27.1,9547,3,0.2,8259,3,0.1,12196,4,8.5,23401,8,0.7,6757,3,0.6,7423,3,25.9,10215,4,37.4,5229,2
E01003186,Lambeth 007D,E09000022,Lambeth,19.8,14548,5,0.1,15045,5,0.1,19017,6,3.0,29733,10,-0.3,21382,7,0.7,6231,2,26.9,9336,3,47.8,2287,1
E01003187,Lambeth 007E,E09000022,Lambeth,35.8,5622,2,0.3,3587,2,0.1,7440,3,15.3,17138,6,0.5,9322,3,0.6,7803,3,30.9,6384,2,46.6,2529,1
E01003188,Lambeth 009E,E09000022,Lambeth,38.4,4753,2,0.2,4571,2,0.2,5046,2,15.8,16767,6,0.5,8729,3,1.3,1836,1,31.8,5798,2,38.1,4935,2
E01032582,Lambeth 036E,E09000022,Lambeth,29.6,8211,3,0.2,10027,4,0.1,15654,5,11.7,20284,7,0.5,9147,3,0.0,16267,5,32.4,5425,2,91.6,1,1
E01033207,Lambeth 004F,E09000022,Lambeth,38.1,4844,2,0.2,5515,2,0.2,6199,2,11.0,20889,7,1.0,4162,2,0.8,5765,2,33.2,4970,2,50.9,1773,1
E01033208,Lambeth 004G,E09000022,Lambeth,18.8,15397,5,0.1,18487,6,0.1,24270,8,1.7,31255,10,-0.8,27487,9,0.1,15343,5,28.2,8300,3,76.8,22,1
E01003189,Lewisham 034A,E09000023,Lewisham,43.3,3400,2,0.3,3349,2,0.2,2766,1,29.4,8807,3,0.7,6795,3,0.6,8014,3,39.6,2305,1,31.3,8099,3
E01003190,Lewisham 034B,E09000023,Lewisham,34.7,5993,2,0.2,4876,2,0.1,7794,3,22.0,12551,4,0.5,9043,3,0.9,4395,2,37.8,2894,1,24.5,12125,4
E01003191,Lewisham 034C,E09000023,Lewisham,34.9,5923,2,0.2,5488,2,0.1,6724,3,32.8,7517,3,0.3,11260,4,0.2,12991,4,40.4,2073,1,30.8,8380,3
E01003192,Lewisham 034D,E09000023,Lewisham,48.7,2371,1,0.3,2765,1,0.2,2765,1,34.6,6924,3,0.8,5813,2,0.9,4368,2,51.0,215,1,23.7,12634,4
E01003193,Lewisham 029A,E09000023,Lewisham,31.2,7450,3,0.2,9652,3,0.1,10445,4,23.6,11545,4,0.2,13172,5,1.2,2456,1,37.9,2863,1,32.7,7347,3
E01003194,Lewisham 029B,E09000023,Lewisham,34.5,6054,2,0.2,4873,2,0.1,7035,3,26.4,10097,4,0.3,11894,4,0.5,8812,3,39.5,2349,1,28.8,9499,3
E01003195,Lewisham 029C,E09000023,Lewisham,20.6,13849,5,0.1,12370,4,0.1,17032,6,11.2,20733,7,-0.1,18342,6,0.0,16651,6,33.3,4929,2,37.5,5186,2
E01003196,Lewisham 029D,E09000023,Lewisham,42.4,3631,2,0.2,4970,2,0.2,5247,2,38.1,5881,2,0.8,5896,2,1.2,2459,1,34.7,4201,2,39.0,4623,2
E01003197,Lewisham 029E,E09000023,Lewisham,43.6,3348,2,0.3,2533,1,0.2,3400,2,39.3,5570,2,0.4,10132,4,0.6,7686,3,39.1,2447,1,29.8,8935,3
E01003198,Lewisham 009A,E09000023,Lewisham,18.6,15575,5,0.1,11732,4,0.1,13163,5,5.3,27006,9,-0.2,18803,6,0.0,17364,6,26.7,9532,3,28.4,9706,3
E01003199,Lewisham 007A,E09000023,Lewisham,13.5,20519,7,0.1,18809,6,0.1,22109,7,2.6,30176,10,-0.6,25013,8,0.4,10294,4,27.8,8570,3,26.5,10854,4
E01003200,Lewisham 009B,E09000023,Lewisham,11.6,22667,7,0.0,27917,9,0.0,31167,10,1.2,31772,10,-0.8,27269,9,0.7,7037,3,26.2,9981,4,39.6,4398,2
E01003201,Lewisham 007B,E09000023,Lewisham,28.2,8912,3,0.2,9406,3,0.1,9324,3,11.9,20052,7,-0.3,19953,7,0.9,4381,2,31.5,5963,2,44.7,2979,1
E01003202,Lewisham 009C,E09000023,Lewisham,9.2,25548,8,0.0,28539,9,0.0,31315,10,1.5,31431,10,-0.9,28393,9,0.1,14511,5,21.0,15499,5,41.1,3901,2
E01003203,Lewisham 009D,E09000023,Lewisham,24.6,10983,4,0.2,7839,3,0.1,13893,5,7.2,24828,8,0.1,14215,5,0.1,14842,5,34.1,4549,2,38.4,4833,2
E01003204,Lewisham 007C,E09000023,Lewisham,20.8,13701,5,0.1,13038,4,0.1,17164,6,14.8,17536,6,0.1,14021,5,0.5,9023,3,31.2,6168,2,25.1,11688,4
E01003205,Lewisham 007D,E09000023,Lewisham,36.3,5441,2,0.2,4419,2,0.1,7214,3,32.9,7479,3,0.5,9353,3,0.5,9017,3,37.1,3178,1,31.8,7830,3
E01003206,Lewisham 007E,E09000023,Lewisham,14.3,19655,6,0.1,18458,6,0.1,21843,7,7.5,24536,8,-0.7,25861,8,-0.4,22592,7,32.3,5468,2,33.1,7148,3
E01003207,Lewisham 005A,E09000023,Lewisham,36.7,5288,2,0.2,4840,2,0.1,7113,3,22.3,12335,4,0.4,10980,4,0.9,4161,2,38.4,2698,1,38.4,4850,2
E01003209,Lewisham 005B,E09000023,Lewisham,25.8,10315,4,0.1,10953,4,0.1,13111,4,10.1,21716,7,0.2,13500,5,0.3,12411,4,44.4,1162,1,32.5,7452,3
E01003210,Lewisham 005C,E09000023,Lewisham,22.3,12574,4,0.1,15563,5,0.1,17923,6,9.3,22566,7,-0.2,19558,6,0.7,6599,3,34.6,4277,2,46.4,2580,1
E01003211,Lewisham 008B,E09000023,Lewisham,23.4,11780,4,0.1,12446,4,0.1,12605,4,9.5,22402,7,0.0,16512,6,0.6,8330,3,31.0,6310,2,39.3,4522,2
E01003212,Lewisham 005D,E09000023,Lewisham,22.9,12114,4,0.1,12572,4,0.1,16938,6,8.9,22976,7,0.0,15710,5,0.7,6634,3,31.2,6184,2,42.7,3480,2
E01003213,Lewisham 008C,E09000023,Lewisham,20.8,13684,5,0.1,13550,5,0.1,18140,6,6.2,25969,8,0.0,15717,5,0.9,4537,2,32.6,5305,2,28.3,9810,3
E01003214,Lewisham 008D,E09000023,Lewisham,26.3,10004,4,0.2,10491,4,0.1,13004,4,14.2,18026,6,0.1,14723,5,0.6,7268,3,35.1,4050,2,39.5,4432,2
E01003215,Lewisham 005E,E09000023,Lewisham,24.8,10868,4,0.1,15733,5,0.1,24152,8,14.8,17470,6,-0.1,17139,6,1.0,3454,2,39.0,2485,1,50.9,1769,1
E01003216,Lewisham 025A,E09000023,Lewisham,22.7,12238,4,0.1,12535,4,0.1,11643,4,10.4,21496,7,0.1,14475,5,0.2,13020,4,34.5,4317,2,29.8,8952,3
E01003217,Lewisham 022A,E09000023,Lewisham,21.0,13562,5,0.1,12366,4,0.1,16618,6,12.4,19602,6,-0.2,18532,6,0.1,14862,5,25.8,10325,4,46.6,2523,1
E01003218,Lewisham 022B,E09000023,Lewisham,15.8,18170,6,0.1,14779,5,0.1,19665,6,6.3,25893,8,-0.1,17167,6,-0.2,19872,7,22.7,13531,5,35.3,6078,2
E01003219,Lewisham 025B,E09000023,Lewisham,18.3,15835,5,0.1,13396,5,0.1,15641,5,12.6,19408,6,-0.5,23756,8,-0.4,22006,7,29.4,7388,3,35.3,6091,2
E01003220,Lewisham 022C,E09000023,Lewisham,25.0,10734,4,0.2,10223,4,0.1,11541,4,10.2,21639,7,0.3,11104,4,0.2,13779,5,28.8,7805,3,42.1,3652,2
E01003221,Lewisham 025C,E09000023,Lewisham,31.6,7242,3,0.2,8548,3,0.1,8003,3,11.8,20116,7,0.2,13457,5,0.5,8645,3,44.4,1158,1,40.3,4159,2
E01003222,Lewisham 022D,E09000023,Lewisham,22.1,12694,4,0.1,12804,4,0.1,13126,4,12.8,19238,6,-0.1,16872,6,0.0,15973,5,30.2,6840,3,40.4,4125,2
E01003223,Lewisham 025D,E09000023,Lewisham,16.8,17192,6,0.1,17697,6,0.1,20337,7,8.3,23638,8,-0.5,23755,8,0.5,8893,3,32.6,5325,2,30.0,8836,3
E01003224,Lewisham 022E,E09000023,Lewisham,22.1,12703,4,0.1,10641,4,0.1,12047,4,13.2,18896,6,-0.4,22046,7,-0.4,21999,7,26.3,9858,4,45.9,2690,1
E01003225,Lewisham 015A,E09000023,Lewisham,9.4,25222,8,0.1,23547,8,0.0,25919,8,4.4,28086,9,-0.6,24656,8,-0.6,24815,8,21.5,14879,5,31.4,8064,3
E01003226,Lewisham 019A,E09000023,Lewisham,16.8,17209,6,0.1,17674,6,0.1,21120,7,4.7,27663,9,-0.2,19532,6,0.1,15455,5,26.1,10127,4,46.9,2461,1
E01003227,Lewisham 019B,E09000023,Lewisham,14.7,19214,6,0.1,17527,6,0.1,22514,7,4.5,27931,9,-0.4,21780,7,-0.1,18293,6,23.9,12249,4,42.5,3533,2
E01003228,Lewisham 019C,E09000023,Lewisham,18.1,16022,5,0.1,17731,6,0.1,19005,6,6.2,25979,8,0.1,15191,5,0.2,13813,5,22.8,13390,5,48.6,2151,1
E01003229,Lewisham 019D,E09000023,Lewisham,32.5,6878,3,0.2,4523,2,0.2,5555,2,18.3,14927,5,0.3,12002,4,0.1,15791,5,36.2,3538,2,25.8,11274,4
E01003230,Lewisham 019E,E09000023,Lewisham,22.0,12776,4,0.2,9947,4,0.1,10460,4,12.2,19751,7,-0.2,19106,6,-0.1,17866,6,30.5,6588,3,27.0,10542,4
E01003231,Lewisham 015B,E09000023,Lewisham,23.6,11609,4,0.1,12898,4,0.1,13957,5,9.6,22307,7,0.3,11614,4,0.2,12780,4,29.5,7308,3,46.3,2596,1
E01003232,Lewisham 015C,E09000023,Lewisham,12.3,21837,7,0.1,19920,7,0.1,19616,6,4.3,28143,9,-0.4,22099,7,-0.1,17434,6,23.0,13174,5,25.5,11455,4
E01003233,Lewisham 015D,E09000023,Lewisham,16.3,17613,6,0.1,16304,5,0.1,18690,6,11.0,20893,7,-0.5,22983,7,-0.3,20837,7,24.2,11896,4,41.1,3909,2
E01003235,Lewisham 038A,E09000023,Lewisham,28.4,8806,3,0.2,7612,3,0.1,9188,3,16.5,16175,5,0.2,13530,5,0.6,8318,3,36.1,3585,2,27.4,10309,4
E01003236,Lewisham 037A,E09000023,Lewisham,36.8,5272,2,0.2,5445,2,0.2,6060,2,32.2,7751,3,0.3,12209,4,0.4,10208,4,37.8,2900,1,43.1,3383,2
E01003237,Lewisham 037B,E09000023,Lewisham,30.6,7764,3,0.2,6767,3,0.1,9487,3,28.5,9195,3,-0.1,18145,6,0.5,9365,3,37.5,3007,1,33.6,6925,3
E01003238,Lewisham 037C,E09000023,Lewisham,36.6,5339,2,0.2,4488,2,0.2,5326,2,30.3,8432,3,0.5,9526,3,0.5,8942,3,35.1,4048,2,30.3,8607,3
E01003239,Lewisham 037D,E09000023,Lewisham,34.4,6092,2,0.2,4453,2,0.1,8220,3,28.4,9216,3,0.2,13003,4,0.2,13789,5,38.0,2840,1,39.3,4498,2
E01003240,Lewisham 038B,E09000023,Lewisham,32.4,6899,3,0.2,6377,2,0.1,8302,3,21.8,12642,4,0.1,13744,5,0.8,5333,2,37.8,2903,1,32.5,7447,3
E01003241,Lewisham 038C,E09000023,Lewisham,33.1,6627,3,0.2,6920,3,0.1,7507,3,18.2,14986,5,0.3,11708,4,0.8,5917,2,45.1,1038,1,24.8,11888,4
E01003243,Lewisham 038D,E09000023,Lewisham,37.5,5046,2,0.2,5521,2,0.1,7901,3,29.2,8882,3,0.4,10816,4,0.7,6189,2,44.1,1219,1,40.3,4180,2
E01003244,Lewisham 001A,E09000023,Lewisham,29.2,8412,3,0.2,4294,2,0.1,7789,3,11.4,20481,7,0.0,15734,5,0.0,16646,6,37.9,2879,1,21.8,13965,5
E01003245,Lewisham 001B,E09000023,Lewisham,35.3,5786,2,0.3,3311,2,0.2,6593,3,19.6,14030,5,0.3,12198,4,0.2,12792,4,42.5,1533,1,26.5,10883,4
E01003246,Lewisham 002A,E09000023,Lewisham,41.0,3988,2,0.3,2147,1,0.2,5999,2,14.5,17780,6,0.4,10133,4,0.7,6185,2,41.3,1840,1,42.7,3491,2
E01003247,Lewisham 001C,E09000023,Lewisham,18.0,16096,5,0.1,16471,6,0.1,23757,8,5.0,27256,9,-0.2,18783,6,0.0,17386,6,33.1,5013,2,48.1,2243,1
E01003248,Lewisham 002B,E09000023,Lewisham,30.8,7672,3,0.2,5208,2,0.1,10007,4,12.6,19378,6,0.0,15483,5,0.8,5820,2,38.9,2538,1,31.4,8078,3
E01003249,Lewisham 001D,E09000023,Lewisham,24.5,11039,4,0.2,7679,3,0.1,11909,4,7.9,24064,8,0.5,9264,3,-0.5,23518,8,38.5,2663,1,19.4,15759,5
E01003250,Lewisham 001E,E09000023,Lewisham,30.1,7991,3,0.2,6995,3,0.1,11940,4,12.1,19829,7,0.3,11561,4,0.3,12628,4,38.2,2760,1,48.6,2150,1
E01003251,Lewisham 002C,E09000023,Lewisham,28.2,8929,3,0.2,7239,3,0.1,12554,4,24.1,11270,4,0.2,13621,5,0.4,10563,4,39.4,2375,1,24.9,11825,4
E01003252,Lewisham 002D,E09000023,Lewisham,39.5,4413,2,0.3,1761,1,0.2,6000,2,26.0,10335,4,0.3,11075,4,0.5,8466,3,38.0,2847,1,26.8,10653,4
E01003253,Lewisham 002E,E09000023,Lewisham,35.9,5562,2,0.2,5509,2,0.2,6416,2,22.9,11985,4,0.2,13015,4,1.2,2434,1,39.1,2462,1,27.9,10031,4
E01003254,Lewisham 021A,E09000023,Lewisham,12.2,21913,7,0.1,23943,8,0.0,28512,9,4.0,28546,9,-0.7,25738,8,0.4,11114,4,23.5,12698,4,41.9,3695,2
E01003255,Lewisham 021B,E09000023,Lewisham,17.5,16542,6,0.1,15496,5,0.1,21986,7,7.5,24526,8,-0.6,24358,8,0.3,11920,4,30.5,6597,3,41.4,3821,2
E01003256,Lewisham 028A,E09000023,Lewisham,30.4,7863,3,0.2,8489,3,0.1,8090,3,11.7,20197,7,0.4,10431,4,0.9,4880,2,38.2,2769,1,28.9,9456,3
E01003257,Lewisham 028B,E09000023,Lewisham,21.9,12841,4,0.1,11687,4,0.1,14280,5,9.0,22830,7,0.2,13513,5,0.1,15459,5,36.3,3498,2,27.9,10009,4
E01003258,Lewisham 028C,E09000023,Lewisham,31.2,7446,3,0.2,4702,2,0.1,9209,3,17.9,15240,5,0.3,11313,4,0.1,15702,5,44.5,1135,1,18.6,16317,5
E01003259,Lewisham 028D,E09000023,Lewisham,21.1,13495,5,0.1,11257,4,0.1,16596,6,6.5,25649,8,-0.1,17922,6,0.6,7806,3,29.6,7264,3,35.3,6100,2
E01003260,Lewisham 021C,E09000023,Lewisham,14.4,19513,6,0.1,17437,6,0.1,17949,6,3.2,29561,10,-0.7,25741,8,-0.2,20292,7,32.5,5378,2,26.7,10755,4
E01003261,Lewisham 021D,E09000023,Lewisham,15.6,18301,6,0.1,16887,6,0.1,18231,6,4.1,28407,9,-0.7,25402,8,0.0,16025,5,27.8,8584,3,37.1,5360,2
E01003262,Lewisham 021E,E09000023,Lewisham,19.1,15134,5,0.1,15084,5,0.1,16879,6,4.8,27540,9,-0.1,18301,6,0.2,13063,4,31.3,6099,2,39.2,4554,2
E01003263,Lewisham 023A,E09000023,Lewisham,28.1,8997,3,0.2,7159,3,0.1,9776,3,17.2,15687,5,0.3,11880,4,0.6,8356,3,33.5,4811,2,25.1,11717,4
E01003264,Lewisham 031A,E09000023,Lewisham,26.4,9917,4,0.2,8511,3,0.1,9570,3,17.8,15282,5,0.4,10055,4,0.0,16376,5,34.3,4448,2,23.0,13094,4
E01003265,Lewisham 031B,E09000023,Lewisham,29.5,8272,3,0.2,6285,2,0.1,9216,3,22.7,12119,4,0.0,15587,5,0.2,13041,4,36.4,3473,2,31.7,7880,3
E01003266,Lewisham 031C,E09000023,Lewisham,39.3,4473,2,0.2,4485,2,0.2,4261,2,28.1,9367,3,0.6,7708,3,0.0,17193,6,50.0,312,1,20.3,15067,5
E01003267,Lewisham 031D,E09000023,Lewisham,35.1,5847,2,0.2,5869,2,0.2,4572,2,24.9,10881,4,0.3,11143,4,0.4,10119,4,38.9,2520,1,27.5,10257,4
E01003268,Lewisham 023B,E09000023,Lewisham,22.9,12132,4,0.1,11168,4,0.1,12628,4,11.1,20805,7,-0.1,18140,6,0.3,12602,4,30.5,6583,3,39.1,4576,2
E01003269,Lewisham 023C,E09000023,Lewisham,27.7,9214,3,0.2,9240,3,0.1,10804,4,15.3,17158,6,0.1,14340,5,0.1,14467,5,47.2,681,1,25.2,11682,4
E01003270,Lewisham 023D,E09000023,Lewisham,11.5,22714,7,0.1,22665,7,0.1,24113,8,6.0,26136,8,-0.8,26830,9,-0.3,21144,7,29.7,7144,3,29.3,9184,3
E01003271,Lewisham 023E,E09000023,Lewisham,8.8,26075,8,0.0,26767,9,0.0,28815,9,8.0,23891,8,-0.9,27845,9,-0.2,19584,6,25.1,11024,4,25.7,11337,4
E01003272,Lewisham 014A,E09000023,Lewisham,18.8,15368,5,0.1,15339,5,0.1,16765,6,2.5,30333,10,-0.3,20183,7,0.1,15261,5,30.6,6523,2,44.7,2970,1
E01003273,Lewisham 011A,E09000023,Lewisham,17.1,16925,6,0.1,15935,5,0.1,23876,8,9.5,22412,7,-0.5,23480,8,0.1,15743,5,36.0,3622,2,35.7,5948,2
E01003274,Lewisham 014B,E09000023,Lewisham,17.0,16957,6,0.1,13688,5,0.1,17393,6,3.9,28704,9,-0.2,19111,6,0.2,14159,5,27.4,8898,3,30.5,8495,3
E01003275,Lewisham 014C,E09000023,Lewisham,30.6,7727,3,0.2,5081,2,0.1,7066,3,16.0,16583,6,0.4,10199,4,-0.3,21449,7,39.4,2363,1,21.7,14050,5
E01003276,Lewisham 014D,E09000023,Lewisham,20.7,13770,5,0.1,12584,4,0.1,13221,5,4.6,27846,9,-0.2,19517,6,0.6,7784,3,27.5,8835,3,34.9,6296,2
E01003277,Lewisham 011B,E09000023,Lewisham,22.3,12566,4,0.1,12007,4,0.1,13904,5,4.9,27397,9,0.2,13106,4,0.4,10786,4,33.0,5106,2,34.0,6714,3
E01003278,Lewisham 011C,E09000023,Lewisham,26.2,10084,4,0.2,8602,3,0.1,13749,5,10.6,21312,7,0.3,11035,4,0.6,7234,3,30.3,6729,3,38.3,4869,2
E01003279,Lewisham 011D,E09000023,Lewisham,16.3,17690,6,0.1,17422,6,0.1,21456,7,2.2,30693,10,-0.1,17526,6,0.1,15488,5,26.2,9984,4,43.6,3286,2
E01003280,Lewisham 016A,E09000023,Lewisham,27.0,9617,3,0.2,7920,3,0.1,9361,3,21.2,13026,4,0.3,10987,4,-0.2,19098,6,34.1,4529,2,24.8,11883,4
E01003281,Lewisham 016B,E09000023,Lewisham,17.2,16775,6,0.1,19260,6,0.1,18698,6,4.2,28272,9,-0.1,16811,6,0.6,8273,3,29.8,7129,3,32.8,7293,3
E01003282,Lewisham 013A,E09000023,Lewisham,23.4,11731,4,0.1,12120,4,0.1,16048,5,20.7,13327,5,0.1,14103,5,0.4,10087,4,34.1,4502,2,31.2,8159,3
E01003283,Lewisham 013B,E09000023,Lewisham,11.3,22979,7,0.1,25740,8,0.0,29131,9,0.8,32222,10,-0.9,27670,9,0.0,16381,5,25.4,10722,4,46.0,2678,1
E01003284,Lewisham 013C,E09000023,Lewisham,19.3,14973,5,0.1,14753,5,0.1,17991,6,13.4,18681,6,-0.3,20849,7,0.2,13296,5,29.4,7385,3,39.5,4435,2
E01003285,Lewisham 016C,E09000023,Lewisham,13.7,20277,7,0.1,18883,6,0.0,26526,9,10.2,21615,7,-0.8,27006,9,0.4,10216,4,26.0,10143,4,32.0,7702,3
E01003286,Lewisham 013D,E09000023,Lewisham,30.2,7935,3,0.2,5846,2,0.1,8101,3,14.4,17826,6,0.5,8760,3,0.5,9567,3,33.4,4902,2,25.2,11640,4
E01003287,Lewisham 016D,E09000023,Lewisham,12.6,21549,7,0.1,21040,7,0.1,20730,7,1.4,31572,10,-0.7,25386,8,0.0,17169,6,21.8,14574,5,38.5,4781,2
E01003288,Lewisham 012A,E09000023,Lewisham,30.8,7648,3,0.2,6305,2,0.1,10829,4,12.7,19311,6,0.4,9996,4,0.5,8653,3,39.0,2482,1,36.9,5434,2
E01003290,Lewisham 012C,E09000023,Lewisham,45.9,2875,1,0.3,3153,1,0.2,3387,2,16.2,16431,6,1.5,1411,1,0.7,6203,2,39.3,2410,1,34.0,6683,3
E01003291,Lewisham 012D,E09000023,Lewisham,45.0,3061,1,0.3,2712,1,0.2,2191,1,24.7,10975,4,1.1,3837,2,0.6,7288,3,36.6,3357,2,25.0,11762,4
E01003292,Lewisham 017A,E09000023,Lewisham,20.6,13870,5,0.1,14873,5,0.1,20004,7,8.0,23948,8,0.1,13821,5,0.7,6177,2,28.9,7724,3,38.5,4783,2
E01003293,Lewisham 017B,E09000023,Lewisham,28.1,9001,3,0.2,10335,4,0.1,11421,4,15.0,17325,6,0.1,13839,5,0.7,6621,3,33.6,4752,2,45.5,2793,1
E01003295,Lewisham 017D,E09000023,Lewisham,29.3,8362,3,0.2,8069,3,0.1,10272,4,13.7,18427,6,0.3,11466,4,0.0,16514,6,36.0,3633,2,48.5,2164,1
E01003296,Lewisham 012E,E09000023,Lewisham,28.6,8690,3,0.1,13668,5,0.1,21241,7,15.7,16805,6,-0.1,18031,6,1.1,3132,1,41.7,1744,1,61.2,579,1
E01003297,Lewisham 003A,E09000023,Lewisham,29.4,8320,3,0.1,13435,5,0.1,20065,7,12.4,19552,6,0.9,5187,2,0.4,11063,4,60.5,12,1,36.8,5479,2
E01003298,Lewisham 039A,E09000023,Lewisham,32.1,7030,3,0.2,5378,2,0.1,8493,3,9.5,22329,7,0.1,13950,5,0.3,11621,4,50.1,301,1,25.2,11638,4
E01003299,Lewisham 003B,E09000023,Lewisham,33.0,6679,3,0.2,7702,3,0.1,8249,3,10.9,20968,7,0.3,11455,4,1.0,3298,2,35.2,4004,2,46.6,2535,1
E01003300,Lewisham 039B,E09000023,Lewisham,33.9,6321,2,0.3,3998,2,0.2,6135,2,17.6,15368,5,0.4,9997,4,0.2,13334,5,38.5,2672,1,24.9,11832,4
E01003301,Lewisham 003C,E09000023,Lewisham,25.7,10338,4,0.1,12390,4,0.1,20754,7,9.5,22327,7,0.0,15973,5,0.8,5576,2,46.7,767,1,40.9,3982,2
E01003302,Lewisham 003D,E09000023,Lewisham,31.7,7226,3,0.2,6154,2,0.1,12075,4,14.3,17947,6,0.2,13114,4,0.9,4689,2,46.8,754,1,27.5,10277,4
E01003303,Lewisham 039C,E09000023,Lewisham,40.1,4228,2,0.3,3945,2,0.1,7676,3,14.0,18139,6,0.5,9015,3,1.7,541,1,38.9,2499,1,37.7,5107,2
E01003304,Lewisham 039D,E09000023,Lewisham,36.0,5552,2,0.2,6480,2,0.1,10093,4,18.7,14602,5,0.0,15544,5,1.2,2157,1,42.4,1573,1,49.8,1945,1
E01003305,Lewisham 003E,E09000023,Lewisham,43.3,3393,2,0.3,3176,1,0.2,4932,2,15.0,17365,6,0.8,5454,2,1.0,3620,2,44.3,1188,1,39.3,4505,2
E01003307,Lewisham 024A,E09000023,Lewisham,19.3,14975,5,0.1,13036,4,0.1,14900,5,7.1,24912,8,-0.3,20957,7,0.0,15912,5,28.0,8406,3,39.2,4539,2
E01003308,Lewisham 024B,E09000023,Lewisham,23.4,11739,4,0.1,10616,4,0.1,11924,4,8.9,22938,7,-0.1,18025,6,0.3,11420,4,29.3,7431,3,41.2,3873,2
E01003309,Lewisham 027A,E09000023,Lewisham,32.1,7032,3,0.2,4181,2,0.1,10324,4,21.9,12613,4,0.1,14054,5,0.8,5184,2,35.4,3874,2,27.1,10447,4
E01003310,Lewisham 027B,E09000023,Lewisham,29.6,8220,3,0.2,7649,3,0.1,7933,3,9.7,22114,7,0.2,13024,4,0.8,5196,2,35.4,3887,2,31.3,8125,3
E01003311,Lewisham 027C,E09000023,Lewisham,17.4,16689,6,0.1,17284,6,0.1,17094,6,5.9,26223,8,-0.5,23431,8,0.3,12262,4,25.2,10924,4,43.6,3281,1
E01003312,Lewisham 027D,E09000023,Lewisham,17.6,16478,6,0.1,16443,6,0.1,16906,6,8.8,23119,8,-0.2,19327,6,0.1,14953,5,29.4,7369,3,33.7,6847,3
E01003313,Lewisham 027E,E09000023,Lewisham,35.4,5772,2,0.2,4528,2,0.1,7517,3,23.6,11547,4,0.2,13479,5,1.0,3715,2,40.9,1949,1,24.7,11994,4
E01003314,Lewisham 024C,E09000023,Lewisham,17.1,16906,6,0.1,16094,5,0.1,18624,6,4.9,27414,9,-0.3,20576,7,0.2,14033,5,24.9,11226,4,42.7,3492,2
E01003315,Lewisham 024D,E09000023,Lewisham,27.4,9376,3,0.2,8937,3,0.1,15300,5,10.5,21339,7,0.6,7598,3,0.6,8055,3,29.3,7461,3,46.6,2527,1
E01003316,Lewisham 024E,E09000023,Lewisham,17.2,16797,6,0.1,14875,5,0.1,23144,8,5.5,26757,9,-0.2,18481,6,0.3,12179,4,24.4,11769,4,44.3,3071,1
E01003317,Lewisham 020A,E09000023,Lewisham,28.0,9020,3,0.1,12228,4,0.1,14206,5,8.8,23117,8,0.0,16712,6,0.8,5609,2,37.0,3201,1,59.9,692,1
E01003318,Lewisham 020B,E09000023,Lewisham,47.1,2640,1,0.2,5204,2,0.2,3041,1,15.0,17392,6,0.8,6051,2,1.2,2034,1,43.6,1299,1,60.3,661,1
E01003319,Lewisham 018A,E09000023,Lewisham,31.2,7432,3,0.2,7257,3,0.1,9020,3,22.9,11962,4,0.0,15890,5,0.7,6070,2,35.7,3770,2,38.4,4841,2
E01003320,Lewisham 018B,E09000023,Lewisham,35.1,5862,2,0.2,4671,2,0.1,7206,3,14.6,17706,6,0.6,7548,3,0.7,6851,3,37.5,3005,1,34.1,6622,3
E01003321,Lewisham 020C,E09000023,Lewisham,32.2,7006,3,0.2,7788,3,0.2,5430,2,13.3,18780,6,0.5,9603,3,0.5,9059,3,31.2,6152,2,41.4,3835,2
E01003322,Lewisham 020D,E09000023,Lewisham,24.4,11144,4,0.1,11406,4,0.1,12917,4,11.4,20539,7,0.3,11308,4,-0.3,21402,7,30.0,6957,3,48.8,2110,1
E01003323,Lewisham 018C,E09000023,Lewisham,34.1,6210,2,0.2,7260,3,0.2,6359,2,13.0,19009,6,0.5,9131,3,0.5,8597,3,34.0,4563,2,51.6,1645,1
E01003324,Lewisham 020E,E09000023,Lewisham,37.1,5192,2,0.2,6388,2,0.1,7067,3,17.1,15725,5,0.4,10590,4,1.2,2065,1,37.8,2898,1,45.6,2759,1
E01003325,Lewisham 018D,E09000023,Lewisham,36.3,5420,2,0.2,7071,3,0.1,9575,3,18.9,14492,5,0.5,9366,3,0.8,5199,2,36.2,3546,2,62.7,452,1
E01003326,Lewisham 035A,E09000023,Lewisham,28.9,8566,3,0.2,6658,3,0.1,10566,4,9.0,22907,7,0.6,7792,3,0.3,12549,4,27.4,8903,3,45.2,2849,1
E01003327,Lewisham 035B,E09000023,Lewisham,16.4,17542,6,0.1,18963,6,0.1,19867,7,7.4,24599,8,-0.4,22380,7,0.2,13215,5,29.3,7469,3,39.0,4628,2
E01003328,Lewisham 035C,E09000023,Lewisham,26.3,9994,4,0.2,9296,3,0.1,10693,4,7.3,24725,8,0.1,14010,5,0.3,11254,4,40.6,2028,1,31.8,7842,3
E01003329,Lewisham 033A,E09000023,Lewisham,19.2,15104,5,0.1,14808,5,0.1,16453,6,10.7,21215,7,-0.1,18175,6,0.5,9164,3,28.1,8330,3,31.7,7910,3
E01003330,Lewisham 033B,E09000023,Lewisham,34.1,6223,2,0.2,5033,2,0.1,7506,3,18.1,15090,5,-0.1,17927,6,0.6,8247,3,47.7,605,1,30.7,8430,3
E01003331,Lewisham 033C,E09000023,Lewisham,26.9,9668,3,0.2,7836,3,0.1,8730,3,9.3,22585,7,0.4,10319,4,0.4,10166,4,33.5,4805,2,23.1,13066,4
E01003332,Lewisham 033D,E09000023,Lewisham,27.5,9292,3,0.2,8817,3,0.1,12405,4,12.7,19276,6,0.6,8433,3,0.6,7819,3,41.2,1868,1,19.1,15961,5
E01003333,Lewisham 035D,E09000023,Lewisham,24.8,10875,4,0.1,12384,4,0.1,14266,5,24.0,11382,4,-0.1,16854,6,0.3,11658,4,29.2,7477,3,46.5,2555,1
E01003334,Lewisham 033E,E09000023,Lewisham,28.8,8598,3,0.2,8320,3,0.1,9498,3,13.3,18786,6,0.3,11771,4,0.6,7696,3,36.0,3643,2,34.1,6657,3
E01003335,Lewisham 035E,E09000023,Lewisham,33.7,6377,2,0.2,4211,2,0.1,6667,3,19.6,14023,5,0.4,10794,4,0.7,6436,2,33.9,4644,2,24.9,11820,4
E01003336,Lewisham 010A,E09000023,Lewisham,34.0,6255,2,0.3,3022,1,0.2,5621,2,17.0,15810,5,0.4,10598,4,0.0,16363,5,34.0,4589,2,26.6,10815,4
E01003337,Lewisham 010B,E09000023,Lewisham,33.3,6555,2,0.2,4629,2,0.2,5587,2,32.0,7808,3,0.2,12766,4,-0.2,19765,7,35.3,3931,2,24.2,12319,4
E01003338,Lewisham 006A,E09000023,Lewisham,34.6,6016,2,0.2,5771,2,0.1,9061,3,22.2,12401,4,0.2,12445,4,1.2,2047,1,37.3,3076,1,33.2,7114,3
E01003339,Lewisham 006B,E09000023,Lewisham,26.5,9904,4,0.2,9915,4,0.1,11702,4,8.3,23608,8,0.0,15475,5,0.8,5243,2,35.6,3808,2,36.7,5498,2
E01003340,Lewisham 006C,E09000023,Lewisham,18.9,15279,5,0.1,17121,6,0.1,21872,7,3.6,28993,9,-0.5,23381,8,0.5,8456,3,35.7,3751,2,44.7,2963,1
E01003341,Lewisham 006D,E09000023,Lewisham,20.7,13761,5,0.1,15752,5,0.1,18409,6,2.3,30476,10,-0.1,17689,6,0.3,11744,4,28.8,7845,3,57.1,955,1
E01003342,Lewisham 010C,E09000023,Lewisham,19.5,14816,5,0.1,15753,5,0.1,18555,6,9.7,22174,7,0.3,11982,4,-0.3,21557,7,30.9,6345,2,40.8,4008,2
E01003343,Lewisham 006E,E09000023,Lewisham,21.8,12904,4,0.1,11205,4,0.1,15481,5,9.4,22460,7,-0.3,20425,7,0.1,14796,5,31.8,5782,2,43.5,3292,2
E01003344,Lewisham 010D,E09000023,Lewisham,19.6,14722,5,0.1,11910,4,0.1,14524,5,5.7,26472,9,-0.3,20089,7,-0.1,18434,6,29.4,7345,3,37.7,5109,2
E01003345,Lewisham 010E,E09000023,Lewisham,16.7,17292,6,0.1,13747,5,0.1,21364,7,9.6,22269,7,-0.1,17494,6,-0.3,21000,7,28.7,7856,3,32.3,7557,3
E01003346,Lewisham 026A,E09000023,Lewisham,34.4,6095,2,0.2,5787,2,0.1,7043,3,22.6,12198,4,-0.1,18136,6,1.0,3472,2,37.9,2861,1,36.5,5579,2
E01003347,Lewisham 030A,E09000023,Lewisham,44.7,3111,1,0.3,1344,1,0.2,2481,1,26.3,10160,4,0.6,7418,3,0.3,12200,4,40.0,2190,1,17.9,16911,6
E01003348,Lewisham 030B,E09000023,Lewisham,25.7,10341,4,0.2,9920,4,0.1,13507,5,19.2,14228,5,-0.1,17415,6,0.7,6215,2,35.0,4093,2,31.9,7758,3
E01003349,Lewisham 026B,E09000023,Lewisham,33.2,6581,3,0.2,6244,2,0.1,8903,3,34.9,6810,3,0.5,8830,3,-0.3,21475,7,44.9,1073,1,24.6,12032,4
E01003350,Lewisham 030C,E09000023,Lewisham,33.8,6323,2,0.2,5811,2,0.2,6275,2,22.8,12032,4,0.3,11574,4,0.4,10028,4,41.5,1778,1,27.3,10391,4
E01003351,Lewisham 026C,E09000023,Lewisham,37.2,5161,2,0.2,5066,2,0.1,7304,3,28.4,9235,3,0.6,7973,3,0.3,12106,4,38.0,2842,1,46.3,2594,1
E01003352,Lewisham 030D,E09000023,Lewisham,31.0,7572,3,0.2,5855,2,0.1,9378,3,22.3,12353,4,0.0,15909,5,0.7,6601,3,41.2,1882,1,21.9,13896,5
E01003353,Lewisham 030E,E09000023,Lewisham,21.6,13110,4,0.1,12402,4,0.1,17751,6,13.3,18720,6,-0.1,17899,6,0.4,10008,4,29.1,7551,3,41.5,3790,2
E01003354,Lewisham 026D,E09000023,Lewisham,22.1,12732,4,0.1,12501,4,0.1,13797,5,8.3,23605,8,-0.2,19230,6,0.1,15826,5,39.1,2453,1,34.5,6482,2
E01032564,Lewisham 037E,E09000023,Lewisham,40.1,4245,2,0.3,3048,1,0.2,4310,2,25.8,10431,4,0.5,9078,3,0.5,9369,3,39.2,2428,1,32.4,7547,3
E01032565,Lewisham 038E,E09000023,Lewisham,37.2,5131,2,0.2,5399,2,0.2,6458,2,27.8,9462,3,0.4,9811,3,0.4,11002,4,46.7,786,1,33.9,6722,3
E01032579,Lewisham 039E,E09000023,Lewisham,36.0,5514,2,0.2,5654,2,0.1,7117,3,15.9,16663,6,0.5,8555,3,1.2,2262,1,40.5,2058,1,28.2,9844,3
E01033320,Lewisham 017E,E09000023,Lewisham,21.9,12864,4,0.1,13090,4,0.1,11666,4,7.2,24832,8,-0.1,18275,6,0.1,14603,5,32.4,5420,2,38.2,4913,2
E01033322,Lewisham 017F,E09000023,Lewisham,22.6,12310,4,0.1,13752,5,0.1,19329,6,8.7,23246,8,0.0,16007,5,-0.3,20348,7,39.6,2317,1,51.5,1665,1
E01033324,Lewisham 008E,E09000023,Lewisham,32.6,6828,3,0.2,6758,3,0.1,9235,3,13.0,19003,6,0.3,12196,4,0.9,4458,2,30.7,6455,2,52.9,1454,1
E01033325,Lewisham 008F,E09000023,Lewisham,19.8,14504,5,0.0,27478,9,0.0,32656,10,7.6,24414,8,-0.1,18221,6,-0.6,24788,8,43.5,1326,1,84.1,2,1
E01033327,Lewisham 012F,E09000023,Lewisham,33.7,6379,2,0.1,11621,4,0.1,12319,4,6.9,25101,8,0.4,10024,4,1.7,635,1,33.8,4665,2,62.1,493,1
E01033341,Lewisham 012G,E09000023,Lewisham,31.6,7263,3,0.2,7915,3,0.1,10825,4,15.8,16743,6,0.2,12865,4,1.0,3640,2,35.8,3733,2,45.1,2872,1
E01003355,Merton 009A,E09000024,Merton,8.7,26208,8,0.0,27267,9,0.0,30694,10,1.0,32011,10,-0.7,25418,8,-0.3,21274,7,17.3,19992,7,42.5,3536,2
E01003356,Merton 009B,E09000024,Merton,6.0,29487,9,0.0,26779,9,0.0,29317,9,0.7,32298,10,-1.3,30896,10,-0.8,27724,9,16.1,21527,7,31.0,8238,3
E01003357,Merton 012A,E09000024,Merton,27.0,9578,3,0.2,5189,2,0.1,9593,3,17.4,15567,5,0.4,10519,4,-0.1,17706,6,24.5,11600,4,27.3,10372,4
E01003358,Merton 009C,E09000024,Merton,5.5,30058,10,0.0,29998,10,0.0,31449,10,1.7,31211,10,-1.0,28742,9,-0.3,21262,7,15.5,22335,7,27.9,9994,4
E01003359,Merton 006A,E09000024,Merton,16.0,17931,6,0.1,12749,4,0.1,21475,7,5.8,26404,9,-0.1,18091,6,0.0,16933,6,18.4,18627,6,38.7,4729,2
E01003360,Merton 006B,E09000024,Merton,7.5,27696,9,0.0,29006,9,0.0,29986,10,2.0,30853,10,-0.8,27204,9,0.1,14923,5,15.4,22512,7,33.2,7095,3
E01003361,Merton 015A,E09000024,Merton,9.5,25156,8,0.1,18576,6,0.1,24428,8,3.4,29219,9,-0.7,26268,8,-0.7,26468,9,18.3,18760,6,27.2,10440,4
E01003362,Merton 021A,E09000024,Merton,8.2,26874,9,0.1,23457,8,0.0,26957,9,3.4,29310,9,-0.7,26379,9,-0.5,23639,8,20.1,16533,6,26.3,10988,4
E01003363,Merton 021B,E09000024,Merton,5.9,29530,9,0.0,28680,9,0.0,29866,10,5.8,26344,9,-1.2,30545,10,0.0,17385,6,17.9,19240,6,18.0,16805,6
E01003364,Merton 021C,E09000024,Merton,6.7,28695,9,0.1,25585,8,0.0,29550,9,3.2,29492,9,-0.9,27827,9,-1.1,30147,10,23.1,13076,4,22.9,13203,5
E01003365,Merton 021D,E09000024,Merton,6.8,28557,9,0.1,22654,7,0.0,27061,9,3.5,29137,9,-1.2,30246,10,-0.3,21733,7,16.1,21528,7,19.4,15735,5
E01003366,Merton 016A,E09000024,Merton,18.4,15790,5,0.1,15622,5,0.1,18786,6,17.6,15416,5,0.0,16429,6,0.2,12947,4,22.1,14175,5,36.5,5592,2
E01003367,Merton 005A,E09000024,Merton,14.4,19521,6,0.1,21982,7,0.0,30418,10,1.9,31031,10,-0.7,25482,8,0.4,11031,4,24.4,11693,4,55.8,1090,1
E01003368,Merton 008A,E09000024,Merton,16.6,17401,6,0.1,15687,5,0.1,20540,7,8.8,23080,8,-0.4,22166,7,0.2,13155,5,29.1,7563,3,33.3,7067,3
E01003369,Merton 005B,E09000024,Merton,12.3,21838,7,0.1,21635,7,0.0,26708,9,3.3,29359,9,-0.2,19277,6,-0.4,23023,8,18.7,18272,6,46.5,2545,1
E01003370,Merton 005C,E09000024,Merton,13.1,20897,7,0.1,19278,6,0.0,26674,9,3.3,29370,9,-0.2,18990,6,0.1,15340,5,20.4,16159,5,40.5,4093,2
E01003371,Merton 005D,E09000024,Merton,12.5,21593,7,0.1,19695,6,0.1,22948,7,4.2,28292,9,-0.3,21168,7,0.2,13905,5,18.5,18513,6,33.9,6749,3
E01003372,Merton 008B,E09000024,Merton,26.6,9855,4,0.2,8574,3,0.1,9816,3,16.9,15876,5,0.2,13437,5,0.6,7398,3,29.1,7600,3,29.2,9263,3
E01003373,Merton 018A,E09000024,Merton,33.1,6620,3,0.2,4264,2,0.2,5677,2,32.0,7824,3,0.5,9160,3,0.0,16836,6,30.6,6528,2,16.5,17967,6
E01003374,Merton 022A,E09000024,Merton,31.2,7469,3,0.2,5620,2,0.1,7810,3,28.5,9172,3,0.3,12086,4,0.5,9527,3,26.6,9634,3,32.6,7432,3
E01003375,Merton 022B,E09000024,Merton,19.1,15124,5,0.1,13743,5,0.1,19749,7,15.5,16993,6,-0.2,19203,6,0.3,11470,4,28.6,7952,3,34.3,6561,2
E01003376,Merton 012B,E09000024,Merton,25.1,10678,4,0.2,7809,3,0.1,9520,3,21.0,13121,4,0.3,11920,4,0.1,15212,5,24.7,11420,4,23.5,12784,4
E01003377,Merton 012C,E09000024,Merton,31.3,7399,3,0.2,4399,2,0.1,6708,3,28.7,9083,3,0.3,12297,4,-0.1,18472,6,33.8,4659,2,16.2,18235,6
E01003378,Merton 018B,E09000024,Merton,18.4,15791,5,0.1,12382,4,0.1,17153,6,10.4,21453,7,-0.1,17608,6,0.1,15540,5,21.9,14490,5,36.5,5563,2
E01003379,Merton 018C,E09000024,Merton,31.1,7481,3,0.2,5469,2,0.1,10656,4,22.9,11973,4,0.5,9425,3,0.5,9012,3,31.9,5732,2,34.4,6518,2
E01003380,Merton 011A,E09000024,Merton,5.8,29688,10,0.0,30042,10,0.0,31354,10,0.5,32518,10,-1.0,28832,9,-0.6,24634,8,19.7,16976,6,29.5,9099,3
E01003381,Merton 016B,E09000024,Merton,7.9,27169,9,0.0,29190,9,0.0,31627,10,2.3,30575,10,-0.7,25457,8,-0.9,28278,9,19.6,17171,6,41.7,3750,2
E01003382,Merton 011B,E09000024,Merton,7.5,27635,9,0.1,25950,8,0.0,32045,10,1.0,31967,10,-1.0,28814,9,-0.6,24852,8,20.8,15763,5,36.2,5732,2
E01003383,Merton 009D,E09000024,Merton,6.7,28697,9,0.0,30969,10,0.0,32568,10,0.9,32174,10,-1.1,29675,10,0.2,13449,5,17.6,19675,6,31.9,7748,3
E01003384,Merton 009E,E09000024,Merton,8.0,27029,9,0.0,27168,9,0.0,30505,10,0.5,32496,10,-0.6,25046,8,0.1,14878,5,16.2,21424,7,33.8,6801,3
E01003385,Merton 011C,E09000024,Merton,3.8,31665,10,0.0,31719,10,0.0,32441,10,0.1,32804,10,-1.6,32040,10,-1.0,29214,9,13.6,24755,8,29.3,9224,3
E01003386,Merton 013A,E09000024,Merton,15.9,18023,6,0.1,15983,5,0.1,20945,7,13.2,18885,6,-0.9,27765,9,0.4,10930,4,29.0,7706,3,27.7,10127,4
E01003387,Merton 014A,E09000024,Merton,30.2,7930,3,0.2,7690,3,0.1,8327,3,25.1,10791,4,-0.1,18281,6,0.8,5265,2,36.0,3658,2,28.7,9543,3
E01003388,Merton 013B,E09000024,Merton,25.8,10292,4,0.2,7473,3,0.1,14316,5,17.2,15655,5,0.0,15949,5,1.2,2447,1,23.0,13254,5,28.8,9493,3
E01003389,Merton 013C,E09000024,Merton,23.0,12084,4,0.1,14169,5,0.1,15929,5,14.5,17762,6,0.3,12169,4,1.0,3780,2,26.4,9802,3,33.2,7083,3
E01003390,Merton 018D,E09000024,Merton,33.6,6427,2,0.3,3824,2,0.2,6601,3,22.6,12204,4,0.3,11813,4,0.6,7431,3,27.5,8856,3,31.7,7911,3
E01003391,Merton 014B,E09000024,Merton,38.5,4736,2,0.3,3006,1,0.2,4768,2,24.6,11049,4,0.2,13249,5,0.2,14303,5,49.1,442,1,19.2,15915,5
E01003392,Merton 013D,E09000024,Merton,17.1,16933,6,0.1,16634,6,0.1,24138,8,13.3,18740,6,-0.6,24573,8,1.1,2951,1,20.8,15703,5,31.9,7755,3
E01003393,Merton 008C,E09000024,Merton,14.0,19916,7,0.1,20584,7,0.1,23860,8,9.6,22259,7,-0.1,17231,6,-0.1,18386,6,24.2,11895,4,35.6,5972,2
E01003394,Merton 007A,E09000024,Merton,16.1,17864,6,0.1,14407,5,0.1,21169,7,11.7,20213,7,-0.3,21103,7,0.2,12848,4,22.7,13566,5,32.0,7697,3
E01003395,Merton 007B,E09000024,Merton,11.9,22275,7,0.1,18895,6,0.1,23808,8,11.7,20272,7,-1.0,29043,9,0.5,9497,3,19.3,17538,6,20.9,14654,5
E01003396,Merton 007C,E09000024,Merton,12.3,21834,7,0.1,19236,6,0.1,24286,8,6.4,25660,8,-1.0,28946,9,0.2,14032,5,19.8,16932,6,36.9,5411,2
E01003397,Merton 007D,E09000024,Merton,14.1,19838,7,0.1,15690,5,0.1,18213,6,8.1,23793,8,-0.8,26623,9,-0.1,17439,6,20.7,15854,5,31.0,8246,3
E01003398,Merton 007E,E09000024,Merton,15.2,18705,6,0.1,17377,6,0.1,19994,7,10.9,21024,7,-0.5,23186,8,0.4,10999,4,20.3,16320,5,33.9,6742,3
E01003399,Merton 011D,E09000024,Merton,9.1,25722,8,0.0,26974,9,0.0,27202,9,0.7,32358,10,-0.4,22205,7,-1.0,29405,9,32.7,5245,2,22.2,13721,5
E01003400,Merton 003A,E09000024,Merton,6.8,28565,9,0.0,30931,10,0.0,31972,10,1.2,31755,10,-1.2,30038,10,0.3,11440,4,17.1,20331,7,30.2,8715,3
E01003401,Merton 004A,E09000024,Merton,4.1,31444,10,0.0,28989,9,0.0,32264,10,0.4,32576,10,-1.1,29664,10,-0.8,26921,9,17.6,19607,6,18.9,16143,5
E01003402,Merton 004B,E09000024,Merton,4.7,30815,10,0.0,31118,10,0.0,32173,10,0.4,32632,10,-1.8,32430,10,-1.1,29535,9,15.2,22798,7,33.8,6824,3
E01003403,Merton 004C,E09000024,Merton,5.8,29724,10,0.0,29794,10,0.0,32468,10,1.0,31969,10,-1.3,30830,10,-1.0,29259,9,22.3,13950,5,31.2,8178,3
E01003404,Merton 004D,E09000024,Merton,8.8,25994,8,0.1,23781,8,0.0,30707,10,2.6,30165,10,-0.7,25584,8,-0.8,27677,9,33.0,5052,2,20.1,15223,5
E01003405,Merton 018E,E09000024,Merton,25.7,10386,4,0.2,6854,3,0.1,10043,4,21.5,12886,4,-0.2,19408,6,0.7,7062,3,24.2,11929,4,24.3,12218,4
E01003406,Merton 008D,E09000024,Merton,23.0,12088,4,0.2,8447,3,0.1,14447,5,20.8,13274,5,0.0,16755,6,0.1,15274,5,32.8,5202,2,21.2,14367,5
E01003407,Merton 008E,E09000024,Merton,11.9,22329,7,0.1,16871,6,0.0,27736,9,8.6,23347,8,-0.7,26090,8,-0.3,21110,7,26.8,9502,3,26.8,10681,4
E01003408,Merton 012D,E09000024,Merton,11.9,22311,7,0.1,19733,7,0.1,24649,8,4.9,27364,9,-0.4,21767,7,0.1,15477,5,22.9,13300,5,28.3,9765,3
E01003409,Merton 013E,E09000024,Merton,24.5,11085,4,0.2,8761,3,0.1,11931,4,22.6,12141,4,-0.1,16846,6,0.2,13510,5,24.8,11343,4,35.7,5930,2
E01003410,Merton 012E,E09000024,Merton,21.6,13118,4,0.2,8433,3,0.1,11571,4,18.3,14939,5,-0.1,18052,6,-0.5,23482,8,26.6,9646,3,23.4,12871,4
E01003411,Merton 014C,E09000024,Merton,16.0,17900,6,0.1,15921,5,0.1,18119,6,15.5,16954,6,-0.4,22397,7,0.2,12787,4,23.1,13072,4,26.0,11169,4
E01003412,Merton 014D,E09000024,Merton,22.7,12249,4,0.1,10559,4,0.1,12597,4,19.6,14007,5,-0.1,17802,6,0.6,7240,3,27.6,8761,3,21.7,14071,5
E01003413,Merton 017A,E09000024,Merton,15.4,18563,6,0.1,17659,6,0.1,18427,6,13.5,18564,6,-0.5,24037,8,0.3,12349,4,22.1,14167,5,30.3,8636,3
E01003414,Merton 017B,E09000024,Merton,13.7,20261,7,0.1,17779,6,0.1,20135,7,12.9,19114,6,-0.9,27963,9,0.4,9825,3,18.7,18189,6,25.4,11542,4
E01003415,Merton 017C,E09000024,Merton,19.7,14583,5,0.1,11204,4,0.1,14604,5,12.9,19113,6,0.2,12596,4,0.0,16254,5,17.2,20170,7,32.8,7273,3
E01003416,Merton 017D,E09000024,Merton,14.1,19804,7,0.1,17105,6,0.1,18654,6,12.5,19472,6,-0.5,22819,7,0.3,11670,4,19.3,17473,6,21.3,14294,5
E01003417,Merton 025A,E09000024,Merton,9.2,25536,8,0.1,26127,8,0.0,24978,8,14.9,17433,6,-0.9,27987,9,0.1,14813,5,14.1,24143,8,22.8,13293,5
E01003418,Merton 025B,E09000024,Merton,6.7,28652,9,0.0,30001,10,0.0,29208,9,15.9,16627,6,-0.9,27835,9,-0.4,22607,7,13.7,24531,8,20.5,14866,5
E01003419,Merton 025C,E09000024,Merton,11.3,22958,7,0.1,23278,8,0.1,23891,8,15.7,16813,6,-0.7,25478,8,-0.4,22446,7,22.2,14149,5,28.6,9612,3
E01003420,Merton 025D,E09000024,Merton,9.2,25563,8,0.1,23780,8,0.0,29107,9,13.4,18711,6,-0.7,26137,8,-0.3,20370,7,19.0,17873,6,25.7,11348,4
E01003421,Merton 021E,E09000024,Merton,9.8,24701,8,0.1,18823,6,0.1,20394,7,7.7,24284,8,-0.6,24756,8,-0.3,21561,7,16.8,20749,7,13.2,20906,7
E01003422,Merton 025E,E09000024,Merton,9.2,25586,8,0.1,23979,8,0.1,23755,8,11.7,20210,7,-0.5,23727,8,0.0,16079,5,14.4,23757,8,16.3,18122,6
E01003423,Merton 011E,E09000024,Merton,5.8,29630,10,0.0,28343,9,0.0,27845,9,0.9,32088,10,-1.8,32363,10,-1.1,29670,10,15.7,22068,7,32.5,7442,3
E01003424,Merton 015B,E09000024,Merton,3.8,31683,10,0.0,31606,10,0.0,32131,10,0.2,32773,10,-1.6,31854,10,-0.6,25269,8,12.0,26613,9,27.1,10494,4
E01003425,Merton 015C,E09000024,Merton,4.0,31463,10,0.0,31059,10,0.0,32127,10,0.4,32577,10,-1.3,31098,10,-0.5,23475,8,14.9,23137,8,23.8,12573,4
E01003426,Merton 015D,E09000024,Merton,10.2,24238,8,0.1,23257,8,0.0,28656,9,2.1,30824,10,-1.3,30727,10,0.7,6112,2,15.4,22536,7,32.6,7393,3
E01003427,Merton 023A,E09000024,Merton,14.1,19865,7,0.1,15463,5,0.1,23436,8,5.7,26536,9,-0.8,26854,9,-0.2,19078,6,25.3,10874,4,37.6,5131,2
E01003428,Merton 015E,E09000024,Merton,9.4,25298,8,0.1,23010,8,0.0,26696,9,0.9,32102,10,-0.7,26012,8,-0.8,26859,9,22.4,13834,5,35.3,6114,2
E01003429,Merton 019A,E09000024,Merton,14.2,19712,7,0.1,14046,5,0.1,17311,6,12.7,19304,6,-1.1,29528,9,-0.3,21563,7,20.3,16244,5,26.9,10613,4
E01003430,Merton 019B,E09000024,Merton,30.9,7614,3,0.2,5109,2,0.1,7277,3,16.5,16194,5,-0.2,18970,6,0.4,11158,4,44.0,1239,1,19.3,15797,5
E01003431,Merton 019C,E09000024,Merton,29.4,8324,3,0.2,6576,3,0.1,8170,3,18.8,14586,5,0.0,16126,5,0.4,10475,4,36.5,3395,2,29.3,9242,3
E01003432,Merton 019D,E09000024,Merton,40.4,4161,2,0.3,2231,1,0.2,4440,2,25.3,10657,4,0.5,9542,3,0.8,5599,2,33.2,4968,2,29.2,9253,3
E01003433,Merton 019E,E09000024,Merton,17.6,16455,6,0.1,12619,4,0.1,16745,6,11.6,20364,7,-0.5,23385,8,0.6,8228,3,21.3,15136,5,26.8,10663,4
E01003434,Merton 017E,E09000024,Merton,13.0,21055,7,0.1,17609,6,0.1,19471,6,12.0,19900,7,-1.0,28711,9,0.0,17265,6,18.3,18726,6,29.7,8991,3
E01003435,Merton 014E,E09000024,Merton,17.6,16472,6,0.1,12083,4,0.1,18619,6,14.3,17870,6,-1.0,28616,9,0.5,8832,3,18.3,18702,6,35.1,6195,2
E01003436,Merton 023B,E09000024,Merton,25.6,10411,4,0.2,9159,3,0.1,10892,4,20.7,13322,5,-0.1,17140,6,0.4,10650,4,31.2,6154,2,32.4,7538,3
E01003437,Merton 022C,E09000024,Merton,16.0,17944,6,0.1,15761,5,0.1,19453,6,9.0,22919,7,-0.4,22305,7,0.3,11352,4,24.1,12008,4,31.9,7751,3
E01003438,Merton 024A,E09000024,Merton,26.9,9642,3,0.2,7876,3,0.1,8247,3,22.4,12317,4,-0.1,17095,6,0.3,12317,4,23.1,13093,4,37.6,5147,2
E01003439,Merton 023C,E09000024,Merton,27.4,9363,3,0.2,9829,3,0.1,14010,5,17.1,15717,5,0.0,16471,6,0.9,4825,2,27.7,8657,3,51.3,1694,1
E01003440,Merton 022D,E09000024,Merton,23.1,11998,4,0.2,7604,3,0.1,9966,4,14.7,17564,6,-0.4,21549,7,0.2,14127,5,25.5,10660,4,27.1,10477,4
E01003441,Merton 022E,E09000024,Merton,22.9,12131,4,0.2,9522,3,0.1,10984,4,17.3,15572,5,0.2,13145,5,0.1,14667,5,27.2,9088,3,20.7,14733,5
E01003442,Merton 010A,E09000024,Merton,5.2,30296,10,0.0,30583,10,0.0,32315,10,2.4,30452,10,-1.4,31463,10,-1.1,29975,10,29.0,7630,3,15.7,18689,6
E01003443,Merton 010B,E09000024,Merton,4.5,30966,10,0.0,30680,10,0.0,30528,10,0.4,32631,10,-1.4,31413,10,-0.2,20252,7,10.3,28296,9,26.7,10719,4
E01003444,Merton 010C,E09000024,Merton,5.4,30129,10,0.0,30251,10,0.0,31903,10,1.0,32055,10,-1.7,32140,10,-0.3,21681,7,13.8,24454,8,33.2,7079,3
E01003445,Merton 010D,E09000024,Merton,9.4,25201,8,0.1,22603,7,0.0,26155,8,2.5,30314,10,-1.0,28751,9,0.2,14035,5,23.4,12820,4,23.5,12767,4
E01003446,Merton 016C,E09000024,Merton,10.1,24364,8,0.1,19801,7,0.1,24392,8,1.7,31183,10,-0.7,26400,9,-0.4,22682,7,22.6,13681,5,28.8,9525,3
E01003447,Merton 016D,E09000024,Merton,24.4,11113,4,0.2,9790,3,0.1,11144,4,10.7,21167,7,0.4,9946,4,0.0,16171,5,34.0,4572,2,26.8,10655,4
E01003448,Merton 023D,E09000024,Merton,24.6,11020,4,0.1,11086,4,0.1,12496,4,19.2,14263,5,-0.1,16860,6,0.1,14960,5,24.4,11714,4,50.9,1758,1
E01003449,Merton 024B,E09000024,Merton,18.5,15717,5,0.1,11844,4,0.1,18503,6,12.4,19601,6,-0.2,18784,6,0.2,13072,4,22.0,14381,5,35.1,6189,2
E01003450,Merton 024C,E09000024,Merton,28.1,8982,3,0.2,7859,3,0.1,7887,3,23.7,11489,4,0.0,15645,5,0.3,11232,4,23.0,13222,5,39.6,4403,2
E01003451,Merton 024D,E09000024,Merton,12.6,21481,7,0.1,21480,7,0.1,24617,8,14.0,18184,6,-0.7,26070,8,0.4,10637,4,18.6,18311,6,31.1,8203,3
E01003452,Merton 024E,E09000024,Merton,27.0,9580,3,0.2,7039,3,0.1,7455,3,19.6,14032,5,-0.1,17818,6,-0.1,18224,6,31.3,6051,2,29.3,9241,3
E01003453,Merton 023E,E09000024,Merton,24.4,11146,4,0.2,10018,4,0.1,10703,4,16.7,16078,5,-0.3,20779,7,0.7,6951,3,21.0,15501,5,41.0,3952,2
E01003454,Merton 003B,E09000024,Merton,5.6,29968,10,0.1,25275,8,0.0,28037,9,0.9,32173,10,-1.0,28475,9,-0.7,26764,9,15.7,22118,7,20.4,15007,5
E01003455,Merton 005E,E09000024,Merton,11.0,23343,8,0.1,19613,6,0.1,24828,8,2.8,30020,10,-0.3,21207,7,-0.1,18031,6,20.4,16153,5,28.8,9515,3
E01003456,Merton 003C,E09000024,Merton,12.8,21283,7,0.1,21132,7,0.1,14813,5,0.6,32472,10,-0.7,25463,8,0.1,15703,5,18.1,18969,6,31.8,7821,3
E01003457,Merton 006C,E09000024,Merton,5.5,29971,10,0.0,31408,10,0.0,31753,10,0.3,32697,10,-0.9,27847,9,-0.4,23090,8,11.8,26828,9,35.1,6182,2
E01003458,Merton 006D,E09000024,Merton,6.0,29454,9,0.0,28263,9,0.0,30275,10,0.8,32209,10,-1.0,28464,9,-0.4,22545,7,15.2,22690,7,30.1,8722,3
E01003459,Merton 006E,E09000024,Merton,16.1,17877,6,0.1,10605,4,0.1,16268,5,6.1,26046,8,0.1,15237,5,-0.2,19556,6,18.7,18278,6,18.1,16729,6
E01003460,Merton 002A,E09000024,Merton,9.0,25790,8,0.1,21079,7,0.0,29087,9,1.1,31850,10,-1.4,31326,10,0.2,13543,5,25.6,10579,4,20.6,14849,5
E01003461,Merton 004E,E09000024,Merton,3.7,31737,10,0.0,31478,10,0.0,32456,10,1.4,31561,10,-1.8,32408,10,-0.4,22990,7,15.2,22782,7,21.4,14228,5
E01003462,Merton 002B,E09000024,Merton,6.9,28468,9,0.0,26453,9,0.0,31089,10,1.3,31644,10,-1.4,31249,10,-0.9,27993,9,29.8,7116,3,21.1,14445,5
E01003463,Merton 010E,E09000024,Merton,4.3,31211,10,0.0,32303,10,0.0,32693,10,0.6,32440,10,-1.8,32447,10,-0.9,28398,9,20.4,16210,5,26.7,10749,4
E01003464,Merton 002C,E09000024,Merton,6.1,29339,9,0.0,31532,10,0.0,31891,10,0.6,32436,10,-0.8,26615,9,-0.5,24285,8,27.4,8927,3,21.0,14548,5
E01003465,Merton 002D,E09000024,Merton,4.7,30822,10,0.0,32631,10,0.0,32686,10,1.8,31120,10,-1.9,32506,10,0.1,15758,5,20.0,16680,6,18.6,16332,5
E01003466,Merton 020A,E09000024,Merton,4.6,30901,10,0.0,28083,9,0.0,29960,10,1.4,31594,10,-1.3,31075,10,-0.7,25721,8,15.5,22344,7,21.1,14491,5
E01003467,Merton 020B,E09000024,Merton,7.1,28169,9,0.1,24839,8,0.1,23048,8,1.6,31385,10,-1.1,29632,10,-0.6,25428,8,17.8,19416,6,21.8,13963,5
E01003468,Merton 020C,E09000024,Merton,4.5,31001,10,0.0,30436,10,0.0,30090,10,2.2,30634,10,-1.5,31785,10,-0.6,24726,8,12.6,25882,8,26.1,11128,4
E01003469,Merton 020D,E09000024,Merton,16.0,17934,6,0.1,13497,5,0.1,19897,7,7.1,24991,8,-0.8,27239,9,-0.1,17555,6,32.8,5178,2,27.4,10300,4
E01003470,Merton 020E,E09000024,Merton,9.5,25091,8,0.1,19514,6,0.0,28689,9,3.2,29483,9,-1.3,30952,10,-0.2,19884,7,23.7,12413,4,28.7,9545,3
E01003471,Merton 016E,E09000024,Merton,8.1,27014,9,0.1,22778,7,0.0,28990,9,1.8,31139,10,-0.9,28122,9,-0.2,19240,6,24.0,12178,4,21.0,14532,5
E01003472,Merton 001A,E09000024,Merton,3.8,31671,10,0.0,32414,10,0.0,31993,10,0.2,32736,10,-1.2,30500,10,-0.7,26636,9,7.1,30942,10,30.4,8560,3
E01003473,Merton 001B,E09000024,Merton,5.3,30253,10,0.0,29425,9,0.0,31169,10,0.3,32696,10,-1.1,29652,10,-0.3,21033,7,12.7,25716,8,29.4,9169,3
E01003474,Merton 001C,E09000024,Merton,4.5,30969,10,0.0,32462,10,0.0,32505,10,0.0,32844,10,-1.5,31655,10,-0.2,19307,6,15.6,22206,7,27.1,10504,4
E01003475,Merton 001D,E09000024,Merton,17.4,16682,6,0.1,13161,5,0.1,23446,8,4.3,28142,9,-0.9,28171,9,0.2,13010,4,26.8,9444,3,49.0,2082,1
E01003476,Merton 003D,E09000024,Merton,11.7,22492,7,0.1,17478,6,0.1,22262,7,2.0,30893,10,-0.5,23576,8,-0.2,18901,6,21.7,14656,5,27.9,10004,4
E01003477,Merton 003E,E09000024,Merton,8.6,26305,9,0.1,24287,8,0.1,23992,8,0.3,32719,10,-0.6,24064,8,-0.1,18625,6,16.1,21574,7,27.4,10328,4
E01003478,Merton 001E,E09000024,Merton,6.5,28880,9,0.0,28136,9,0.0,27076,9,0.3,32687,10,-1.0,28571,9,-0.6,25214,8,11.9,26702,9,33.9,6731,3
E01003479,Newham 035A,E09000025,Newham,30.1,7984,3,0.2,9917,4,0.1,10776,4,14.2,18005,6,-0.5,23339,8,0.9,3975,2,63.9,6,1,23.1,13062,4
E01003480,Newham 033A,E09000025,Newham,24.0,11375,4,0.1,12609,4,0.1,18475,6,22.1,12477,4,-0.3,21237,7,0.1,15069,5,53.0,108,1,19.1,15975,5
E01003481,Newham 035B,E09000025,Newham,28.6,8693,3,0.2,9860,4,0.1,11301,4,19.4,14157,5,0.3,11323,4,-0.3,21272,7,64.2,5,1,15.5,18813,6
E01003482,Newham 033B,E09000025,Newham,27.2,9464,3,0.1,15103,5,0.1,21217,7,14.3,17901,6,-0.1,16938,6,0.5,9223,3,58.0,23,1,47.6,2323,1
E01003483,Newham 032A,E09000025,Newham,37.2,5149,2,0.2,4675,2,0.1,7182,3,24.6,11036,4,0.2,12792,4,0.7,6860,3,57.8,25,1,16.3,18114,6
E01003484,Newham 032B,E09000025,Newham,22.7,12241,4,0.2,10428,4,0.1,19326,6,12.5,19519,6,-0.2,18510,6,0.1,15627,5,48.7,485,1,20.4,14998,5
E01003485,Newham 035C,E09000025,Newham,24.1,11327,4,0.1,12691,4,0.1,19254,6,14.8,17529,6,-0.1,17606,6,0.7,6449,2,49.3,412,1,19.0,16043,5
E01003486,Newham 033C,E09000025,Newham,47.8,2519,1,0.3,2412,1,0.2,2853,1,27.8,9468,3,0.6,7486,3,1.2,2237,1,48.6,495,1,21.5,14197,5
E01003487,Newham 033D,E09000025,Newham,43.6,3338,2,0.3,2261,1,0.2,3074,1,29.0,8968,3,0.7,7361,3,0.1,15118,5,48.2,545,1,17.0,17558,6
E01003488,Newham 019A,E09000025,Newham,40.7,4059,2,0.3,3282,1,0.2,4510,2,24.7,10990,4,0.3,11012,4,0.6,7121,3,49.5,393,1,21.4,14292,5
E01003489,Newham 019B,E09000025,Newham,34.4,6119,2,0.2,4705,2,0.1,9926,4,21.8,12670,4,0.0,15872,5,0.6,8032,3,50.9,224,1,25.6,11437,4
E01003490,Newham 019C,E09000025,Newham,31.0,7543,3,0.2,5991,2,0.1,13702,5,23.3,11710,4,-0.1,17065,6,0.3,12079,4,49.8,350,1,30.6,8468,3
E01003491,Newham 022A,E09000025,Newham,29.5,8256,3,0.2,7609,3,0.1,15663,5,15.0,17368,6,-0.4,22509,7,0.5,8439,3,47.6,612,1,45.9,2696,1
E01003492,Newham 025A,E09000025,Newham,24.9,10800,4,0.1,14389,5,0.1,21656,7,21.2,13008,4,-0.1,18298,6,0.3,11389,4,46.7,770,1,43.7,3247,1
E01003493,Newham 025B,E09000025,Newham,27.3,9393,3,0.2,9908,4,0.1,14302,5,19.3,14214,5,-0.3,21373,7,0.4,10288,4,48.5,519,1,33.1,7140,3
E01003494,Newham 025C,E09000025,Newham,21.3,13284,5,0.1,14602,5,0.1,22694,7,19.3,14190,5,-0.8,26481,9,0.1,15051,5,43.2,1390,1,40.5,4088,2
E01003495,Newham 025D,E09000025,Newham,18.0,16134,5,0.1,15850,5,0.1,22569,7,12.8,19222,6,-0.6,24750,8,-0.3,20606,7,39.3,2405,1,36.3,5691,2
E01003496,Newham 027A,E09000025,Newham,28.5,8737,3,0.2,7699,3,0.1,9364,3,12.8,19228,6,-0.1,16839,6,0.4,10946,4,48.0,564,1,18.4,16488,6
E01003497,Newham 034A,E09000025,Newham,33.3,6552,2,0.2,6806,3,0.1,10891,4,26.4,10105,4,0.3,12135,4,0.7,6427,2,47.4,642,1,27.9,10006,4
E01003498,Newham 027B,E09000025,Newham,33.2,6586,3,0.2,7080,3,0.1,9883,4,20.1,13712,5,0.3,12288,4,0.9,4475,2,50.4,277,1,18.7,16284,5
E01003499,Newham 030A,E09000025,Newham,40.6,4081,2,0.2,4182,2,0.1,7400,3,22.4,12299,4,0.5,9265,3,1.0,3597,2,50.2,300,1,34.7,6388,2
E01003500,Newham 027C,E09000025,Newham,34.3,6133,2,0.2,7786,3,0.1,9082,3,20.2,13675,5,0.4,10198,4,0.6,7399,3,52.0,149,1,29.2,9283,3
E01003501,Newham 030B,E09000025,Newham,36.3,5437,2,0.2,5783,2,0.1,7359,3,24.0,11325,4,0.1,14854,5,0.9,4181,2,50.1,302,1,24.1,12375,4
E01003502,Newham 030C,E09000025,Newham,36.5,5384,2,0.2,4987,2,0.1,10831,4,21.3,12986,4,0.0,15871,5,1.1,3056,1,49.5,398,1,36.8,5462,2
E01003503,Newham 030D,E09000025,Newham,39.4,4459,2,0.2,5213,2,0.2,5198,2,20.6,13399,5,0.4,10745,4,1.2,2080,1,43.2,1380,1,32.9,7254,3
E01003506,Newham 034D,E09000025,Newham,45.3,3005,1,0.3,2564,1,0.2,4869,2,23.2,11775,4,0.9,5060,2,0.9,4506,2,51.4,183,1,23.6,12725,4
E01003507,Newham 031A,E09000025,Newham,34.0,6282,2,0.2,9696,3,0.1,13042,4,21.7,12744,4,0.4,10742,4,0.8,5223,2,47.5,624,1,50.2,1886,1
E01003508,Newham 031B,E09000025,Newham,36.9,5231,2,0.2,7569,3,0.1,12724,4,24.9,10905,4,0.4,10845,4,1.4,1325,1,49.2,424,1,38.2,4912,2
E01003509,Newham 031C,E09000025,Newham,35.4,5736,2,0.2,6836,3,0.1,9639,3,22.0,12556,4,0.3,11805,4,0.7,6636,3,43.2,1387,1,50.9,1761,1
E01003511,Newham 036A,E09000025,Newham,35.3,5790,2,0.2,6778,3,0.1,11500,4,26.7,9988,4,0.6,7492,3,0.9,4251,2,49.8,341,1,21.4,14270,5
E01003512,Newham 036B,E09000025,Newham,35.3,5783,2,0.2,6628,3,0.1,9316,3,24.9,10865,4,0.3,11005,4,0.9,3947,2,48.5,517,1,26.3,10961,4
E01003513,Newham 035D,E09000025,Newham,22.2,12640,4,0.1,14743,5,0.1,21471,7,11.7,20218,7,-0.4,21616,7,0.4,10270,4,56.4,40,1,20.4,14996,5
E01003514,Newham 036C,E09000025,Newham,36.7,5315,2,0.2,6791,3,0.2,6159,2,24.1,11314,4,0.6,8064,3,0.3,11721,4,55.1,65,1,21.4,14230,5
E01003515,Newham 036D,E09000025,Newham,47.7,2533,1,0.3,2747,1,0.2,5066,2,25.3,10653,4,0.8,5600,2,1.7,614,1,49.9,335,1,24.0,12453,4
E01003516,Newham 032C,E09000025,Newham,39.9,4284,2,0.3,4038,2,0.2,5753,2,27.1,9799,3,0.5,9325,3,0.3,11598,4,51.7,166,1,28.6,9621,3
E01003517,Newham 036E,E09000025,Newham,46.7,2706,1,0.3,2728,1,0.2,5000,2,20.3,13598,5,1.2,2857,1,1.3,1885,1,47.3,661,1,26.2,11039,4
E01003518,Newham 032D,E09000025,Newham,22.6,12298,4,0.1,13950,5,0.1,18577,6,14.2,18009,6,-0.3,21180,7,0.0,16609,6,55.6,54,1,21.3,14325,5
E01003519,Newham 032E,E09000025,Newham,29.4,8298,3,0.2,9400,3,0.1,13173,5,24.3,11201,4,0.1,13783,5,0.2,14196,5,52.4,134,1,24.4,12144,4
E01003520,Newham 018A,E09000025,Newham,26.7,9784,3,0.1,10740,4,0.1,19217,6,15.1,17314,6,-0.6,24204,8,1.1,2963,1,50.0,316,1,27.2,10427,4
E01003521,Newham 018B,E09000025,Newham,28.5,8772,3,0.1,16257,5,0.1,24531,8,13.2,18898,6,-0.5,23476,8,1.1,3128,1,51.0,217,1,61.3,568,1
E01003522,Newham 018C,E09000025,Newham,31.4,7371,3,0.2,7793,3,0.1,15692,5,17.5,15473,5,0.0,15681,5,0.4,10646,4,55.5,56,1,41.7,3745,2
E01003523,Newham 024A,E09000025,Newham,31.5,7292,3,0.2,7801,3,0.1,11360,4,17.8,15259,5,0.1,14189,5,0.5,8650,3,50.5,269,1,31.8,7843,3
E01003524,Newham 019D,E09000025,Newham,28.6,8734,3,0.1,10805,4,0.1,14783,5,22.6,12181,4,-0.7,25405,8,0.1,15222,5,49.4,406,1,49.4,2010,1
E01003525,Newham 018D,E09000025,Newham,30.7,7708,3,0.1,10617,4,0.1,21237,7,17.1,15716,5,-0.8,27165,9,1.3,1828,1,50.5,264,1,51.3,1704,1
E01003526,Newham 018E,E09000025,Newham,30.1,7996,3,0.2,8969,3,0.1,13650,5,17.3,15608,5,0.1,14905,5,0.3,11503,4,51.5,173,1,36.3,5657,2
E01003527,Newham 024B,E09000025,Newham,19.9,14394,5,0.1,17572,6,0.1,20551,7,14.7,17602,6,-0.6,24294,8,0.2,13318,5,41.5,1765,1,37.8,5072,2
E01003528,Newham 005A,E09000025,Newham,30.4,7853,3,0.2,5983,2,0.1,10283,4,20.0,13776,5,-0.3,20546,7,-0.1,18759,6,55.1,63,1,21.1,14457,5
E01003529,Newham 010A,E09000025,Newham,23.4,11784,4,0.1,10573,4,0.1,19467,6,14.8,17463,6,-0.7,25575,8,-0.1,18878,6,50.4,280,1,31.2,8168,3
E01003530,Newham 010B,E09000025,Newham,21.9,12818,4,0.1,11285,4,0.1,18667,6,13.9,18288,6,-0.6,24153,8,-0.1,18119,6,48.7,483,1,23.7,12637,4
E01003531,Newham 010C,E09000025,Newham,29.2,8410,3,0.2,7802,3,0.1,15096,5,14.2,17961,6,-0.3,20759,7,0.8,5326,2,49.4,408,1,33.0,7214,3
E01003532,Newham 010D,E09000025,Newham,25.3,10613,4,0.2,10320,4,0.1,18965,6,11.3,20596,7,-0.6,24131,8,0.5,8449,3,46.1,876,1,42.1,3635,2
E01003533,Newham 011A,E09000025,Newham,27.6,9258,3,0.2,9813,3,0.1,14503,5,16.6,16104,5,-0.2,19454,6,0.4,11103,4,47.5,628,1,38.2,4922,2
E01003534,Newham 010E,E09000025,Newham,25.2,10661,4,0.1,10825,4,0.1,17239,6,19.5,14091,5,-0.6,24160,8,-0.1,17808,6,49.5,383,1,35.7,5922,2
E01003535,Newham 023A,E09000025,Newham,42.6,3580,2,0.3,3655,2,0.2,4911,2,32.2,7740,3,0.5,9674,3,0.5,9436,3,53.1,105,1,30.0,8820,3
E01003536,Newham 023B,E09000025,Newham,29.5,8245,3,0.2,8193,3,0.1,12687,4,21.7,12748,4,-0.2,18419,6,0.5,8730,3,46.5,794,1,33.8,6821,3
E01003537,Newham 024C,E09000025,Newham,25.3,10573,4,0.1,11074,4,0.1,18170,6,15.7,16820,6,0.0,16168,5,0.2,14165,5,43.5,1311,1,42.4,3570,2
E01003538,Newham 029A,E09000025,Newham,32.0,7064,3,0.2,7385,3,0.1,11992,4,23.1,11846,4,0.1,15101,5,0.5,8549,3,49.6,380,1,33.6,6899,3
E01003539,Newham 029B,E09000025,Newham,27.3,9378,3,0.2,9078,3,0.1,15087,5,18.7,14638,5,-0.1,17948,6,0.5,9267,3,46.2,853,1,32.0,7722,3
E01003540,Newham 029C,E09000025,Newham,38.7,4673,2,0.2,5655,2,0.1,8855,3,25.1,10763,4,0.4,9778,3,0.6,8389,3,54.1,81,1,41.8,3719,2
E01003541,Newham 029D,E09000025,Newham,27.2,9496,3,0.2,10036,4,0.1,17134,6,18.8,14539,5,-0.4,21686,7,0.4,9850,3,54.7,70,1,29.1,9313,3
E01003542,Newham 024D,E09000025,Newham,32.8,6748,3,0.2,6064,2,0.1,9129,3,21.6,12801,4,0.2,13300,5,0.4,10926,4,47.1,686,1,30.0,8843,3
E01003543,Newham 001A,E09000025,Newham,23.2,11912,4,0.1,11312,4,0.1,16403,5,9.8,22024,7,-0.1,17857,6,0.1,15129,5,47.1,695,1,26.8,10652,4
E01003544,Newham 001B,E09000025,Newham,28.7,8651,3,0.1,12097,4,0.1,16912,6,21.0,13155,5,0.1,14947,5,0.7,6011,2,47.8,598,1,39.7,4364,2
E01003545,Newham 006A,E09000025,Newham,27.2,9504,3,0.1,10612,4,0.1,13575,5,14.4,17860,6,0.1,14085,5,0.5,9300,3,49.3,411,1,24.0,12440,4
E01003546,Newham 001C,E09000025,Newham,33.5,6455,2,0.2,6527,2,0.1,10574,4,17.7,15321,5,0.3,11543,4,0.9,4637,2,49.8,357,1,25.2,11626,4
E01003547,Newham 007A,E09000025,Newham,18.9,15291,5,0.1,16025,5,0.1,15819,5,9.2,22624,7,-0.5,23776,8,0.0,17192,6,41.2,1870,1,27.1,10510,4
E01003548,Newham 006B,E09000025,Newham,22.3,12546,4,0.1,13715,5,0.1,20978,7,15.9,16701,6,-0.5,23400,8,0.3,11219,4,48.4,526,1,29.2,9260,3
E01003549,Newham 006C,E09000025,Newham,25.6,10418,4,0.1,10923,4,0.1,14114,5,14.2,17965,6,-0.1,17224,6,0.3,11768,4,48.3,535,1,25.8,11300,4
E01003550,Newham 001D,E09000025,Newham,27.0,9615,3,0.2,8876,3,0.1,15415,5,15.4,17071,6,-0.3,20532,7,-0.1,18054,6,50.8,228,1,35.0,6223,2
E01003551,Newham 009A,E09000025,Newham,35.0,5894,2,0.2,8576,3,0.1,9979,4,10.9,20965,7,0.9,5214,2,0.7,6637,3,52.5,126,1,33.7,6832,3
E01003552,Newham 016A,E09000025,Newham,29.8,8113,3,0.2,8444,3,0.1,10770,4,16.3,16340,5,-0.1,18130,6,0.3,11917,4,47.9,585,1,37.5,5187,2
E01003553,Newham 009B,E09000025,Newham,35.8,5596,2,0.2,4955,2,0.1,8366,3,12.4,19584,6,0.5,9121,3,0.8,5713,2,46.7,776,1,34.5,6483,2
E01003554,Newham 009C,E09000025,Newham,21.9,12839,4,0.1,15162,5,0.1,20432,7,10.7,21142,7,-0.1,17304,6,0.5,8696,3,45.0,1063,1,30.9,8329,3
E01003555,Newham 007B,E09000025,Newham,25.8,10282,4,0.1,12531,4,0.1,17180,6,12.1,19884,7,-0.1,17756,6,0.9,4682,2,44.7,1111,1,36.7,5505,2
E01003556,Newham 008A,E09000025,Newham,42.3,3646,2,0.3,3809,2,0.1,8783,3,21.6,12813,4,0.2,12659,4,1.5,930,1,49.6,382,1,41.7,3748,2
E01003557,Newham 006D,E09000025,Newham,36.8,5271,2,0.2,6454,2,0.1,9217,3,11.4,20550,7,0.3,11448,4,1.1,2792,1,51.2,198,1,39.5,4428,2
E01003558,Newham 008B,E09000025,Newham,38.3,4804,2,0.2,5724,2,0.1,10470,4,24.0,11330,4,0.2,12675,4,1.3,1815,1,50.4,276,1,36.2,5722,2
E01003559,Newham 009D,E09000025,Newham,20.7,13767,5,0.1,15700,5,0.1,21953,7,8.6,23328,8,-0.1,17711,6,0.3,11942,4,46.9,734,1,29.7,9006,3
E01003560,Newham 011B,E09000025,Newham,28.0,9022,3,0.2,8277,3,0.1,12167,4,21.0,13118,4,-0.4,21836,7,-0.1,17916,6,49.7,359,1,30.0,8804,3
E01003561,Newham 007C,E09000025,Newham,23.7,11544,4,0.1,11323,4,0.1,18944,6,17.6,15404,5,-0.5,23929,8,0.2,13034,4,49.2,420,1,28.1,9901,4
E01003562,Newham 014A,E09000025,Newham,25.9,10266,4,0.1,11076,4,0.1,18136,6,18.9,14439,5,-0.5,23882,8,0.2,14172,5,52.0,147,1,35.1,6200,2
E01003563,Newham 011C,E09000025,Newham,27.1,9532,3,0.2,9162,3,0.1,15834,5,25.6,10530,4,-0.5,23899,8,0.0,16712,6,50.0,314,1,31.9,7786,3
E01003564,Newham 014B,E09000025,Newham,27.4,9354,3,0.2,9503,3,0.1,13914,5,14.0,18130,6,-0.2,18954,6,0.3,11193,4,50.6,255,1,30.0,8842,3
E01003565,Newham 014C,E09000025,Newham,25.4,10503,4,0.2,9768,3,0.1,20488,7,14.1,18040,6,0.1,14175,5,0.2,13336,5,49.8,344,1,28.7,9575,3
E01003566,Newham 014D,E09000025,Newham,30.4,7833,3,0.2,9823,3,0.1,13612,5,19.2,14259,5,-0.1,17457,6,0.8,4929,2,49.9,333,1,34.8,6336,2
E01003567,Newham 007D,E09000025,Newham,32.1,7033,3,0.2,6105,2,0.1,11564,4,22.4,12315,4,0.0,15387,5,0.3,11780,4,49.6,373,1,32.1,7649,3
E01003568,Newham 017A,E09000025,Newham,24.0,11361,4,0.1,11601,4,0.1,16157,5,12.7,19307,6,-0.1,16944,6,0.1,15430,5,47.6,619,1,28.6,9637,3
E01003569,Newham 017B,E09000025,Newham,27.7,9189,3,0.2,9472,3,0.1,17127,6,15.0,17353,6,-0.3,20902,7,0.8,4922,2,50.3,290,1,29.7,8997,3
E01003570,Newham 008C,E09000025,Newham,31.3,7384,3,0.2,9322,3,0.1,16287,5,22.6,12170,4,0.1,14845,5,0.9,4446,2,50.7,237,1,35.5,6001,2
E01003571,Newham 008D,E09000025,Newham,28.0,9039,3,0.2,8288,3,0.1,14477,5,16.8,15985,5,0.0,16355,5,0.2,13589,5,51.6,170,1,24.9,11826,4
E01003572,Newham 008E,E09000025,Newham,27.8,9158,3,0.2,7849,3,0.1,12312,4,20.0,13788,5,-0.1,17185,6,0.1,15501,5,47.3,650,1,24.5,12094,4
E01003573,Newham 017C,E09000025,Newham,27.1,9549,3,0.1,10781,4,0.1,15870,5,20.1,13705,5,0.2,12969,4,0.0,16873,6,50.0,323,1,30.1,8733,3
E01003574,Newham 017D,E09000025,Newham,29.3,8339,3,0.2,7772,3,0.1,13821,5,17.5,15496,5,-0.1,17373,6,0.1,14444,5,50.3,288,1,35.7,5939,2
E01003575,Newham 005B,E09000025,Newham,29.8,8100,3,0.2,6952,3,0.1,10617,4,26.7,9966,4,-0.4,22512,7,0.3,11936,4,47.1,696,1,25.6,11436,4
E01003576,Newham 002A,E09000025,Newham,38.1,4849,2,0.2,5062,2,0.1,7501,3,25.3,10648,4,0.3,11586,4,0.9,4561,2,49.8,340,1,29.2,9277,3
E01003577,Newham 005C,E09000025,Newham,40.9,4012,2,0.3,3961,2,0.2,6025,2,23.4,11669,4,0.6,7878,3,0.6,7927,3,53.5,92,1,28.9,9420,3
E01003578,Newham 003A,E09000025,Newham,26.2,10059,4,0.1,12550,4,0.1,22295,7,24.1,11271,4,-0.2,19540,6,0.5,9118,3,49.5,396,1,38.4,4860,2
E01003579,Newham 004A,E09000025,Newham,28.5,8778,3,0.2,10513,4,0.1,13998,5,29.4,8833,3,-0.1,17660,6,0.1,15529,5,46.9,723,1,37.3,5267,2
E01003580,Newham 005D,E09000025,Newham,32.8,6741,3,0.2,6907,3,0.1,10353,4,25.7,10484,4,-0.2,19010,6,0.3,12131,4,50.3,289,1,37.2,5314,2
E01003581,Newham 002B,E09000025,Newham,26.8,9714,3,0.1,10807,4,0.1,16445,6,24.7,10972,4,-0.4,22713,7,0.2,13158,5,49.8,346,1,33.6,6883,3
E01003582,Newham 002C,E09000025,Newham,30.9,7600,3,0.2,6823,3,0.1,10721,4,26.7,9944,4,-0.2,19104,6,0.2,13537,5,47.8,594,1,30.3,8618,3
E01003583,Newham 002D,E09000025,Newham,28.5,8779,3,0.2,8742,3,0.1,14513,5,21.1,13067,4,0.0,15653,5,0.0,16721,6,47.8,591,1,37.1,5363,2
E01003584,Newham 003B,E09000025,Newham,29.5,8266,3,0.2,7984,3,0.1,10339,4,12.5,19525,6,-0.1,16778,6,0.7,6502,2,46.0,884,1,29.2,9292,3
E01003585,Newham 004B,E09000025,Newham,28.0,9049,3,0.2,9991,4,0.1,16672,6,25.0,10826,4,0.0,16734,6,0.2,12929,4,51.3,189,1,29.0,9360,3
E01003586,Newham 003C,E09000025,Newham,30.0,8043,3,0.2,8542,3,0.1,13997,5,20.0,13749,5,0.1,14619,5,0.4,9903,4,48.3,533,1,36.4,5614,2
E01003587,Newham 004C,E09000025,Newham,28.0,9006,3,0.2,7185,3,0.1,13459,5,15.9,16689,6,-0.3,20770,7,0.4,10694,4,50.0,327,1,23.6,12674,4
E01003588,Newham 011D,E09000025,Newham,29.2,8411,3,0.2,7842,3,0.1,13610,5,19.0,14388,5,0.0,15745,5,0.0,16889,6,51.5,178,1,30.5,8523,3
E01003589,Newham 011E,E09000025,Newham,26.8,9696,3,0.2,9187,3,0.1,17714,6,19.7,13973,5,-0.1,17164,6,0.2,13078,4,50.4,279,1,28.1,9903,4
E01003590,Newham 003D,E09000025,Newham,38.3,4780,2,0.2,5199,2,0.1,7367,3,17.8,15242,5,0.6,8297,3,0.9,4329,2,52.1,141,1,26.3,11015,4
E01003591,Newham 004D,E09000025,Newham,34.1,6209,2,0.2,6082,2,0.1,9930,4,23.4,11647,4,-0.1,17017,6,0.3,12623,4,51.7,169,1,38.2,4919,2
E01003592,Newham 022B,E09000025,Newham,34.4,6110,2,0.2,6664,3,0.1,9858,4,15.4,17032,6,0.6,8376,3,0.6,7604,3,47.4,638,1,37.3,5262,2
E01003593,Newham 027D,E09000025,Newham,32.7,6804,3,0.2,5747,2,0.1,9148,3,17.7,15352,5,0.3,11666,4,-0.1,18125,6,52.7,116,1,23.8,12566,4
E01003594,Newham 026A,E09000025,Newham,29.2,8396,3,0.2,7294,3,0.1,10944,4,14.9,17425,6,0.0,15834,5,0.2,14186,5,49.3,414,1,26.6,10805,4
E01003595,Newham 026B,E09000025,Newham,29.8,8140,3,0.2,7798,3,0.1,11743,4,18.5,14765,5,0.3,12236,4,-0.1,18806,6,48.4,523,1,32.8,7315,3
E01003596,Newham 016B,E09000025,Newham,25.2,10626,4,0.1,10897,4,0.1,17741,6,18.0,15146,5,0.1,14816,5,0.2,14265,5,48.0,565,1,28.0,9934,4
E01003597,Newham 016C,E09000025,Newham,25.7,10384,4,0.2,8831,3,0.1,16627,6,18.3,14934,5,-0.3,20503,7,0.1,14915,5,48.6,503,1,27.7,10118,4
E01003598,Newham 021A,E09000025,Newham,31.2,7435,3,0.2,4787,2,0.1,9111,3,18.3,14886,5,0.0,15257,5,-0.3,21439,7,48.8,472,1,22.1,13767,5
E01003599,Newham 022C,E09000025,Newham,31.2,7477,3,0.2,6616,3,0.1,12226,4,21.5,12858,4,-0.2,18841,6,0.5,8474,3,50.7,242,1,27.2,10402,4
E01003600,Newham 021B,E09000025,Newham,34.3,6130,2,0.2,6404,2,0.1,8377,3,23.0,11903,4,0.2,12861,4,0.6,7198,3,49.0,458,1,27.5,10251,4
E01003601,Newham 028A,E09000025,Newham,37.2,5153,2,0.2,6435,2,0.1,8099,3,24.8,10925,4,0.4,10227,4,1.0,3564,2,46.3,836,1,35.9,5841,2
E01003602,Newham 026C,E09000025,Newham,26.1,10115,4,0.1,10752,4,0.1,16342,5,16.4,16238,5,0.1,14787,5,0.5,9616,3,46.8,740,1,29.1,9342,3
E01003603,Newham 028B,E09000025,Newham,22.8,12180,4,0.1,11884,4,0.1,20361,7,15.6,16862,6,-0.3,20823,7,0.0,15918,5,45.9,911,1,34.8,6325,2
E01003604,Newham 031D,E09000025,Newham,35.7,5642,2,0.2,6595,3,0.1,10873,4,21.2,13001,4,0.3,11367,4,0.8,5700,2,49.7,368,1,41.5,3809,2
E01003605,Newham 028C,E09000025,Newham,29.5,8278,3,0.2,8848,3,0.1,11850,4,22.4,12296,4,-0.3,21128,7,0.2,13814,5,48.5,508,1,38.2,4918,2
E01003606,Newham 022D,E09000025,Newham,28.6,8735,3,0.1,10877,4,0.1,15465,5,20.6,13428,5,-0.4,21721,7,0.9,3952,2,47.7,606,1,34.7,6362,2
E01003607,Newham 026D,E09000025,Newham,30.5,7786,3,0.2,7708,3,0.1,11025,4,13.3,18773,6,0.0,16317,5,0.5,8918,3,50.2,299,1,31.7,7870,3
E01003608,Newham 028D,E09000025,Newham,23.9,11406,4,0.1,16380,5,0.1,23839,8,11.2,20748,7,-0.3,21145,7,0.9,4591,2,46.2,857,1,45.6,2758,1
E01003609,Newham 037A,E09000025,Newham,23.0,12030,4,0.1,11157,4,0.1,17989,6,9.5,22372,7,0.1,15175,5,0.2,13828,5,49.6,376,1,16.0,18403,6
E01003611,Newham 037C,E09000025,Newham,31.4,7348,3,0.2,4096,2,0.1,8080,3,18.5,14751,5,0.2,12760,4,-0.4,23042,8,45.5,970,1,15.6,18733,6
E01003615,Newham 013C,E09000025,Newham,27.3,9394,3,0.2,9222,3,0.1,13828,5,12.3,19654,6,0.2,13118,4,0.1,14728,5,47.2,675,1,33.4,6979,3
E01003616,Newham 012A,E09000025,Newham,29.4,8296,3,0.2,9201,3,0.1,15157,5,16.7,16024,5,0.2,12657,4,1.0,3557,2,45.3,1004,1,29.9,8901,3
E01003617,Newham 012B,E09000025,Newham,30.0,8005,3,0.1,11493,4,0.1,18476,6,10.9,20988,7,-0.2,19773,7,1.3,1880,1,49.2,427,1,47.8,2293,1
E01003618,Newham 012C,E09000025,Newham,26.8,9706,3,0.1,13549,5,0.1,21537,7,10.8,21076,7,-0.3,20513,7,1.1,3032,1,44.2,1206,1,52.5,1509,1
E01003619,Newham 012D,E09000025,Newham,35.3,5784,2,0.2,7028,3,0.1,13081,4,10.2,21626,7,0.6,7462,3,0.9,4435,2,53.0,107,1,40.1,4227,2
E01003621,Newham 023C,E09000025,Newham,23.1,12000,4,0.1,10721,4,0.1,20516,7,22.0,12543,4,-0.2,19758,7,-0.2,19047,6,46.9,732,1,25.7,11334,4
E01003622,Newham 023D,E09000025,Newham,33.7,6357,2,0.2,8216,3,0.1,10265,4,23.3,11741,4,0.0,15669,5,0.9,4382,2,50.6,254,1,32.4,7508,3
E01003623,Newham 023E,E09000025,Newham,31.4,7356,3,0.2,8078,3,0.1,9989,4,25.3,10683,4,0.1,14299,5,0.4,10267,4,48.6,493,1,26.3,11003,4
E01003624,Newham 024E,E09000025,Newham,31.6,7229,3,0.2,6936,3,0.1,9766,3,23.4,11690,4,0.1,14420,5,0.4,10250,4,47.3,651,1,26.6,10821,4
E01003625,Newham 015A,E09000025,Newham,28.6,8697,3,0.1,11454,4,0.1,15927,5,18.0,15152,5,-0.3,20492,7,0.5,9343,3,56.8,35,1,39.2,4547,2
E01003626,Newham 015B,E09000025,Newham,23.9,11413,4,0.1,14855,5,0.1,18345,6,10.1,21708,7,0.0,15934,5,0.1,14963,5,50.5,265,1,35.7,5933,2
E01003627,Newham 015C,E09000025,Newham,28.4,8805,3,0.2,7119,3,0.1,14862,5,18.6,14705,5,0.2,13600,5,0.1,14980,5,46.7,785,1,31.0,8254,3
E01003628,Newham 015D,E09000025,Newham,21.4,13234,5,0.1,13158,5,0.1,21567,7,11.4,20556,7,-0.3,21156,7,0.2,13022,4,47.2,676,1,29.2,9288,3
E01003629,Newham 015E,E09000025,Newham,27.0,9618,3,0.2,9361,3,0.1,18936,6,17.2,15644,5,-0.4,21801,7,-0.1,18265,6,49.6,377,1,46.3,2604,1
E01003630,Newham 021C,E09000025,Newham,29.8,8101,3,0.2,6192,2,0.1,10763,4,17.0,15813,5,-0.1,17069,6,0.4,9898,4,45.9,909,1,25.9,11242,4
E01003631,Newham 020A,E09000025,Newham,27.2,9440,3,0.2,8342,3,0.1,14597,5,16.7,16021,5,-0.2,19105,6,0.3,12454,4,44.5,1148,1,37.7,5105,2
E01003632,Newham 020B,E09000025,Newham,21.0,13571,5,0.1,13616,5,0.1,18661,6,14.5,17751,6,-0.5,23099,8,-0.1,17568,6,45.7,936,1,28.4,9729,3
E01003633,Newham 020C,E09000025,Newham,39.5,4440,2,0.2,4050,2,0.2,4614,2,22.7,12117,4,0.4,10119,4,0.5,8811,3,50.7,248,1,20.4,14997,5
E01003634,Newham 020D,E09000025,Newham,31.1,7499,3,0.2,7763,3,0.1,9840,3,21.6,12789,4,0.3,11823,4,0.0,16106,5,51.6,172,1,21.0,14540,5
E01003635,Newham 016D,E09000025,Newham,24.6,10995,4,0.1,12721,4,0.1,15608,5,10.9,21003,7,-0.5,23352,8,1.1,3021,1,43.5,1336,1,28.1,9907,4
E01003636,Newham 020E,E09000025,Newham,32.3,6945,3,0.2,5941,2,0.1,11427,4,17.0,15824,5,0.2,13661,5,1.0,3364,2,46.3,829,1,22.8,13238,5
E01003637,Newham 021D,E09000025,Newham,22.0,12791,4,0.1,14933,5,0.1,20469,7,9.1,22732,7,-0.1,17011,6,0.4,9933,4,46.5,809,1,31.3,8112,3
E01033574,Newham 034F,E09000025,Newham,17.0,16967,6,0.0,32422,10,0.0,32820,10,5.7,26497,9,0.0,16306,5,-0.1,18131,6,53.8,86,1,38.7,4710,2
E01033575,Newham 034G,E09000025,Newham,20.1,14272,5,0.0,32063,10,0.0,32797,10,4.6,27783,9,0.2,12460,4,0.1,14365,5,51.2,200,1,53.7,1344,1
E01033576,Newham 034H,E09000025,Newham,24.5,11093,4,0.1,16296,5,0.0,27111,9,5.9,26224,8,-0.1,17467,6,1.0,3330,2,50.3,284,1,41.5,3785,2
E01033577,Newham 037E,E09000025,Newham,19.0,15262,5,0.1,14172,5,0.1,22784,7,12.6,19376,6,-0.3,21403,7,-0.2,19262,6,47.7,607,1,17.7,17037,6
E01033578,Newham 013E,E09000025,Newham,27.2,9454,3,0.1,17455,6,0.1,23800,8,13.6,18482,6,0.1,13996,5,0.2,13596,5,55.9,49,1,58.9,780,1
E01033579,Newham 013F,E09000025,Newham,21.1,13477,5,0.1,25166,8,0.0,31476,10,7.2,24759,8,-0.1,17038,6,0.3,11431,4,55.9,51,1,48.1,2234,1
E01033580,Newham 037F,E09000025,Newham,8.9,25889,8,0.0,30743,10,0.0,32354,10,5.0,27280,9,-0.4,21654,7,-0.4,22315,7,37.0,3193,1,14.8,19415,6
E01033581,Newham 037G,E09000025,Newham,34.9,5906,2,0.2,7001,3,0.1,9999,4,14.2,18007,6,0.5,9092,3,1.0,3605,2,56.1,43,1,22.4,13611,5
E01033582,Newham 037H,E09000025,Newham,14.6,19333,6,0.0,28743,9,0.0,32314,10,6.8,25258,8,-0.6,25223,8,0.1,15486,5,51.8,161,1,23.9,12456,4
E01033583,Newham 013G,E09000025,Newham,27.3,9402,3,0.1,12924,4,0.1,23320,8,11.3,20658,7,-0.3,20517,7,1.6,724,1,47.1,703,1,35.9,5843,2
E01033584,Newham 034I,E09000025,Newham,41.6,3844,2,0.3,2931,1,0.1,8216,3,22.8,12015,4,0.6,8464,3,1.1,2828,1,52.1,144,1,22.8,13241,5
E01033585,Newham 034J,E09000025,Newham,41.7,3823,2,0.3,3814,2,0.2,6415,2,19.9,13822,5,0.4,10776,4,1.1,2617,1,47.8,589,1,40.3,4149,2
E01033586,Newham 013H,E09000025,Newham,34.5,6075,2,0.2,6605,3,0.1,13057,4,11.6,20363,7,0.1,14088,5,0.3,11274,4,57.3,29,1,54.0,1311,1
E01003638,Redbridge 017A,E09000026,Redbridge,17.7,16400,5,0.1,11611,4,0.1,13824,5,12.1,19845,7,-0.8,26718,9,0.0,17167,6,29.1,7581,3,18.6,16340,5
E01003639,Redbridge 013A,E09000026,Redbridge,20.3,14102,5,0.1,13000,4,0.1,13872,5,12.8,19181,6,-0.3,20420,7,0.4,10698,4,34.1,4512,2,20.9,14645,5
E01003640,Redbridge 013B,E09000026,Redbridge,17.8,16305,5,0.1,17799,6,0.1,20588,7,11.5,20458,7,-0.8,26500,9,0.8,5124,2,32.5,5397,2,29.4,9175,3
E01003641,Redbridge 013C,E09000026,Redbridge,14.3,19658,6,0.1,13634,5,0.1,19806,7,9.4,22504,7,-0.9,28294,9,0.1,15029,5,23.9,12242,4,23.1,13052,4
E01003642,Redbridge 013D,E09000026,Redbridge,16.5,17430,6,0.1,12926,4,0.1,15684,5,10.5,21377,7,-0.8,26482,9,0.1,15136,5,27.9,8557,3,20.7,14789,5
E01003643,Redbridge 017B,E09000026,Redbridge,11.3,22934,7,0.1,20424,7,0.1,24830,8,7.1,24989,8,-0.7,25663,8,0.2,14041,5,24.0,12164,4,24.1,12345,4
E01003644,Redbridge 017C,E09000026,Redbridge,12.6,21466,7,0.1,17364,6,0.1,20508,7,9.3,22583,7,-1.3,30642,10,0.1,15809,5,27.4,8925,3,17.7,17048,6
E01003645,Redbridge 017D,E09000026,Redbridge,19.4,14895,5,0.1,15364,5,0.1,22996,8,8.7,23221,8,0.1,15143,5,0.2,13709,5,29.6,7252,3,47.8,2283,1
E01003646,Redbridge 012A,E09000026,Redbridge,12.4,21747,7,0.1,17218,6,0.0,26197,8,7.3,24695,8,-1.3,30774,10,0.3,11341,4,27.4,8918,3,23.1,13080,4
E01003647,Redbridge 015A,E09000026,Redbridge,13.5,20532,7,0.1,18159,6,0.1,24118,8,6.5,25609,8,-1.2,30219,10,0.7,7065,3,26.1,10054,4,25.6,11439,4
E01003648,Redbridge 012B,E09000026,Redbridge,7.6,27567,9,0.1,22941,7,0.0,27375,9,7.3,24653,8,-0.8,27382,9,-0.3,20527,7,17.2,20184,7,17.8,16948,6
E01003649,Redbridge 012C,E09000026,Redbridge,9.0,25780,8,0.1,18896,6,0.0,26249,8,4.9,27394,9,-0.9,27597,9,-0.5,24266,8,24.4,11687,4,15.4,18851,6
E01003650,Redbridge 015B,E09000026,Redbridge,16.2,17738,6,0.1,12157,4,0.1,15340,5,6.8,25219,8,-0.3,21173,7,0.1,15457,5,23.4,12784,4,20.1,15218,5
E01003651,Redbridge 012D,E09000026,Redbridge,11.3,22972,7,0.1,19378,6,0.0,25903,8,2.9,29813,10,-1.1,29480,9,0.4,10928,4,27.2,9079,3,22.0,13824,5
E01003652,Redbridge 015C,E09000026,Redbridge,8.1,26981,9,0.1,22450,7,0.1,24615,8,4.6,27805,9,-1.4,31286,10,-0.1,17859,6,19.1,17770,6,18.3,16551,6
E01003653,Redbridge 015D,E09000026,Redbridge,14.4,19591,6,0.1,17388,6,0.1,22356,7,7.1,24904,8,-1.3,30608,10,0.7,7050,3,26.8,9460,3,26.5,10887,4
E01003654,Redbridge 004A,E09000026,Redbridge,18.3,15907,5,0.1,13076,4,0.1,15884,5,11.0,20856,7,-0.3,21374,7,0.6,7206,3,23.7,12452,4,23.9,12472,4
E01003655,Redbridge 004B,E09000026,Redbridge,10.1,24380,8,0.1,22955,7,0.0,24993,8,5.6,26586,9,-1.0,28795,9,0.6,8138,3,18.6,18360,6,21.1,14520,5
E01003656,Redbridge 005A,E09000026,Redbridge,28.0,9053,3,0.2,9530,3,0.1,9539,3,26.0,10323,4,-0.2,18504,6,0.8,5760,2,36.3,3499,2,24.2,12311,4
E01003657,Redbridge 005B,E09000026,Redbridge,12.3,21818,7,0.1,21145,7,0.1,19529,6,13.9,18255,6,-1.3,31070,10,0.3,11966,4,23.4,12742,4,17.6,17127,6
E01003658,Redbridge 004C,E09000026,Redbridge,22.8,12182,4,0.2,9421,3,0.1,10196,4,20.5,13475,5,-0.2,18385,6,0.3,11608,4,26.7,9552,3,17.6,17152,6
E01003659,Redbridge 005C,E09000026,Redbridge,10.7,23697,8,0.1,21895,7,0.1,24486,8,9.9,21888,7,-0.8,27446,9,0.0,16396,5,21.1,15348,5,26.0,11144,4
E01003660,Redbridge 004D,E09000026,Redbridge,6.7,28631,9,0.0,29751,10,0.0,31218,10,10.3,21540,7,-1.4,31340,10,-0.5,23818,8,25.7,10500,4,18.7,16279,5
E01003661,Redbridge 019A,E09000026,Redbridge,18.0,16106,5,0.1,11533,4,0.1,15292,5,9.5,22362,7,0.1,14031,5,0.3,12360,4,20.2,16374,5,19.8,15448,5
E01003662,Redbridge 019B,E09000026,Redbridge,18.1,16077,5,0.1,12022,4,0.1,18330,6,10.3,21548,7,-0.3,20711,7,0.4,9849,3,26.5,9681,3,26.0,11159,4
E01003663,Redbridge 019C,E09000026,Redbridge,15.1,18844,6,0.1,12217,4,0.1,20157,7,12.1,19834,7,-0.6,24740,8,0.0,17194,6,24.4,11762,4,20.7,14793,5
E01003664,Redbridge 019D,E09000026,Redbridge,15.7,18219,6,0.1,12479,4,0.1,14636,5,10.1,21679,7,-0.8,27425,9,-0.5,23132,8,23.6,12519,4,25.0,11806,4
E01003665,Redbridge 019E,E09000026,Redbridge,11.9,22292,7,0.1,16829,6,0.1,22797,7,13.2,18848,6,-0.8,26723,9,-0.2,20086,7,19.7,17054,6,22.8,13299,5
E01003666,Redbridge 019F,E09000026,Redbridge,20.3,14098,5,0.2,9573,3,0.1,11950,4,11.3,20594,7,-0.5,23532,8,-0.3,21218,7,30.2,6852,3,26.6,10782,4
E01003668,Redbridge 007A,E09000026,Redbridge,8.9,25877,8,0.1,23014,8,0.0,29288,9,3.5,29072,9,-0.8,26746,9,0.2,12808,4,19.1,17729,6,26.1,11124,4
E01003669,Redbridge 007B,E09000026,Redbridge,6.2,29252,9,0.0,31160,10,0.0,31310,10,1.5,31487,10,-1.3,30819,10,0.0,16478,6,17.5,19833,7,30.6,8465,3
E01003670,Redbridge 007C,E09000026,Redbridge,9.5,25058,8,0.1,22060,7,0.1,23202,8,3.5,29153,9,-1.2,30564,10,-0.5,23520,8,27.0,9305,3,22.2,13695,5
E01003671,Redbridge 007D,E09000026,Redbridge,3.6,31809,10,0.0,31012,10,0.0,31492,10,1.6,31371,10,-1.3,30644,10,-0.4,22186,7,12.9,25476,8,18.0,16795,6
E01003672,Redbridge 007E,E09000026,Redbridge,17.2,16827,6,0.1,11233,4,0.1,17418,6,6.0,26214,8,-0.2,19270,6,-0.1,18527,6,24.2,11974,4,31.3,8129,3
E01003673,Redbridge 007F,E09000026,Redbridge,10.7,23653,8,0.0,28370,9,0.0,29381,9,2.8,29965,10,-1.3,30715,10,0.0,16843,6,27.4,8912,3,44.1,3134,1
E01003674,Redbridge 007G,E09000026,Redbridge,9.0,25801,8,0.1,23746,8,0.0,29286,9,2.1,30810,10,-0.7,26156,8,0.0,16547,6,24.5,11594,4,26.0,11187,4
E01003675,Redbridge 036A,E09000026,Redbridge,14.7,19264,6,0.1,17756,6,0.0,27149,9,4.0,28507,9,-1.1,29365,9,1.1,2914,1,23.5,12615,4,31.0,8241,3
E01003676,Redbridge 036B,E09000026,Redbridge,10.3,24174,8,0.1,20018,7,0.1,22289,7,4.4,28042,9,-0.8,26543,9,0.0,16722,6,20.0,16681,6,21.9,13903,5
E01003677,Redbridge 036C,E09000026,Redbridge,9.4,25226,8,0.1,22696,7,0.0,27125,9,6.0,26199,8,-1.0,28425,9,-0.2,19338,6,26.9,9407,3,21.1,14485,5
E01003678,Redbridge 036D,E09000026,Redbridge,9.7,24850,8,0.1,21009,7,0.0,26527,9,3.5,29189,9,-1.2,30070,10,0.2,14205,5,26.5,9728,3,18.3,16577,6
E01003679,Redbridge 036E,E09000026,Redbridge,9.0,25777,8,0.1,22107,7,0.0,26853,9,5.7,26552,9,-1.0,28477,9,0.0,16714,6,21.4,15022,5,22.1,13772,5
E01003680,Redbridge 036F,E09000026,Redbridge,7.7,27414,9,0.1,22342,7,0.0,28169,9,9.0,22826,7,-1.5,31834,10,-0.3,20898,7,20.6,15911,5,16.7,17842,6
E01003681,Redbridge 036G,E09000026,Redbridge,15.8,18092,6,0.1,12511,4,0.1,22562,7,8.1,23849,8,-0.9,27770,9,0.2,12898,4,32.1,5586,2,23.1,13061,4
E01003682,Redbridge 036H,E09000026,Redbridge,8.3,26704,9,0.1,21985,7,0.0,30329,10,4.7,27616,9,-1.8,32320,10,0.3,11261,4,20.1,16499,6,19.7,15504,5
E01003683,Redbridge 030A,E09000026,Redbridge,20.2,14189,5,0.2,10035,4,0.1,15637,5,19.6,14002,5,-0.9,27531,9,0.0,15911,5,29.9,7006,3,28.6,9620,3
E01003684,Redbridge 030B,E09000026,Redbridge,18.4,15771,5,0.2,8940,3,0.1,16735,6,15.1,17277,6,-0.8,27416,9,-0.2,19562,6,27.7,8708,3,24.2,12257,4
E01003685,Redbridge 030C,E09000026,Redbridge,20.9,13604,5,0.2,8287,3,0.1,17670,6,14.2,17960,6,-0.6,25039,8,0.4,10666,4,31.9,5700,2,25.6,11434,4
E01003686,Redbridge 030D,E09000026,Redbridge,26.4,9947,4,0.2,10355,4,0.1,12455,4,19.8,13902,5,-0.7,25356,8,1.1,2793,1,32.3,5490,2,35.8,5919,2
E01003688,Redbridge 030F,E09000026,Redbridge,25.3,10610,4,0.2,8706,3,0.1,14711,5,22.3,12325,4,-0.4,21555,7,0.5,8526,3,39.3,2395,1,25.0,11749,4
E01003689,Redbridge 030G,E09000026,Redbridge,31.3,7418,3,0.2,7902,3,0.1,13910,5,15.8,16737,6,0.2,13387,5,1.6,740,1,34.7,4209,2,36.0,5827,2
E01003690,Redbridge 035A,E09000026,Redbridge,18.6,15629,5,0.1,14890,5,0.0,25798,8,7.6,24379,8,-0.7,25465,8,1.3,1593,1,29.0,7695,3,29.0,9376,3
E01003691,Redbridge 035B,E09000026,Redbridge,13.6,20419,7,0.1,14505,5,0.1,21686,7,7.7,24281,8,-0.5,23285,8,0.0,16565,6,23.2,12968,4,23.2,12992,4
E01003692,Redbridge 035C,E09000026,Redbridge,14.6,19306,6,0.1,13159,5,0.1,18621,6,6.6,25443,8,-1.1,29925,10,0.2,13333,5,23.8,12352,4,24.7,11984,4
E01003693,Redbridge 035D,E09000026,Redbridge,14.2,19697,6,0.1,14839,5,0.1,21981,7,9.9,21935,7,-0.9,27942,9,0.5,8678,3,22.6,13603,5,22.1,13761,5
E01003694,Redbridge 035E,E09000026,Redbridge,16.2,17773,6,0.1,12848,4,0.1,19958,7,7.9,24026,8,-1.3,30605,10,0.7,6708,3,23.6,12504,4,27.2,10403,4
E01003695,Redbridge 035F,E09000026,Redbridge,22.9,12102,4,0.2,8726,3,0.1,10523,4,7.0,25024,8,-0.3,21392,7,0.2,12875,4,30.4,6651,3,32.6,7418,3
E01003696,Redbridge 035G,E09000026,Redbridge,11.5,22750,7,0.1,13564,5,0.0,25983,8,3.7,28918,9,-1.2,30118,10,-0.3,20901,7,27.6,8778,3,18.5,16396,5
E01003697,Redbridge 035H,E09000026,Redbridge,17.9,16185,5,0.1,14599,5,0.1,20611,7,5.5,26772,9,-1.1,29289,9,0.7,6533,2,33.4,4868,2,33.3,7070,3
E01003698,Redbridge 006A,E09000026,Redbridge,14.5,19482,6,0.1,20416,7,0.1,21501,7,18.2,14996,5,-0.8,26731,9,0.5,9406,3,18.8,18160,6,32.0,7715,3
E01003699,Redbridge 006B,E09000026,Redbridge,13.9,20047,7,0.1,18770,6,0.1,24240,8,20.9,13207,5,-0.6,24494,8,0.2,13509,5,28.3,8197,3,14.6,19576,6
E01003700,Redbridge 006C,E09000026,Redbridge,18.1,16080,5,0.1,14281,5,0.1,14975,5,18.5,14790,5,-0.5,22969,7,0.3,12573,4,22.1,14206,5,28.6,9609,3
E01003701,Redbridge 006D,E09000026,Redbridge,16.4,17540,6,0.1,17047,6,0.1,22163,7,13.3,18818,6,-0.7,25436,8,0.9,4776,2,23.4,12767,4,29.4,9168,3
E01003702,Redbridge 006E,E09000026,Redbridge,16.7,17235,6,0.1,14595,5,0.1,19884,7,14.6,17649,6,-0.5,23633,8,0.4,10579,4,27.3,9003,3,24.7,11947,4
E01003703,Redbridge 006F,E09000026,Redbridge,14.5,19424,6,0.1,17359,6,0.1,20374,7,14.2,17971,6,-1.4,31179,10,-0.1,18217,6,36.4,3464,2,13.9,20185,7
E01003704,Redbridge 006G,E09000026,Redbridge,18.7,15466,5,0.1,12711,4,0.1,13355,5,14.6,17693,6,-0.3,20042,7,0.1,15021,5,23.9,12202,4,26.0,11151,4
E01003705,Redbridge 010A,E09000026,Redbridge,14.3,19660,6,0.1,15829,5,0.1,22353,7,13.2,18839,6,-1.2,30227,10,0.7,6805,3,22.7,13563,5,19.4,15749,5
E01003706,Redbridge 010B,E09000026,Redbridge,16.3,17640,6,0.2,10318,4,0.1,15547,5,12.4,19570,6,-0.5,23582,8,-0.4,21950,7,23.2,12940,4,16.6,17920,6
E01003707,Redbridge 008A,E09000026,Redbridge,15.5,18419,6,0.1,12828,4,0.1,16842,6,10.9,20995,7,-1.0,28965,9,0.4,10937,4,20.4,16139,5,22.2,13718,5
E01003708,Redbridge 008B,E09000026,Redbridge,29.0,8492,3,0.2,5464,2,0.2,5790,2,19.8,13892,5,0.0,15848,5,0.1,15737,5,30.6,6532,2,20.3,15070,5
E01003709,Redbridge 008C,E09000026,Redbridge,9.7,24915,8,0.1,21329,7,0.0,25425,8,10.6,21245,7,-1.1,29279,9,0.0,16564,6,19.5,17268,6,20.9,14611,5
E01003710,Redbridge 008D,E09000026,Redbridge,10.9,23433,8,0.1,19860,7,0.1,24056,8,12.6,19403,6,-0.8,26592,9,0.2,13316,5,19.4,17381,6,16.8,17792,6
E01003711,Redbridge 010C,E09000026,Redbridge,16.9,17087,6,0.1,14380,5,0.1,18421,6,9.3,22584,7,-0.3,20522,7,0.5,8707,3,26.8,9455,3,22.1,13798,5
E01003712,Redbridge 010D,E09000026,Redbridge,39.9,4305,2,0.3,2279,1,0.2,2559,1,19.0,14360,5,0.4,10863,4,0.1,14655,5,39.9,2235,1,18.3,16566,6
E01003713,Redbridge 034A,E09000026,Redbridge,17.3,16721,6,0.1,10622,4,0.1,17568,6,12.9,19102,6,-0.7,25378,8,0.0,16924,6,26.8,9474,3,23.7,12618,4
E01003714,Redbridge 034B,E09000026,Redbridge,19.1,15160,5,0.1,11527,4,0.1,16289,5,12.2,19736,7,-0.5,23754,8,0.3,11235,4,26.3,9876,4,31.5,8016,3
E01003715,Redbridge 034C,E09000026,Redbridge,19.5,14846,5,0.1,10958,4,0.1,17694,6,14.4,17830,6,-0.9,28254,9,0.6,8070,3,29.4,7375,3,27.6,10221,4
E01003716,Redbridge 034D,E09000026,Redbridge,22.2,12597,4,0.1,10802,4,0.1,14987,5,12.2,19750,7,-0.3,21006,7,1.1,3129,1,24.9,11254,4,29.6,9065,3
E01003718,Redbridge 034E,E09000026,Redbridge,18.7,15521,5,0.1,11859,4,0.1,18969,6,11.1,20789,7,-0.7,25926,8,0.5,8813,3,29.2,7511,3,30.5,8541,3
E01003719,Redbridge 034F,E09000026,Redbridge,23.3,11868,4,0.2,9257,3,0.1,15470,5,12.2,19759,7,-0.6,24509,8,1.2,2491,1,27.9,8498,3,28.9,9433,3
E01003720,Redbridge 002A,E09000026,Redbridge,30.7,7685,3,0.2,5987,2,0.1,6827,3,30.7,8301,3,0.4,10271,4,0.1,15499,5,28.4,8121,3,25.1,11705,4
E01003721,Redbridge 003A,E09000026,Redbridge,19.5,14768,5,0.1,14703,5,0.1,14812,5,20.4,13511,5,-0.3,19957,7,0.4,10668,4,31.7,5871,2,16.8,17726,6
E01003722,Redbridge 002B,E09000026,Redbridge,24.5,11062,4,0.2,8270,3,0.1,9875,4,25.4,10621,4,-0.3,21363,7,0.4,11039,4,30.8,6422,2,14.7,19453,6
E01003723,Redbridge 002C,E09000026,Redbridge,28.1,8981,3,0.2,7547,3,0.1,8277,3,30.9,8211,3,-0.4,22191,7,0.7,6444,2,28.3,8211,3,24.8,11927,4
E01003724,Redbridge 003B,E09000026,Redbridge,18.2,15922,5,0.1,14888,5,0.1,16420,5,18.4,14809,5,-0.6,25304,8,0.4,10476,4,32.6,5345,2,17.5,17232,6
E01003725,Redbridge 003C,E09000026,Redbridge,26.2,10042,4,0.2,7278,3,0.1,8477,3,27.9,9434,3,-0.3,19885,7,0.5,9755,3,27.3,9018,3,16.8,17784,6
E01003726,Redbridge 002D,E09000026,Redbridge,31.7,7199,3,0.2,6537,2,0.2,6524,2,26.5,10068,4,-0.1,17459,6,0.4,11132,4,42.8,1475,1,20.2,15115,5
E01003727,Redbridge 003D,E09000026,Redbridge,29.9,8070,3,0.2,7005,3,0.1,6782,3,31.0,8165,3,0.1,14220,5,0.6,7098,3,26.0,10209,4,22.4,13547,5
E01003728,Redbridge 032A,E09000026,Redbridge,29.2,8420,3,0.2,9949,4,0.1,16841,6,9.7,22181,7,-0.7,25593,8,1.0,3147,1,46.3,835,1,52.1,1567,1
E01003729,Redbridge 032B,E09000026,Redbridge,29.5,8275,3,0.2,6481,2,0.1,12316,4,20.0,13758,5,-0.2,18729,6,0.7,6243,2,37.3,3091,1,37.2,5299,2
E01003730,Redbridge 032C,E09000026,Redbridge,23.5,11709,4,0.2,7861,3,0.1,12995,4,22.2,12382,4,-0.8,27224,9,0.4,11107,4,30.8,6425,2,27.3,10340,4
E01003731,Redbridge 033A,E09000026,Redbridge,26.4,9924,4,0.2,6295,2,0.1,11105,4,19.3,14171,5,-0.5,23423,8,0.6,7589,3,33.5,4797,2,24.3,12221,4
E01003732,Redbridge 032D,E09000026,Redbridge,33.9,6300,2,0.3,3708,2,0.1,9266,3,20.7,13314,5,0.6,7540,3,0.1,14579,5,43.5,1312,1,19.6,15621,5
E01003733,Redbridge 032E,E09000026,Redbridge,25.4,10523,4,0.2,7753,3,0.1,15316,5,19.1,14345,5,-0.7,25528,8,0.4,10105,4,33.4,4896,2,42.7,3485,2
E01003734,Redbridge 033B,E09000026,Redbridge,22.0,12747,4,0.2,9214,3,0.1,13609,5,19.5,14078,5,-0.7,25991,8,0.6,8401,3,30.3,6746,3,21.4,14264,5
E01003735,Redbridge 033C,E09000026,Redbridge,34.3,6134,2,0.3,2179,1,0.2,6073,2,25.0,10811,4,0.0,15582,5,-0.1,17913,6,37.1,3162,1,13.9,20252,7
E01003736,Redbridge 033D,E09000026,Redbridge,25.0,10763,4,0.2,7235,3,0.1,12135,4,17.3,15583,5,-0.2,18711,6,0.5,9490,3,31.3,6116,2,26.5,10849,4
E01003737,Redbridge 031A,E09000026,Redbridge,14.6,19340,6,0.1,13670,5,0.1,22326,7,9.2,22672,7,-1.1,29928,10,0.5,9469,3,26.5,9734,3,20.4,15000,5
E01003738,Redbridge 031B,E09000026,Redbridge,14.2,19783,7,0.1,15195,5,0.1,21834,7,12.0,19939,7,-1.3,30982,10,0.1,14402,5,28.7,7880,3,21.6,14152,5
E01003739,Redbridge 031C,E09000026,Redbridge,19.8,14512,5,0.2,8555,3,0.1,15658,5,9.8,22039,7,-0.7,25908,8,0.5,9756,3,29.3,7429,3,21.1,14468,5
E01003740,Redbridge 031D,E09000026,Redbridge,18.4,15804,5,0.1,14636,5,0.1,16973,6,12.8,19229,6,-0.9,27812,9,0.9,4477,2,28.1,8331,3,22.2,13694,5
E01003741,Redbridge 031E,E09000026,Redbridge,16.3,17671,6,0.1,14807,5,0.1,19489,6,9.0,22814,7,-0.8,27302,9,0.3,11660,4,28.5,8051,3,30.5,8502,3
E01003742,Redbridge 031F,E09000026,Redbridge,15.1,18836,6,0.1,11968,4,0.1,23227,8,17.6,15373,5,-1.1,29390,9,0.1,14876,5,26.1,10111,4,18.3,16574,6
E01003743,Redbridge 031G,E09000026,Redbridge,20.5,13901,5,0.2,10292,4,0.1,15279,5,18.7,14596,5,-0.4,22415,7,0.5,8803,3,27.1,9126,3,21.4,14255,5
E01003744,Redbridge 001A,E09000026,Redbridge,8.4,26576,9,0.1,25833,8,0.0,28119,9,6.7,25378,8,-1.1,29601,10,-0.1,18731,6,29.0,7624,3,14.1,20005,7
E01003745,Redbridge 001B,E09000026,Redbridge,5.7,29754,10,0.0,31471,10,0.0,32239,10,2.5,30301,10,-1.7,32227,10,0.0,16189,5,24.1,12013,4,19.3,15806,5
E01003746,Redbridge 001C,E09000026,Redbridge,4.1,31386,10,0.0,29670,10,0.0,30042,10,2.2,30704,10,-1.6,32067,10,-0.5,23846,8,14.2,24002,8,19.2,15862,5
E01003747,Redbridge 001D,E09000026,Redbridge,5.9,29547,9,0.0,28180,9,0.0,30341,10,2.7,30093,10,-1.6,32008,10,-0.1,17918,6,19.9,16789,6,21.1,14526,5
E01003748,Redbridge 001E,E09000026,Redbridge,4.9,30568,10,0.0,30528,10,0.0,28802,9,2.6,30163,10,-1.5,31687,10,-0.1,18856,6,15.7,22112,7,19.1,15963,5
E01003749,Redbridge 001F,E09000026,Redbridge,8.4,26609,9,0.1,25392,8,0.0,25631,8,2.4,30444,10,-0.7,25841,8,0.1,14782,5,17.5,19796,7,24.4,12158,4
E01003750,Redbridge 001G,E09000026,Redbridge,12.2,21971,7,0.1,19028,6,0.1,21996,7,3.7,28934,9,-0.9,28205,9,0.4,10717,4,23.6,12594,4,25.1,11735,4
E01003751,Redbridge 020A,E09000026,Redbridge,16.3,17637,6,0.1,14664,5,0.1,15506,5,10.1,21757,7,-0.8,27002,9,0.2,13297,5,29.4,7354,3,19.6,15645,5
E01003752,Redbridge 023A,E09000026,Redbridge,12.7,21341,7,0.1,15897,5,0.1,22464,7,4.0,28558,9,-1.3,30666,10,0.0,17326,6,33.1,5036,2,16.6,17909,6
E01003753,Redbridge 020B,E09000026,Redbridge,13.4,20656,7,0.1,16714,6,0.0,26370,9,6.7,25343,8,-1.2,30184,10,-0.4,22053,7,30.0,6993,3,36.9,5412,2
E01003754,Redbridge 020C,E09000026,Redbridge,13.0,21046,7,0.1,13842,5,0.1,20941,7,6.1,26086,8,-1.0,28726,9,-0.3,20723,7,25.0,11085,4,23.6,12729,4
E01003755,Redbridge 023B,E09000026,Redbridge,14.8,19173,6,0.1,11837,4,0.1,22381,7,10.4,21426,7,-1.1,29638,10,0.2,14204,5,24.9,11168,4,23.7,12631,4
E01003756,Redbridge 023C,E09000026,Redbridge,16.9,17117,6,0.1,12522,4,0.1,17007,6,8.9,22999,8,-0.6,25334,8,0.0,16112,5,24.9,11224,4,32.0,7686,3
E01003757,Redbridge 020D,E09000026,Redbridge,20.3,14062,5,0.2,10336,4,0.1,13573,5,13.8,18301,6,-0.9,27678,9,0.3,11778,4,30.9,6312,2,25.0,11808,4
E01003758,Redbridge 023D,E09000026,Redbridge,21.1,13455,5,0.2,9445,3,0.1,13054,4,12.5,19465,6,-0.4,22523,7,0.2,12811,4,34.2,4496,2,17.6,17158,6
E01003759,Redbridge 009A,E09000026,Redbridge,5.0,30489,10,0.0,29718,10,0.0,31858,10,2.3,30567,10,-1.5,31541,10,-0.1,18309,6,18.2,18797,6,20.0,15267,5
E01003760,Redbridge 009B,E09000026,Redbridge,15.0,18912,6,0.1,19184,6,0.0,25268,8,8.6,23259,8,-1.2,30233,10,0.6,8182,3,35.2,4014,2,27.5,10273,4
E01003761,Redbridge 009C,E09000026,Redbridge,39.7,4343,2,0.3,2452,1,0.2,5123,2,27.1,9794,3,0.1,14653,5,-0.4,22722,7,47.6,610,1,35.4,6053,2
E01003762,Redbridge 009D,E09000026,Redbridge,14.1,19879,7,0.1,21293,7,0.1,24212,8,7.2,24858,8,-1.3,30675,10,0.2,13295,5,34.7,4197,2,32.9,7232,3
E01003763,Redbridge 009E,E09000026,Redbridge,11.4,22891,7,0.1,23177,8,0.0,29922,10,7.8,24181,8,-1.5,31567,10,0.4,10929,4,31.5,5975,2,25.8,11258,4
E01003764,Redbridge 009F,E09000026,Redbridge,14.1,19839,7,0.1,20292,7,0.1,23588,8,6.4,25729,8,-0.8,26904,9,0.5,9192,3,22.0,14280,5,40.2,4208,2
E01003765,Redbridge 009G,E09000026,Redbridge,8.5,26421,9,0.1,24459,8,0.0,30256,10,6.5,25612,8,-1.1,29878,10,0.2,13920,5,17.9,19328,6,29.0,9385,3
E01003766,Redbridge 024A,E09000026,Redbridge,19.5,14798,5,0.1,11791,4,0.1,19357,6,17.8,15289,5,-0.6,24414,8,0.6,7556,3,26.4,9781,3,30.6,8453,3
E01003767,Redbridge 024B,E09000026,Redbridge,22.4,12449,4,0.1,12734,4,0.1,17528,6,15.6,16928,6,-0.4,21594,7,0.9,4331,2,31.8,5800,2,34.6,6437,2
E01003768,Redbridge 024C,E09000026,Redbridge,29.3,8376,3,0.2,6504,2,0.1,10423,4,19.2,14271,5,0.1,14728,5,0.7,6979,3,35.1,4041,2,30.9,8318,3
E01003769,Redbridge 022A,E09000026,Redbridge,24.7,10920,4,0.2,9948,4,0.1,15139,5,10.3,21518,7,-0.1,17496,6,0.6,8093,3,34.2,4468,2,42.6,3511,2
E01003770,Redbridge 022B,E09000026,Redbridge,16.7,17295,6,0.1,15257,5,0.1,18789,6,7.0,25080,8,-0.8,27493,9,0.7,5977,2,33.9,4648,2,14.0,20109,7
E01003771,Redbridge 022C,E09000026,Redbridge,16.9,17062,6,0.1,12301,4,0.1,16799,6,15.1,17303,6,-0.6,24990,8,-0.1,18427,6,29.7,7183,3,17.7,17018,6
E01003772,Redbridge 024D,E09000026,Redbridge,17.3,16747,6,0.1,10821,4,0.1,14493,5,9.8,22016,7,-0.7,25626,8,0.0,17272,6,24.5,11670,4,23.9,12524,4
E01003773,Redbridge 022D,E09000026,Redbridge,15.0,18922,6,0.1,14666,5,0.1,20232,7,6.5,25603,8,-0.8,26670,9,0.5,9739,3,27.0,9265,3,22.5,13516,5
E01003774,Redbridge 014A,E09000026,Redbridge,8.9,25937,8,0.1,24314,8,0.1,24306,8,1.5,31436,10,-1.0,28536,9,0.0,16104,5,20.7,15803,5,25.7,11340,4
E01003775,Redbridge 014B,E09000026,Redbridge,7.6,27588,9,0.0,28103,9,0.0,29144,9,1.2,31842,10,-1.2,30096,10,0.3,11367,4,22.5,13774,5,21.6,14096,5
E01003776,Redbridge 014C,E09000026,Redbridge,23.9,11451,4,0.2,7373,3,0.1,12870,4,12.3,19656,6,0.5,9058,3,-0.2,19774,7,33.0,5073,2,16.3,18195,6
E01003777,Redbridge 014D,E09000026,Redbridge,7.8,27288,9,0.0,28185,9,0.0,30416,10,1.4,31559,10,-1.4,31397,10,0.5,9575,3,15.9,21836,7,31.7,7913,3
E01003778,Redbridge 014E,E09000026,Redbridge,9.6,24959,8,0.1,23823,8,0.0,30250,10,2.8,29970,10,-0.9,28185,9,0.2,13946,5,20.0,16641,6,36.2,5716,2
E01003779,Redbridge 014F,E09000026,Redbridge,14.1,19836,7,0.1,16371,5,0.1,17667,6,5.9,26257,8,-0.2,18554,6,-0.6,25536,8,21.1,15334,5,31.0,8279,3
E01003780,Redbridge 014G,E09000026,Redbridge,5.8,29644,10,0.0,31269,10,0.0,30647,10,2.2,30605,10,-1.7,32230,10,-0.1,18276,6,22.8,13431,5,22.3,13623,5
E01003781,Redbridge 026A,E09000026,Redbridge,17.1,16875,6,0.1,11091,4,0.1,19495,6,5.5,26751,9,-0.9,27746,9,0.6,7958,3,30.1,6864,3,20.4,15005,5
E01003782,Redbridge 026B,E09000026,Redbridge,22.0,12806,4,0.1,10566,4,0.1,18826,6,14.2,17969,6,-0.9,27794,9,0.8,5345,2,30.7,6461,2,38.4,4859,2
E01003783,Redbridge 029A,E09000026,Redbridge,34.2,6193,2,0.2,6153,2,0.1,7240,3,12.2,19803,7,-0.1,17421,6,1.3,1575,1,40.6,2012,1,32.8,7309,3
E01003784,Redbridge 029B,E09000026,Redbridge,18.4,15774,5,0.1,12264,4,0.1,16378,5,9.5,22346,7,-0.7,25618,8,0.3,11304,4,30.9,6365,2,26.6,10804,4
E01003785,Redbridge 029C,E09000026,Redbridge,25.7,10363,4,0.2,8540,3,0.1,13255,5,12.2,19774,7,-0.6,25179,8,1.0,3486,2,39.7,2300,1,24.0,12431,4
E01003786,Redbridge 026C,E09000026,Redbridge,13.0,21062,7,0.1,16293,5,0.1,20619,7,3.2,29551,9,-1.0,28584,9,-0.1,18062,6,30.0,6969,3,22.3,13652,5
E01003787,Redbridge 026D,E09000026,Redbridge,15.4,18548,6,0.1,15324,5,0.1,18322,6,6.6,25511,8,-0.9,28186,9,0.1,15138,5,28.5,8025,3,30.2,8693,3
E01003788,Redbridge 029D,E09000026,Redbridge,24.9,10819,4,0.2,10496,4,0.1,12773,4,12.6,19402,6,-0.2,19330,6,0.6,7867,3,39.6,2331,1,30.7,8384,3
E01003789,Redbridge 018A,E09000026,Redbridge,10.3,24187,8,0.0,28415,9,0.0,30040,10,2.7,30054,10,-1.2,30327,10,0.4,10348,4,25.7,10408,4,37.0,5372,2
E01003790,Redbridge 027A,E09000026,Redbridge,16.2,17735,6,0.1,15155,5,0.1,14815,5,2.9,29805,10,-0.4,22227,7,0.1,14478,5,29.0,7637,3,23.8,12547,4
E01003791,Redbridge 027B,E09000026,Redbridge,15.7,18271,6,0.0,28210,9,0.0,28982,9,3.8,28752,9,-1.1,29571,10,1.7,673,1,29.3,7418,3,33.0,7212,3
E01003792,Redbridge 027C,E09000026,Redbridge,11.3,22984,7,0.1,24946,8,0.0,25021,8,1.6,31293,10,-1.1,29305,9,0.9,4573,2,18.1,19027,6,30.5,8491,3
E01003793,Redbridge 027D,E09000026,Redbridge,25.0,10782,4,0.2,9514,3,0.1,12548,4,16.2,16441,6,0.1,14580,5,0.4,9987,4,32.3,5483,2,32.6,7417,3
E01003794,Redbridge 018B,E09000026,Redbridge,7.9,27130,9,0.1,23631,8,0.0,25936,8,3.9,28666,9,-1.3,31079,10,-0.3,21203,7,22.8,13437,5,20.7,14761,5
E01003795,Redbridge 018C,E09000026,Redbridge,8.4,26624,9,0.0,30363,10,0.0,27818,9,2.4,30426,10,-1.3,30766,10,0.5,9556,3,23.4,12732,4,24.7,11972,4
E01003796,Redbridge 018D,E09000026,Redbridge,9.5,25148,8,0.1,25034,8,0.0,28543,9,2.7,30118,10,-1.4,31375,10,0.4,10846,4,27.8,8596,3,22.5,13459,5
E01032581,Redbridge 034G,E09000026,Redbridge,27.6,9264,3,0.2,7378,3,0.1,10098,4,22.3,12362,4,-0.4,22040,7,0.8,5074,2,32.7,5280,2,26.4,10949,4
E01033589,Redbridge 030H,E09000026,Redbridge,15.3,18605,6,0.1,23410,8,0.0,29220,9,7.2,24813,8,-1.0,28783,9,0.3,11459,4,41.3,1826,1,37.4,5225,2
E01033590,Redbridge 019H,E09000026,Redbridge,16.6,17390,6,0.1,12389,4,0.1,19065,6,15.7,16834,6,-0.4,21663,7,-0.2,19099,6,30.4,6678,3,15.0,19158,6
E01033591,Redbridge 030I,E09000026,Redbridge,30.5,7795,3,0.2,6632,3,0.1,8494,3,17.6,15406,5,-0.1,17901,6,0.8,5807,2,36.1,3581,2,34.7,6384,2
E01033592,Redbridge 019I,E09000026,Redbridge,17.1,16873,6,0.1,11466,4,0.1,16425,6,7.0,25088,8,-0.9,28273,9,0.0,16116,5,35.3,3928,2,15.4,18907,6
E01003797,Richmond upon Thames 001A,E09000027,Richmond upon Thames,5.9,29529,9,0.0,31035,10,0.0,32545,10,1.0,32045,10,-2.0,32619,10,0.2,13759,5,10.2,28434,9,34.6,6412,2
E01003798,Richmond upon Thames 001B,E09000027,Richmond upon Thames,8.5,26405,9,0.1,19809,7,0.1,21207,7,1.6,31278,10,-1.1,29715,10,-0.2,20172,7,15.0,23093,8,18.8,16190,5
E01003799,Richmond upon Thames 001C,E09000027,Richmond upon Thames,7.2,28093,9,0.0,31821,10,0.0,32099,10,0.3,32689,10,-2.4,32782,10,0.4,11010,4,11.7,26883,9,39.9,4297,2
E01003800,Richmond upon Thames 001D,E09000027,Richmond upon Thames,13.1,20893,7,0.1,15517,5,0.1,21396,7,8.0,23982,8,-1.0,28503,9,0.0,16531,6,20.1,16477,6,31.0,8265,3
E01003801,Richmond upon Thames 001E,E09000027,Richmond upon Thames,4.0,31478,10,0.0,31677,10,0.0,32575,10,0.1,32807,10,-1.7,32122,10,-0.5,24060,8,13.6,24714,8,27.9,10034,4
E01003802,Richmond upon Thames 001F,E09000027,Richmond upon Thames,4.7,30831,10,0.0,31518,10,0.0,32620,10,3.3,29424,9,-2.5,32794,10,-0.5,23841,8,17.9,19228,6,26.3,10995,4
E01003803,Richmond upon Thames 001G,E09000027,Richmond upon Thames,23.8,11485,4,0.2,7696,3,0.1,7313,3,15.6,16867,6,-0.1,17298,6,-0.3,20411,7,23.2,12983,4,24.1,12330,4
E01003804,Richmond upon Thames 005A,E09000027,Richmond upon Thames,5.8,29734,10,0.0,26916,9,0.0,28366,9,1.1,31957,10,-1.8,32406,10,-0.8,27290,9,15.1,22853,7,29.8,8932,3
E01003805,Richmond upon Thames 012A,E09000027,Richmond upon Thames,3.7,31751,10,0.0,32792,10,0.0,32593,10,0.2,32787,10,-3.0,32838,10,-0.4,22008,7,14.5,23617,8,24.6,12006,4
E01003806,Richmond upon Thames 012B,E09000027,Richmond upon Thames,8.0,27043,9,0.0,32295,10,0.0,32363,10,0.4,32641,10,-2.7,32821,10,0.8,5925,2,16.0,21684,7,34.9,6284,2
E01003807,Richmond upon Thames 005B,E09000027,Richmond upon Thames,7.8,27275,9,0.1,22091,7,0.0,25363,8,1.0,32061,10,-1.2,30522,10,-0.5,24016,8,14.9,23142,8,30.4,8572,3
E01003808,Richmond upon Thames 005C,E09000027,Richmond upon Thames,6.0,29480,9,0.1,25409,8,0.0,29353,9,1.6,31334,10,-1.7,32104,10,-0.5,23816,8,9.0,29521,9,31.9,7774,3
E01003809,Richmond upon Thames 005D,E09000027,Richmond upon Thames,6.1,29373,9,0.0,31722,10,0.0,31992,10,0.1,32792,10,-2.3,32768,10,-0.1,17880,6,8.9,29574,10,40.4,4146,2
E01003810,Richmond upon Thames 019A,E09000027,Richmond upon Thames,7.5,27730,9,0.1,24263,8,0.1,22495,7,1.0,31989,10,-1.2,30046,10,-0.2,19252,6,14.8,23286,8,21.8,13996,5
E01003811,Richmond upon Thames 018A,E09000027,Richmond upon Thames,5.5,30014,10,0.0,27587,9,0.0,30208,10,1.0,32009,10,-1.5,31825,10,-0.5,23686,8,11.4,27261,9,31.5,7986,3
E01003812,Richmond upon Thames 018B,E09000027,Richmond upon Thames,7.8,27315,9,0.1,23207,8,0.0,25461,8,1.4,31538,10,-0.8,26633,9,-0.3,21529,7,19.7,17059,6,20.9,14649,5
E01003813,Richmond upon Thames 019B,E09000027,Richmond upon Thames,4.7,30765,10,0.0,30944,10,0.0,26966,9,0.3,32705,10,-1.3,31051,10,-0.4,22208,7,12.7,25812,8,22.9,13187,5
E01003814,Richmond upon Thames 019C,E09000027,Richmond upon Thames,9.0,25837,8,0.1,20718,7,0.1,21762,7,0.6,32449,10,-0.7,26349,9,-0.4,22526,7,20.1,16527,6,19.7,15532,5
E01003815,Richmond upon Thames 019D,E09000027,Richmond upon Thames,8.9,25903,8,0.1,19406,6,0.0,26652,9,1.7,31241,10,-0.8,27246,9,-0.5,23828,8,16.6,20903,7,30.6,8480,3
E01003816,Richmond upon Thames 012C,E09000027,Richmond upon Thames,12.1,21996,7,0.1,24439,8,0.1,22379,7,6.1,26066,8,-1.1,29565,10,0.5,9345,3,30.6,6529,2,20.8,14683,5
E01003817,Richmond upon Thames 012D,E09000027,Richmond upon Thames,11.0,23338,8,0.1,22804,7,0.1,23047,8,3.0,29786,10,-1.4,31371,10,0.7,6088,2,17.9,19294,6,26.3,10964,4
E01003818,Richmond upon Thames 017A,E09000027,Richmond upon Thames,7.1,28188,9,0.1,20280,7,0.0,26709,9,2.4,30377,10,-1.7,32201,10,0.1,15259,5,13.9,24396,8,14.4,19809,7
E01003819,Richmond upon Thames 017B,E09000027,Richmond upon Thames,28.7,8640,3,0.2,6185,2,0.2,5839,2,20.2,13677,5,0.2,13596,5,0.4,10027,4,23.5,12642,4,22.8,13279,5
E01003820,Richmond upon Thames 017C,E09000027,Richmond upon Thames,11.5,22800,7,0.1,16769,6,0.1,15421,5,9.3,22621,7,-1.2,30008,10,-0.5,23422,8,15.0,22975,7,17.1,17536,6
E01003821,Richmond upon Thames 008A,E09000027,Richmond upon Thames,5.1,30378,10,0.0,30756,10,0.0,32282,10,0.3,32717,10,-1.8,32356,10,-0.5,24293,8,22.3,14008,5,25.9,11246,4
E01003822,Richmond upon Thames 023A,E09000027,Richmond upon Thames,3.0,32237,10,0.0,32590,10,0.0,32153,10,0.3,32699,10,-2.3,32752,10,-0.2,19391,6,11.1,27521,9,17.4,17314,6
E01003823,Richmond upon Thames 023B,E09000027,Richmond upon Thames,7.2,28018,9,0.0,30262,10,0.0,32110,10,0.7,32349,10,-2.1,32673,10,0.4,10807,4,23.8,12364,4,26.2,11042,4
E01003824,Richmond upon Thames 023C,E09000027,Richmond upon Thames,4.6,30910,10,0.0,28096,9,0.0,28973,9,0.6,32469,10,-1.4,31142,10,-0.2,20242,7,8.8,29658,10,21.2,14429,5
E01003825,Richmond upon Thames 023D,E09000027,Richmond upon Thames,3.2,32070,10,0.0,30232,10,0.0,30331,10,1.1,31893,10,-1.8,32434,10,-0.7,26377,9,12.0,26611,9,17.8,16986,6
E01003826,Richmond upon Thames 023E,E09000027,Richmond upon Thames,22.9,12129,4,0.2,9291,3,0.1,8017,3,16.1,16483,6,0.2,13223,5,0.1,15171,5,18.4,18623,6,21.4,14225,5
E01003827,Richmond upon Thames 023F,E09000027,Richmond upon Thames,8.5,26433,9,0.1,21469,7,0.1,22810,7,4.5,27969,9,-1.3,30595,10,-0.2,19676,6,15.1,22817,7,22.9,13204,5
E01003828,Richmond upon Thames 020A,E09000027,Richmond upon Thames,6.1,29370,9,0.0,28366,9,0.0,27480,9,2.3,30487,10,-1.4,31467,10,-0.1,17989,6,20.7,15829,5,16.4,18078,6
E01003829,Richmond upon Thames 020B,E09000027,Richmond upon Thames,26.7,9764,3,0.2,9018,3,0.1,7409,3,17.3,15626,5,0.4,10924,4,0.4,10741,4,28.2,8233,3,22.7,13349,5
E01003830,Richmond upon Thames 020C,E09000027,Richmond upon Thames,9.4,25199,8,0.1,22455,7,0.1,22440,7,2.7,30116,10,-1.2,30329,10,-0.3,20358,7,23.0,13188,5,25.0,11781,4
E01003831,Richmond upon Thames 020D,E09000027,Richmond upon Thames,10.2,24306,8,0.1,24367,8,0.0,27634,9,4.8,27573,9,-0.9,27954,9,0.7,6401,2,24.3,11830,4,15.8,18572,6
E01003832,Richmond upon Thames 020E,E09000027,Richmond upon Thames,37.0,5206,2,0.2,4786,2,0.2,2580,1,27.4,9648,3,0.5,9446,3,0.3,12239,4,35.5,3856,2,14.3,19820,7
E01003833,Richmond upon Thames 020F,E09000027,Richmond upon Thames,16.6,17419,6,0.1,13829,5,0.1,15217,5,11.6,20368,7,-0.5,23988,8,0.1,14569,5,29.3,7420,3,14.2,19923,7
E01003834,Richmond upon Thames 022A,E09000027,Richmond upon Thames,7.3,27946,9,0.0,26751,9,0.0,27663,9,2.9,29863,10,-1.1,29306,9,-0.1,17445,6,20.1,16571,6,23.4,12864,4
E01003835,Richmond upon Thames 022B,E09000027,Richmond upon Thames,4.5,31040,10,0.0,31700,10,0.0,29563,10,0.3,32684,10,-2.1,32677,10,-0.2,19152,6,9.9,28708,9,26.4,10936,4
E01003836,Richmond upon Thames 022C,E09000027,Richmond upon Thames,13.0,21069,7,0.1,17444,6,0.1,15285,5,3.6,29024,9,-0.7,25500,8,0.1,14534,5,17.9,19216,6,22.8,13295,5
E01003837,Richmond upon Thames 022D,E09000027,Richmond upon Thames,7.8,27266,9,0.1,25095,8,0.1,24208,8,0.5,32524,10,-1.7,32247,10,0.3,11502,4,20.7,15845,5,14.7,19487,6
E01003838,Richmond upon Thames 022E,E09000027,Richmond upon Thames,7.3,27892,9,0.1,25762,8,0.0,26474,9,0.9,32168,10,-1.7,32179,10,-0.2,19746,7,15.6,22287,7,31.8,7805,3
E01003839,Richmond upon Thames 022F,E09000027,Richmond upon Thames,13.1,20899,7,0.1,15628,5,0.1,17401,6,4.9,27369,9,-1.5,31542,10,0.1,15731,5,23.1,13144,5,23.7,12659,4
E01003840,Richmond upon Thames 013A,E09000027,Richmond upon Thames,14.8,19113,6,0.1,14638,5,0.1,19581,6,8.2,23763,8,-1.1,29660,10,0.2,13432,5,28.3,8176,3,23.8,12582,4
E01003841,Richmond upon Thames 013B,E09000027,Richmond upon Thames,26.0,10173,4,0.2,7357,3,0.1,10056,4,22.1,12461,4,0.0,16245,5,0.2,14062,5,32.5,5362,2,23.2,13002,4
E01003842,Richmond upon Thames 013C,E09000027,Richmond upon Thames,20.4,14040,5,0.1,12960,4,0.1,12062,4,18.1,15044,5,-0.2,18700,6,0.4,10558,4,19.3,17526,6,30.4,8596,3
E01003843,Richmond upon Thames 013D,E09000027,Richmond upon Thames,15.7,18212,6,0.1,13678,5,0.1,14003,5,13.1,18980,6,-1.1,29728,10,-0.4,22389,7,25.8,10402,4,21.7,14051,5
E01003844,Richmond upon Thames 013E,E09000027,Richmond upon Thames,9.2,25517,8,0.1,25902,8,0.1,20313,7,3.2,29502,9,-1.1,29234,9,0.3,12014,4,13.1,25324,8,25.6,11394,4
E01003845,Richmond upon Thames 013F,E09000027,Richmond upon Thames,9.3,25364,8,0.1,24536,8,0.1,22803,7,9.2,22641,7,-1.4,31251,10,0.2,13932,5,19.4,17374,6,19.4,15738,5
E01003846,Richmond upon Thames 002A,E09000027,Richmond upon Thames,4.2,31335,10,0.0,32387,10,0.0,32637,10,0.0,32841,10,-2.7,32827,10,-0.4,22158,7,7.9,30363,10,32.4,7491,3
E01003847,Richmond upon Thames 002B,E09000027,Richmond upon Thames,6.7,28640,9,0.0,26497,9,0.0,30530,10,2.1,30735,10,-1.9,32530,10,0.0,17343,6,17.4,19958,7,29.1,9304,3
E01003848,Richmond upon Thames 004A,E09000027,Richmond upon Thames,11.4,22916,7,0.1,20836,7,0.1,22975,7,3.2,29537,9,-1.2,30584,10,0.3,11286,4,17.6,19679,6,34.5,6479,2
E01003849,Richmond upon Thames 002C,E09000027,Richmond upon Thames,8.4,26496,9,0.1,26242,8,0.1,22634,7,0.4,32606,10,-1.4,31173,10,0.1,15146,5,12.1,26427,9,32.9,7231,3
E01003851,Richmond upon Thames 002D,E09000027,Richmond upon Thames,5.9,29595,10,0.0,32322,10,0.0,32338,10,0.1,32810,10,-2.2,32742,10,0.4,10224,4,11.6,27019,9,30.9,8322,3
E01003852,Richmond upon Thames 003A,E09000027,Richmond upon Thames,13.6,20334,7,0.1,20417,7,0.0,25127,8,0.5,32513,10,-1.3,31099,10,1.0,3200,1,20.4,16189,5,34.9,6288,2
E01003853,Richmond upon Thames 003B,E09000027,Richmond upon Thames,11.5,22779,7,0.1,18833,6,0.1,17354,6,3.7,28908,9,-1.1,29348,9,0.1,15506,5,16.7,20809,7,24.8,11897,4
E01003854,Richmond upon Thames 003C,E09000027,Richmond upon Thames,7.8,27287,9,0.1,25596,8,0.0,27496,9,3.0,29731,10,-1.6,32045,10,0.4,10380,4,14.1,24060,8,25.5,11444,4
E01003855,Richmond upon Thames 003D,E09000027,Richmond upon Thames,19.2,15099,5,0.2,9640,3,0.1,11171,4,11.3,20666,7,-0.7,25481,8,0.2,13429,5,22.1,14158,5,21.0,14569,5
E01003856,Richmond upon Thames 003E,E09000027,Richmond upon Thames,6.3,29104,9,0.1,23125,8,0.0,28435,9,1.3,31709,10,-1.6,31853,10,-0.4,22570,7,14.3,23887,8,24.7,11987,4
E01003857,Richmond upon Thames 003F,E09000027,Richmond upon Thames,5.5,29987,10,0.0,26658,9,0.0,28547,9,3.1,29612,10,-1.8,32391,10,-0.5,24128,8,13.6,24665,8,25.0,11812,4
E01003858,Richmond upon Thames 003G,E09000027,Richmond upon Thames,3.9,31608,10,0.0,31705,10,0.0,32383,10,0.2,32785,10,-1.6,31888,10,-0.4,22759,7,7.9,30396,10,28.8,9473,3
E01003859,Richmond upon Thames 005E,E09000027,Richmond upon Thames,6.7,28619,9,0.0,27447,9,0.0,30255,10,0.3,32706,10,-1.5,31830,10,0.0,15903,5,11.9,26700,9,34.2,6577,3
E01003860,Richmond upon Thames 002E,E09000027,Richmond upon Thames,9.3,25436,8,0.1,24428,8,0.1,23806,8,0.1,32806,10,-1.6,31976,10,0.3,11732,4,17.7,19579,6,30.4,8590,3
E01003861,Richmond upon Thames 004C,E09000027,Richmond upon Thames,8.2,26791,9,0.1,22560,7,0.0,27773,9,1.3,31715,10,-1.3,31107,10,0.0,16314,5,20.3,16255,5,25.8,11262,4
E01003862,Richmond upon Thames 004D,E09000027,Richmond upon Thames,17.8,16325,5,0.1,15246,5,0.1,14194,5,3.3,29382,9,-0.6,25093,8,0.7,6742,3,20.7,15820,5,36.5,5595,2
E01003863,Richmond upon Thames 004E,E09000027,Richmond upon Thames,18.7,15504,5,0.1,11899,4,0.1,11795,4,1.0,32050,10,-0.7,25565,8,0.4,9906,4,16.8,20697,7,39.2,4556,2
E01003864,Richmond upon Thames 002F,E09000027,Richmond upon Thames,7.1,28154,9,0.0,27758,9,0.0,28383,9,1.4,31534,10,-1.5,31620,10,-0.1,18252,6,21.6,14817,5,27.1,10496,4
E01003865,Richmond upon Thames 004F,E09000027,Richmond upon Thames,11.5,22780,7,0.1,19097,6,0.1,20260,7,3.0,29682,10,-1.1,29239,9,0.0,17163,6,23.8,12338,4,25.2,11634,4
E01003866,Richmond upon Thames 007A,E09000027,Richmond upon Thames,3.8,31675,10,0.0,32788,10,0.0,32672,10,0.1,32817,10,-2.3,32772,10,-0.7,25959,8,6.9,31030,10,32.9,7227,3
E01003867,Richmond upon Thames 011A,E09000027,Richmond upon Thames,11.8,22428,7,0.1,21692,7,0.1,21259,7,1.5,31438,10,-1.0,28969,9,0.3,12292,4,24.7,11415,4,29.4,9137,3
E01003868,Richmond upon Thames 007B,E09000027,Richmond upon Thames,5.6,29924,10,0.0,30459,10,0.0,31518,10,0.1,32831,10,-1.6,32060,10,0.0,15992,5,8.8,29647,10,33.3,7076,3
E01003869,Richmond upon Thames 011B,E09000027,Richmond upon Thames,5.1,30455,10,0.0,31360,10,0.0,32022,10,0.3,32665,10,-1.6,31879,10,0.0,16730,6,16.5,21074,7,25.8,11271,4
E01003870,Richmond upon Thames 011C,E09000027,Richmond upon Thames,5.8,29667,10,0.0,31298,10,0.0,31817,10,0.3,32682,10,-1.9,32517,10,-0.1,18779,6,17.2,20179,7,33.0,7192,3
E01003871,Richmond upon Thames 007C,E09000027,Richmond upon Thames,4.8,30677,10,0.0,28344,9,0.0,30651,10,0.5,32543,10,-1.8,32392,10,-0.4,22635,7,10.1,28539,9,28.6,9591,3
E01003872,Richmond upon Thames 007D,E09000027,Richmond upon Thames,7.6,27501,9,0.0,28085,9,0.0,29576,10,0.2,32771,10,-1.8,32386,10,0.5,8683,3,12.4,26105,8,31.9,7771,3
E01003873,Richmond upon Thames 006A,E09000027,Richmond upon Thames,7.5,27732,9,0.0,27140,9,0.0,30931,10,0.1,32826,10,-1.7,32105,10,0.4,10263,4,16.4,21187,7,30.1,8737,3
E01003874,Richmond upon Thames 006B,E09000027,Richmond upon Thames,5.2,30274,10,0.0,29645,10,0.0,31085,10,0.3,32700,10,-1.7,32109,10,-0.6,24850,8,15.3,22625,7,31.8,7811,3
E01003875,Richmond upon Thames 006C,E09000027,Richmond upon Thames,7.3,27905,9,0.1,23000,8,0.0,26105,8,0.6,32407,10,-1.8,32317,10,0.2,14258,5,12.4,26092,8,23.9,12525,4
E01003876,Richmond upon Thames 008B,E09000027,Richmond upon Thames,6.7,28654,9,0.0,30013,10,0.0,31635,10,0.1,32821,10,-1.9,32549,10,0.2,13282,5,19.3,17498,6,30.5,8537,3
E01003877,Richmond upon Thames 008C,E09000027,Richmond upon Thames,6.0,29443,9,0.0,28624,9,0.0,28557,9,0.8,32198,10,-1.7,32146,10,-0.4,22246,7,15.6,22238,7,30.7,8404,3
E01003878,Richmond upon Thames 006D,E09000027,Richmond upon Thames,19.6,14734,5,0.2,9306,3,0.1,9623,3,7.4,24546,8,-0.3,19915,7,0.1,14718,5,20.4,16185,5,18.4,16536,6
E01003879,Richmond upon Thames 008D,E09000027,Richmond upon Thames,5.9,29573,10,0.0,31669,10,0.0,32517,10,0.6,32454,10,-2.6,32811,10,0.1,15475,5,17.6,19687,6,31.7,7879,3
E01003880,Richmond upon Thames 016A,E09000027,Richmond upon Thames,6.1,29338,9,0.0,26648,9,0.0,30307,10,0.4,32574,10,-1.5,31824,10,-0.2,19695,6,8.9,29590,10,33.4,7013,3
E01003881,Richmond upon Thames 016B,E09000027,Richmond upon Thames,4.6,30902,10,0.0,31214,10,0.0,31929,10,0.8,32185,10,-1.8,32448,10,-1.1,29860,10,22.6,13661,5,24.2,12300,4
E01003882,Richmond upon Thames 014A,E09000027,Richmond upon Thames,6.2,29211,9,0.0,29821,10,0.0,26439,9,0.1,32801,10,-1.4,31252,10,-0.2,20180,7,11.0,27595,9,32.3,7568,3
E01003883,Richmond upon Thames 014B,E09000027,Richmond upon Thames,4.8,30722,10,0.0,27863,9,0.0,29693,10,1.1,31872,10,-1.0,28522,9,-1.2,30432,10,12.3,26195,8,26.1,11100,4
E01003884,Richmond upon Thames 016C,E09000027,Richmond upon Thames,5.6,29942,10,0.0,27722,9,0.0,27198,9,0.4,32604,10,-1.4,31317,10,0.1,15378,5,11.6,27045,9,19.7,15517,5
E01003885,Richmond upon Thames 016D,E09000027,Richmond upon Thames,6.1,29344,9,0.0,27955,9,0.0,28991,9,0.7,32362,10,-1.5,31685,10,0.3,11985,4,11.5,27084,9,23.4,12857,4
E01003886,Richmond upon Thames 021A,E09000027,Richmond upon Thames,3.5,31939,10,0.0,31276,10,0.0,30629,10,0.5,32552,10,-2.1,32672,10,-0.5,24339,8,11.8,26738,9,21.4,14247,5
E01003887,Richmond upon Thames 021B,E09000027,Richmond upon Thames,4.6,30928,10,0.0,31429,10,0.0,31435,10,0.4,32589,10,-1.7,32254,10,-0.4,23035,8,11.1,27524,9,31.4,8048,3
E01003888,Richmond upon Thames 021C,E09000027,Richmond upon Thames,13.6,20383,7,0.1,14313,5,0.1,14141,5,3.6,28964,9,-0.4,21964,7,-0.9,28181,9,19.6,17136,6,21.9,13908,5
E01003889,Richmond upon Thames 021D,E09000027,Richmond upon Thames,4.8,30675,10,0.0,32469,10,0.0,32539,10,0.1,32794,10,-1.8,32354,10,-0.1,18006,6,22.5,13710,5,19.7,15510,5
E01003890,Richmond upon Thames 018C,E09000027,Richmond upon Thames,6.6,28798,9,0.0,27308,9,0.0,30000,10,0.7,32388,10,-1.7,32135,10,-0.7,26385,9,22.6,13640,5,30.3,8658,3
E01003891,Richmond upon Thames 018D,E09000027,Richmond upon Thames,2.7,32410,10,0.0,30934,10,0.0,30536,10,0.6,32463,10,-2.0,32644,10,-1.2,30440,10,12.7,25790,8,16.5,18012,6
E01003892,Richmond upon Thames 009A,E09000027,Richmond upon Thames,3.8,31691,10,0.0,32000,10,0.0,31979,10,0.6,32445,10,-1.9,32524,10,-0.6,25376,8,19.1,17684,6,19.9,15339,5
E01003893,Richmond upon Thames 009B,E09000027,Richmond upon Thames,6.7,28660,9,0.0,29424,9,0.0,30407,10,0.4,32599,10,-1.7,32123,10,-0.5,23468,8,19.2,17639,6,36.4,5639,2
E01003894,Richmond upon Thames 009C,E09000027,Richmond upon Thames,4.8,30678,10,0.0,30430,10,0.0,31830,10,0.1,32833,10,-1.9,32540,10,-0.1,18389,6,11.8,26788,9,28.9,9464,3
E01003895,Richmond upon Thames 009D,E09000027,Richmond upon Thames,8.0,27050,9,0.1,25976,8,0.0,29110,9,0.7,32357,10,-1.8,32384,10,0.1,14727,5,14.7,23402,8,36.9,5421,2
E01003896,Richmond upon Thames 014C,E09000027,Richmond upon Thames,7.6,27626,9,0.0,30314,10,0.0,31431,10,1.6,31341,10,-1.8,32319,10,0.2,14225,5,15.7,22036,7,39.6,4397,2
E01003897,Richmond upon Thames 014D,E09000027,Richmond upon Thames,8.3,26696,9,0.1,24399,8,0.0,28074,9,0.4,32612,10,-1.2,30142,10,0.2,13248,5,18.2,18888,6,29.1,9303,3
E01003898,Richmond upon Thames 015A,E09000027,Richmond upon Thames,7.9,27203,9,0.1,22641,7,0.0,27077,9,1.0,32000,10,-1.0,28787,9,0.0,16846,6,9.2,29300,9,31.0,8230,3
E01003899,Richmond upon Thames 015B,E09000027,Richmond upon Thames,5.1,30374,10,0.0,29005,9,0.0,30027,10,0.7,32311,10,-1.5,31560,10,-0.3,20963,7,10.2,28451,9,29.2,9282,3
E01003900,Richmond upon Thames 015C,E09000027,Richmond upon Thames,21.2,13430,5,0.1,10963,4,0.1,10229,4,10.6,21311,7,-0.2,19458,6,0.6,7959,3,23.1,13038,4,23.0,13106,4
E01003901,Richmond upon Thames 015D,E09000027,Richmond upon Thames,7.1,28252,9,0.0,29802,10,0.0,30422,10,2.4,30419,10,-1.3,30895,10,0.0,16132,5,24.3,11856,4,24.8,11914,4
E01003902,Richmond upon Thames 015E,E09000027,Richmond upon Thames,5.9,29580,10,0.0,28998,9,0.0,26942,9,1.8,31096,10,-1.6,31842,10,-0.5,24169,8,10.6,28072,9,32.0,7726,3
E01003903,Richmond upon Thames 015F,E09000027,Richmond upon Thames,13.2,20852,7,0.1,20291,7,0.0,26078,8,9.3,22618,7,-1.3,30661,10,0.8,5754,2,22.5,13714,5,30.3,8624,3
E01003904,Richmond upon Thames 015G,E09000027,Richmond upon Thames,10.7,23624,8,0.1,20433,7,0.1,21566,7,2.8,29975,10,-1.0,29053,9,0.0,16811,6,24.4,11745,4,23.4,12879,4
E01003905,Richmond upon Thames 010A,E09000027,Richmond upon Thames,7.6,27587,9,0.1,23057,8,0.0,28870,9,4.0,28572,9,-0.8,26849,9,-0.2,19357,6,15.1,22810,7,25.5,11488,4
E01003906,Richmond upon Thames 010B,E09000027,Richmond upon Thames,12.1,22093,7,0.1,18827,6,0.1,22086,7,7.2,24779,8,-0.7,26445,9,-0.3,21123,7,15.7,22058,7,38.3,4884,2
E01003907,Richmond upon Thames 010C,E09000027,Richmond upon Thames,21.0,13572,5,0.1,11319,4,0.1,12385,4,19.0,14424,5,-0.3,21287,7,0.2,13852,5,31.9,5715,2,17.9,16896,6
E01003908,Richmond upon Thames 010D,E09000027,Richmond upon Thames,6.9,28447,9,0.0,27832,9,0.0,30041,10,2.8,29961,10,-1.7,32248,10,0.3,12601,4,17.4,19926,7,25.6,11401,4
E01003909,Richmond upon Thames 010E,E09000027,Richmond upon Thames,7.6,27502,9,0.1,25279,8,0.0,27712,9,3.0,29706,10,-1.6,31891,10,0.2,13935,5,15.1,22831,7,27.8,10048,4
E01003910,Richmond upon Thames 011D,E09000027,Richmond upon Thames,6.5,28889,9,0.0,29464,9,0.0,29161,9,3.3,29316,9,-1.5,31810,10,-0.3,20434,7,24.5,11601,4,21.0,14568,5
E01033570,Richmond upon Thames 004G,E09000027,Richmond upon Thames,15.3,18671,6,0.1,18229,6,0.0,26295,9,6.8,25238,8,-1.4,31350,10,0.2,13057,4,35.3,3947,2,38.2,4909,2
E01033571,Richmond upon Thames 004H,E09000027,Richmond upon Thames,13.5,20497,7,0.1,17680,6,0.1,16340,5,3.3,29407,9,-0.8,27486,9,0.4,10892,4,19.8,16938,6,25.7,11359,4
E01003911,Southwark 020A,E09000028,Southwark,29.8,8105,3,0.2,5933,2,0.1,8968,3,13.0,19007,6,0.1,14848,5,0.2,12896,4,38.5,2652,1,36.0,5797,2
E01003912,Southwark 019A,E09000028,Southwark,40.6,4076,2,0.3,2677,1,0.2,4152,2,19.2,14225,5,0.9,5010,2,0.5,9701,3,37.0,3184,1,29.2,9293,3
E01003913,Southwark 024A,E09000028,Southwark,19.2,15082,5,0.1,13992,5,0.1,14156,5,4.4,28001,9,-0.1,17334,6,0.5,9627,3,28.8,7833,3,29.1,9318,3
E01003914,Southwark 024B,E09000028,Southwark,21.5,13168,5,0.1,11828,4,0.1,15306,5,6.9,25139,8,0.0,15499,5,0.2,14139,5,28.3,8216,3,43.7,3241,1
E01003915,Southwark 024C,E09000028,Southwark,28.0,9013,3,0.2,7305,3,0.1,8771,3,9.7,22165,7,0.2,12923,4,0.1,14374,5,39.7,2299,1,29.8,8931,3
E01003916,Southwark 020B,E09000028,Southwark,24.7,10919,4,0.2,9217,3,0.1,15610,5,7.8,24176,8,0.0,15830,5,0.6,8197,3,34.3,4451,2,41.5,3802,2
E01003917,Southwark 020C,E09000028,Southwark,30.2,7948,3,0.2,5810,2,0.1,9464,3,10.7,21183,7,0.4,10289,4,0.8,5316,2,33.0,5102,2,30.2,8679,3
E01003918,Southwark 020D,E09000028,Southwark,34.6,6042,2,0.2,4544,2,0.1,8053,3,14.9,17415,6,0.0,15345,5,1.3,1968,1,35.4,3912,2,35.0,6247,2
E01003919,Southwark 021A,E09000028,Southwark,23.6,11638,4,0.1,15006,5,0.1,16761,6,7.0,25023,8,-0.3,20684,7,1.1,2557,1,32.5,5366,2,45.9,2706,1
E01003920,Southwark 021B,E09000028,Southwark,32.3,6969,3,0.2,4661,2,0.2,6387,2,10.2,21593,7,0.3,11968,4,0.4,10430,4,36.1,3579,2,32.7,7358,3
E01003921,Southwark 021C,E09000028,Southwark,39.7,4355,2,0.2,7314,3,0.2,5394,2,17.5,15464,5,1.1,3818,2,1.2,2055,1,33.8,4684,2,44.7,2972,1
E01003922,Southwark 021D,E09000028,Southwark,30.6,7717,3,0.2,6446,2,0.1,12557,4,9.8,22033,7,0.3,12062,4,1.1,2989,1,35.4,3893,2,39.5,4430,2
E01003923,Southwark 017A,E09000028,Southwark,26.7,9783,3,0.2,8662,3,0.1,11406,4,9.7,22193,7,0.0,16019,5,0.6,7498,3,34.8,4155,2,38.2,4921,2
E01003924,Southwark 021E,E09000028,Southwark,31.2,7459,3,0.2,6314,2,0.1,8221,3,18.6,14719,5,0.3,12054,4,0.3,11701,4,40.8,1964,1,29.5,9096,3
E01003925,Southwark 020E,E09000028,Southwark,32.7,6790,3,0.2,6060,2,0.1,7695,3,15.7,16835,6,0.3,11415,4,0.2,13601,5,32.5,5395,2,52.9,1452,1
E01003926,Southwark 021F,E09000028,Southwark,31.4,7330,3,0.2,5254,2,0.1,10527,4,13.1,18955,6,0.4,10582,4,0.7,6929,3,34.7,4207,2,38.7,4717,2
E01003927,Southwark 002A,E09000028,Southwark,16.4,17545,6,0.1,18437,6,0.0,25684,8,3.9,28607,9,-0.1,16787,6,-0.5,23429,8,35.1,4027,2,43.9,3183,1
E01003929,Southwark 002B,E09000028,Southwark,23.0,12077,4,0.1,13362,5,0.1,15626,5,12.1,19838,7,-0.1,17064,6,0.2,13383,5,31.9,5728,2,49.6,1977,1
E01003930,Southwark 034A,E09000028,Southwark,28.9,8533,3,0.1,14139,5,0.1,12024,4,19.8,13869,5,0.3,11944,4,0.9,4646,2,30.9,6360,2,54.8,1206,1
E01003932,Southwark 034B,E09000028,Southwark,39.0,4581,2,0.2,4117,2,0.2,4195,2,11.6,20327,7,0.8,5654,2,0.4,11084,4,36.6,3364,2,44.2,3103,1
E01003933,Southwark 034C,E09000028,Southwark,33.6,6417,2,0.2,10051,4,0.1,14520,5,12.8,19265,6,0.6,7417,3,1.6,898,1,30.8,6390,2,58.9,779,1
E01003934,Southwark 002C,E09000028,Southwark,18.6,15563,5,0.1,13969,5,0.1,17577,6,3.1,29616,10,-0.1,18030,6,-0.8,27337,9,33.3,4961,2,43.5,3309,2
E01003935,Southwark 002D,E09000028,Southwark,21.0,13553,5,0.2,10187,4,0.1,16903,6,10.5,21382,7,0.5,9141,3,-0.8,26822,9,32.9,5151,2,26.4,10941,4
E01003936,Southwark 009A,E09000028,Southwark,14.2,19694,6,0.0,32242,10,0.0,32748,10,22.8,12049,4,-0.6,24603,8,-0.4,21834,7,29.7,7172,3,53.2,1412,1
E01003937,Southwark 009B,E09000028,Southwark,24.3,11190,4,0.1,20157,7,0.0,28564,9,2.7,30044,10,0.3,12296,4,0.9,4559,2,36.7,3302,2,74.0,44,1
E01003938,Southwark 006A,E09000028,Southwark,31.2,7465,3,0.2,4984,2,0.1,9127,3,5.2,27062,9,0.3,11441,4,0.5,9057,3,40.6,2022,1,33.8,6816,3
E01003939,Southwark 002E,E09000028,Southwark,20.5,13960,5,0.1,14184,5,0.1,20889,7,4.2,28310,9,0.3,12294,4,0.0,16746,6,38.9,2517,1,37.9,5022,2
E01003940,Southwark 006B,E09000028,Southwark,33.4,6510,2,0.3,3016,1,0.1,6814,3,10.5,21317,7,0.2,12494,4,0.3,11221,4,36.4,3480,2,29.6,9061,3
E01003941,Southwark 006C,E09000028,Southwark,18.2,15923,5,0.1,15499,5,0.1,22854,7,4.2,28323,9,-0.2,18525,6,0.6,7899,3,33.4,4851,2,35.3,6098,2
E01003942,Southwark 006D,E09000028,Southwark,31.3,7382,3,0.2,6074,2,0.1,7743,3,9.3,22557,7,0.6,7688,3,0.7,6133,2,32.0,5687,2,31.9,7746,3
E01003943,Southwark 009C,E09000028,Southwark,40.1,4225,2,0.3,3544,2,0.2,5106,2,13.5,18606,6,0.4,9858,4,1.5,974,1,35.3,3965,2,34.6,6438,2
E01003945,Southwark 033A,E09000028,Southwark,16.4,17553,6,0.1,19891,7,0.1,21442,7,2.9,29892,10,-0.4,22436,7,0.7,6334,2,35.9,3686,2,26.9,10627,4
E01003946,Southwark 033B,E09000028,Southwark,17.0,16984,6,0.1,18200,6,0.1,18459,6,5.7,26509,9,-0.4,22322,7,0.9,4436,2,26.2,9982,4,29.2,9256,3
E01003947,Southwark 033C,E09000028,Southwark,36.1,5479,2,0.3,2081,1,0.2,4811,2,14.8,17537,6,0.8,6006,2,-0.2,19587,6,32.2,5540,2,18.2,16688,6
E01003948,Southwark 033D,E09000028,Southwark,17.3,16743,6,0.1,16049,5,0.1,18666,6,1.5,31477,10,-0.1,18374,6,0.6,7249,3,31.4,6013,2,25.7,11355,4
E01003949,Southwark 032A,E09000028,Southwark,17.1,16916,6,0.1,16072,5,0.1,16969,6,3.3,29329,9,-0.1,17096,6,0.0,16584,6,31.0,6280,2,31.2,8151,3
E01003950,Southwark 032B,E09000028,Southwark,27.5,9317,3,0.2,7361,3,0.1,7838,3,13.6,18473,6,0.1,15227,5,0.2,14177,5,35.4,3892,2,28.3,9808,3
E01003951,Southwark 033E,E09000028,Southwark,16.0,17898,6,0.1,22466,7,0.1,19281,6,3.5,29162,9,-0.2,19591,6,0.6,7456,3,32.1,5565,2,29.8,8912,3
E01003952,Southwark 030A,E09000028,Southwark,15.6,18363,6,0.1,17619,6,0.1,19573,6,2.4,30434,10,-0.3,19874,7,0.3,11946,4,21.9,14483,5,40.0,4253,2
E01003953,Southwark 028A,E09000028,Southwark,18.6,15542,5,0.1,16959,6,0.1,18226,6,3.4,29241,9,0.2,12952,4,0.3,12520,4,26.2,9943,4,42.8,3459,2
E01003954,Southwark 030B,E09000028,Southwark,17.3,16753,6,0.1,17192,6,0.1,20987,7,3.3,29422,9,0.1,14997,5,0.2,12914,4,20.6,15900,5,48.7,2125,1
E01003955,Southwark 028B,E09000028,Southwark,18.3,15889,5,0.1,15398,5,0.1,14737,5,4.9,27367,9,0.3,11223,4,0.0,16291,5,23.3,12922,4,32.8,7274,3
E01003956,Southwark 030C,E09000028,Southwark,11.8,22374,7,0.1,20098,7,0.1,23410,8,1.5,31429,10,-0.3,21154,7,-0.2,18942,6,19.6,17084,6,36.1,5780,2
E01003957,Southwark 032C,E09000028,Southwark,14.1,19823,7,0.1,17536,6,0.1,21117,7,4.5,27881,9,-0.1,17875,6,-0.1,17743,6,22.7,13580,5,33.2,7087,3
E01003958,Southwark 032D,E09000028,Southwark,16.3,17627,6,0.1,16635,6,0.1,17928,6,4.7,27636,9,-0.1,17991,6,0.0,16142,5,22.9,13371,5,39.1,4580,2
E01003960,Southwark 012A,E09000028,Southwark,27.4,9373,3,0.1,10965,4,0.1,16593,6,6.4,25770,8,0.2,13627,5,0.8,5538,2,37.5,2997,1,54.4,1252,1
E01003961,Southwark 012B,E09000028,Southwark,37.8,4927,2,0.3,3979,2,0.2,5513,2,17.7,15331,5,0.6,7561,3,0.7,6007,2,32.7,5284,2,41.7,3752,2
E01003963,Southwark 016A,E09000028,Southwark,39.2,4510,2,0.3,2933,1,0.2,4523,2,19.6,14046,5,0.6,8233,3,0.8,5950,2,34.5,4336,2,32.2,7607,3
E01003964,Southwark 015A,E09000028,Southwark,35.4,5759,2,0.2,7268,3,0.1,8021,3,18.1,15091,5,0.0,15704,5,1.3,1587,1,32.6,5322,2,54.2,1286,1
E01003966,Southwark 015B,E09000028,Southwark,33.3,6529,2,0.2,6321,2,0.1,10365,4,17.7,15351,5,0.5,9153,3,1.0,3468,2,34.0,4568,2,41.7,3743,2
E01003967,Southwark 016B,E09000028,Southwark,31.4,7376,3,0.2,8322,3,0.1,9414,3,18.6,14717,5,0.2,12916,4,0.7,6486,2,40.7,2006,1,38.2,4930,2
E01003968,Southwark 015C,E09000028,Southwark,46.6,2741,1,0.4,935,1,0.2,4403,2,21.5,12845,4,0.7,6440,2,0.8,5407,2,39.6,2306,1,33.7,6868,3
E01003969,Southwark 017B,E09000028,Southwark,24.1,11322,4,0.1,11099,4,0.1,18139,6,11.0,20880,7,-0.3,20934,7,0.8,5101,2,31.8,5788,2,48.2,2223,1
E01003970,Southwark 016C,E09000028,Southwark,39.0,4575,2,0.3,3422,2,0.1,8953,3,20.7,13349,5,0.3,11681,4,1.6,798,1,34.3,4406,2,40.2,4194,2
E01003971,Southwark 015D,E09000028,Southwark,50.4,2115,1,0.4,574,1,0.2,3793,2,20.1,13701,5,0.5,8615,3,1.3,1874,1,36.1,3582,2,43.4,3325,2
E01003972,Southwark 016D,E09000028,Southwark,27.7,9184,3,0.2,8123,3,0.1,12921,4,13.0,19015,6,0.2,12630,4,0.5,8882,3,35.4,3872,2,40.8,4028,2
E01003973,Southwark 016E,E09000028,Southwark,29.8,8110,3,0.2,7201,3,0.1,10979,4,20.8,13273,5,0.3,11295,4,0.7,6309,2,33.5,4827,2,34.0,6701,3
E01003974,Southwark 015E,E09000028,Southwark,35.4,5766,2,0.2,4157,2,0.1,8244,3,22.7,12128,4,0.1,14593,5,0.9,3999,2,34.4,4376,2,40.1,4221,2
E01003975,Southwark 004A,E09000028,Southwark,31.0,7524,3,0.2,5115,2,0.1,8685,3,19.3,14168,5,0.1,14604,5,0.6,7140,3,36.2,3540,2,26.7,10775,4
E01003976,Southwark 003A,E09000028,Southwark,30.4,7826,3,0.2,8274,3,0.1,14028,5,13.2,18846,6,0.5,8927,3,0.7,6414,2,33.8,4698,2,53.0,1442,1
E01003977,Southwark 010A,E09000028,Southwark,27.5,9324,3,0.2,8765,3,0.1,10238,4,17.3,15578,5,0.4,10865,4,0.3,11636,4,33.5,4806,2,33.0,7179,3
E01003978,Southwark 004B,E09000028,Southwark,22.9,12106,4,0.1,10558,4,0.1,18001,6,11.4,20494,7,-0.3,20036,7,0.2,13686,5,35.1,4026,2,45.8,2710,1
E01003979,Southwark 006E,E09000028,Southwark,29.5,8253,3,0.2,9148,3,0.1,11412,4,11.4,20512,7,0.9,5169,2,0.6,7566,3,35.0,4070,2,34.9,6293,2
E01003980,Southwark 013A,E09000028,Southwark,32.9,6731,3,0.2,6379,2,0.1,7952,3,14.8,17504,6,0.8,6176,2,0.6,8121,3,30.7,6499,2,40.8,4018,2
E01003981,Southwark 006F,E09000028,Southwark,26.5,9885,4,0.1,15373,5,0.1,19653,6,16.0,16611,6,0.6,7934,3,0.9,3956,2,37.7,2915,1,41.5,3801,2
E01003983,Southwark 018A,E09000028,Southwark,31.1,7479,3,0.2,4831,2,0.1,6929,3,23.4,11682,4,-0.2,19020,6,0.3,11283,4,34.0,4570,2,29.7,9021,3
E01003984,Southwark 023A,E09000028,Southwark,35.2,5815,2,0.2,5130,2,0.1,9277,3,10.7,21212,7,0.5,9659,3,1.3,1666,1,35.9,3704,2,39.9,4290,2
E01003986,Southwark 011A,E09000028,Southwark,38.1,4827,2,0.3,3102,1,0.2,4956,2,34.6,6897,3,0.4,10499,4,0.8,5673,2,30.5,6602,3,23.7,12600,4
E01003987,Southwark 011B,E09000028,Southwark,34.2,6166,2,0.3,3673,2,0.2,6189,2,26.7,9969,4,0.5,9298,3,0.1,14733,5,35.0,4100,2,20.7,14783,5
E01003988,Southwark 018B,E09000028,Southwark,31.7,7224,3,0.2,7372,3,0.1,9550,3,21.9,12635,4,0.0,16644,6,0.6,7097,3,39.1,2442,1,42.3,3588,2
E01003989,Southwark 018C,E09000028,Southwark,28.9,8567,3,0.2,5882,2,0.1,10378,4,17.8,15283,5,-0.4,21462,7,0.8,5878,2,37.8,2889,1,26.6,10806,4
E01003990,Southwark 018D,E09000028,Southwark,31.1,7510,3,0.3,3883,2,0.1,7056,3,13.6,18526,6,0.2,13366,5,0.3,12544,4,35.0,4082,2,23.8,12554,4
E01003991,Southwark 017C,E09000028,Southwark,39.3,4497,2,0.3,2521,1,0.2,6220,2,23.5,11621,4,0.8,5686,2,0.6,7353,3,33.2,4966,2,31.8,7847,3
E01003992,Southwark 014A,E09000028,Southwark,32.4,6909,3,0.2,4353,2,0.1,7075,3,19.4,14131,5,0.3,12335,4,0.2,12942,4,37.4,3060,1,26.9,10632,4
E01003993,Southwark 017D,E09000028,Southwark,28.4,8831,3,0.2,6800,3,0.1,9589,3,13.3,18807,6,0.2,12575,4,0.1,14312,5,38.6,2628,1,30.4,8553,3
E01003994,Southwark 012E,E09000028,Southwark,35.7,5652,2,0.2,5441,2,0.1,7905,3,18.3,14941,5,0.5,8646,3,1.2,2040,1,36.2,3532,2,31.8,7845,3
E01003995,Southwark 014B,E09000028,Southwark,35.1,5860,2,0.2,6296,2,0.2,5686,2,11.4,20535,7,0.9,5170,2,0.8,5787,2,31.6,5881,2,38.3,4886,2
E01003997,Southwark 017E,E09000028,Southwark,30.3,7905,3,0.2,7161,3,0.1,11327,4,7.1,24886,8,0.2,13328,5,1.1,2684,1,32.0,5639,2,45.1,2880,1
E01003998,Southwark 014D,E09000028,Southwark,25.1,10677,4,0.1,13382,5,0.1,12960,4,8.2,23726,8,0.3,11347,4,0.3,12065,4,30.8,6405,2,53.2,1418,1
E01003999,Southwark 014E,E09000028,Southwark,24.5,11075,4,0.2,9141,3,0.1,12832,4,12.2,19772,7,0.0,16268,5,0.4,10417,4,35.5,3844,2,30.4,8561,3
E01004000,Southwark 026A,E09000028,Southwark,28.0,9040,3,0.2,7847,3,0.1,8463,3,15.5,16984,6,0.2,13061,4,0.3,12246,4,32.4,5412,2,34.4,6507,2
E01004001,Southwark 026B,E09000028,Southwark,35.8,5613,2,0.2,4140,2,0.2,5011,2,18.8,14558,5,0.8,5878,2,0.2,12981,4,37.1,3169,1,21.9,13943,5
E01004002,Southwark 029A,E09000028,Southwark,17.6,16486,6,0.1,18789,6,0.1,15600,5,7.1,24973,8,-0.3,20329,7,0.3,12132,4,26.2,10031,4,39.4,4471,2
E01004003,Southwark 023B,E09000028,Southwark,35.6,5683,2,0.2,4732,2,0.2,5143,2,15.5,17003,6,0.6,7981,3,0.7,6641,3,37.7,2916,1,25.3,11554,4
E01004004,Southwark 023C,E09000028,Southwark,31.6,7230,3,0.2,6827,3,0.1,9117,3,13.9,18256,6,0.6,8208,3,0.7,6657,3,36.7,3317,2,34.3,6544,2
E01004005,Southwark 023D,E09000028,Southwark,45.1,3029,1,0.3,2802,1,0.2,3134,1,16.7,16034,5,1.1,3234,1,0.8,5943,2,39.0,2483,1,37.1,5365,2
E01004006,Southwark 023E,E09000028,Southwark,26.4,9908,4,0.1,11101,4,0.1,14899,5,12.0,19944,7,0.2,12360,4,0.6,7406,3,34.3,4408,2,47.1,2438,1
E01004007,Southwark 018E,E09000028,Southwark,39.4,4448,2,0.3,1316,1,0.2,4430,2,14.2,17951,6,0.5,9607,3,0.5,9479,3,34.6,4261,2,22.6,13426,5
E01004008,Southwark 022B,E09000028,Southwark,34.8,5948,2,0.2,4236,2,0.2,6087,2,14.7,17555,6,0.2,12420,4,0.9,4665,2,32.7,5301,2,36.1,5769,2
E01004010,Southwark 022D,E09000028,Southwark,32.3,6961,3,0.2,6372,2,0.1,10973,4,18.2,15007,5,0.0,16243,5,1.4,1251,1,35.3,3946,2,34.0,6691,3
E01004011,Southwark 019B,E09000028,Southwark,31.0,7560,3,0.2,4973,2,0.1,8484,3,12.6,19425,6,0.2,12953,4,0.3,12224,4,40.4,2096,1,30.0,8796,3
E01004012,Southwark 019C,E09000028,Southwark,27.3,9413,3,0.2,6942,3,0.1,10569,4,10.6,21252,7,0.0,15887,5,0.2,13684,5,42.5,1538,1,26.8,10684,4
E01004013,Southwark 019D,E09000028,Southwark,39.1,4531,2,0.3,2859,1,0.2,4575,2,12.8,19232,6,0.6,7933,3,0.8,5115,2,39.4,2365,1,26.4,10911,4
E01004014,Southwark 019E,E09000028,Southwark,33.9,6313,2,0.3,3597,2,0.1,6738,3,12.6,19399,6,0.5,8697,3,-0.1,18557,6,43.6,1295,1,22.5,13482,5
E01004015,Southwark 028C,E09000028,Southwark,22.8,12177,4,0.1,16470,6,0.1,19877,7,2.5,30312,10,0.4,10151,4,1.3,1679,1,25.7,10422,4,43.2,3367,2
E01004016,Southwark 029B,E09000028,Southwark,20.2,14185,5,0.1,12230,4,0.1,13321,5,7.8,24145,8,-0.1,16974,6,0.1,14751,5,29.3,7439,3,31.1,8205,3
E01004017,Southwark 029C,E09000028,Southwark,15.6,18340,6,0.1,16407,5,0.1,18022,6,2.6,30196,10,-0.1,17793,6,0.0,16845,6,24.0,12124,4,34.9,6295,2
E01004018,Southwark 032E,E09000028,Southwark,11.3,22986,7,0.1,21893,7,0.1,24780,8,1.5,31409,10,-0.5,23047,8,-0.2,19616,6,19.4,17442,6,39.8,4315,2
E01004019,Southwark 026C,E09000028,Southwark,24.0,11364,4,0.2,7090,3,0.1,10344,4,7.8,24117,8,0.0,15602,5,-0.1,18123,6,34.4,4352,2,22.8,13266,5
E01004020,Southwark 029D,E09000028,Southwark,28.0,9018,3,0.2,5205,2,0.1,9134,3,12.0,19894,7,-0.1,17695,6,-0.1,18736,6,43.0,1441,1,20.3,15097,5
E01004021,Southwark 028D,E09000028,Southwark,14.8,19109,6,0.1,17155,6,0.1,19844,7,4.9,27419,9,-0.4,21650,7,-0.1,18540,6,28.4,8117,3,32.0,7709,3
E01004022,Southwark 004C,E09000028,Southwark,24.6,11006,4,0.2,9547,3,0.1,14781,5,9.2,22677,7,0.0,15493,5,0.9,4649,2,34.4,4373,2,30.0,8828,3
E01004023,Southwark 004D,E09000028,Southwark,28.5,8739,3,0.2,8267,3,0.1,12362,4,14.5,17757,6,0.3,11557,4,1.1,2630,1,30.8,6418,2,32.8,7297,3
E01004024,Southwark 011C,E09000028,Southwark,31.2,7463,3,0.2,6518,2,0.1,10372,4,19.9,13797,5,0.9,4624,2,0.6,7758,3,32.6,5337,2,23.8,12563,4
E01004027,Southwark 003E,E09000028,Southwark,19.5,14772,5,0.1,12603,4,0.1,16836,6,9.3,22563,7,0.0,16051,5,-0.8,27581,9,32.9,5163,2,37.3,5244,2
E01004028,Southwark 004E,E09000028,Southwark,26.4,9929,4,0.2,7766,3,0.1,11586,4,11.0,20930,7,0.5,9304,3,0.5,8937,3,34.5,4307,2,22.1,13791,5
E01004029,Southwark 001A,E09000028,Southwark,12.4,21736,7,0.1,19118,6,0.0,27336,9,4.4,28054,9,-0.3,20913,7,-0.1,17795,6,29.3,7428,3,27.7,10125,4
E01004030,Southwark 007A,E09000028,Southwark,24.9,10804,4,0.2,9370,3,0.1,11884,4,14.6,17713,6,0.1,14149,5,0.5,9094,3,32.7,5241,2,28.5,9641,3
E01004031,Southwark 007B,E09000028,Southwark,26.0,10212,4,0.1,10896,4,0.1,16639,6,7.5,24428,8,-0.1,16908,6,1.2,2062,1,35.0,4084,2,39.9,4277,2
E01004032,Southwark 001B,E09000028,Southwark,8.3,26745,9,0.0,31910,10,0.0,32478,10,3.9,28703,9,-0.6,24893,8,-0.1,18870,6,30.1,6928,3,27.2,10394,4
E01004033,Southwark 007C,E09000028,Southwark,27.1,9550,3,0.2,7256,3,0.1,12221,4,9.9,21899,7,0.0,16518,6,0.9,4132,2,33.5,4841,2,31.6,7938,3
E01004034,Southwark 007D,E09000028,Southwark,25.7,10360,4,0.2,8244,3,0.1,12511,4,18.4,14850,5,0.0,15298,5,0.4,10754,4,34.6,4256,2,28.9,9455,3
E01004035,Southwark 011D,E09000028,Southwark,36.2,5462,2,0.2,6236,2,0.1,8574,3,16.7,16069,5,1.3,2521,1,1.2,2429,1,33.0,5077,2,26.6,10825,4
E01004036,Southwark 007E,E09000028,Southwark,31.5,7294,3,0.2,5207,2,0.1,8442,3,17.6,15363,5,0.3,12283,4,0.5,9111,3,34.4,4363,2,34.4,6510,2
E01004037,Southwark 010B,E09000028,Southwark,25.9,10262,4,0.2,8679,3,0.1,13340,5,7.9,24015,8,0.2,12692,4,0.5,9148,3,38.9,2532,1,31.5,8005,3
E01004038,Southwark 010C,E09000028,Southwark,22.3,12539,4,0.2,10419,4,0.1,15185,5,9.8,22078,7,-0.2,19257,6,0.4,9866,4,38.3,2721,1,25.3,11581,4
E01004039,Southwark 013B,E09000028,Southwark,22.6,12335,4,0.1,14290,5,0.1,19318,6,9.8,21998,7,-0.3,20983,7,0.6,7192,3,36.6,3385,2,47.3,2386,1
E01004040,Southwark 013C,E09000028,Southwark,39.9,4297,2,0.3,3461,2,0.2,5297,2,15.4,17055,6,0.5,9233,3,1.0,3832,2,40.3,2126,1,38.5,4812,2
E01004041,Southwark 013D,E09000028,Southwark,27.4,9349,3,0.2,9700,3,0.1,12370,4,14.8,17524,6,0.0,16469,6,0.9,4851,2,39.0,2488,1,32.9,7257,3
E01004042,Southwark 010D,E09000028,Southwark,45.4,2987,1,0.3,2045,1,0.2,4120,2,28.2,9295,3,0.9,4691,2,1.2,2069,1,32.8,5174,2,29.4,9138,3
E01004043,Southwark 010E,E09000028,Southwark,26.4,9939,4,0.1,12345,4,0.1,12540,4,22.0,12522,4,0.2,12943,4,0.9,4070,2,31.6,5922,2,31.8,7824,3
E01004044,Southwark 013E,E09000028,Southwark,31.1,7490,3,0.2,6265,2,0.1,7258,3,19.8,13903,5,0.5,9660,3,0.3,11788,4,32.7,5259,2,31.9,7795,3
E01004045,Southwark 027A,E09000028,Southwark,27.3,9397,3,0.2,5685,2,0.1,7497,3,13.9,18230,6,0.1,14852,5,-0.5,24340,8,35.9,3702,2,22.1,13750,5
E01004046,Southwark 028E,E09000028,Southwark,17.3,16709,6,0.1,16144,5,0.1,17764,6,4.3,28109,9,-0.1,17516,6,0.4,10376,4,24.3,11800,4,36.5,5576,2
E01004047,Southwark 027B,E09000028,Southwark,24.4,11150,4,0.2,7447,3,0.1,11147,4,16.1,16473,6,0.1,14241,5,-0.4,21907,7,32.7,5271,2,25.2,11649,4
E01004048,Southwark 027C,E09000028,Southwark,20.5,13921,5,0.1,12234,4,0.1,16323,5,7.8,24183,8,-0.1,18179,6,0.3,11690,4,27.5,8821,3,40.9,3975,2
E01004049,Southwark 027D,E09000028,Southwark,16.7,17287,6,0.1,14302,5,0.1,22408,7,13.3,18791,6,-0.3,20709,7,-0.3,21635,7,35.5,3827,2,24.9,11852,4
E01004050,Southwark 024D,E09000028,Southwark,14.5,19440,6,0.1,24223,8,0.0,29821,10,1.1,31931,10,-0.8,26631,9,0.4,10372,4,33.1,5024,2,48.5,2159,1
E01004051,Southwark 027E,E09000028,Southwark,9.7,24843,8,0.0,27387,9,0.0,31586,10,6.3,25892,8,-0.2,19545,6,-0.1,18865,6,26.9,9364,3,28.2,9861,4
E01004052,Southwark 024E,E09000028,Southwark,15.8,18182,6,0.1,18363,6,0.1,18554,6,3.1,29643,10,-0.4,22304,7,0.4,10492,4,28.7,7884,3,32.4,7546,3
E01004053,Southwark 001C,E09000028,Southwark,8.7,26189,8,0.0,28021,9,0.0,30318,10,4.4,28031,9,-0.2,19862,7,-0.4,22242,7,28.6,7993,3,20.8,14717,5
E01004054,Southwark 001D,E09000028,Southwark,8.4,26623,9,0.0,29659,10,0.0,32299,10,0.9,32156,10,-0.4,22254,7,-0.4,21904,7,32.7,5273,2,22.5,13468,5
E01004055,Southwark 001E,E09000028,Southwark,38.9,4596,2,0.2,5039,2,0.2,5119,2,28.2,9309,3,0.4,9793,3,0.8,5381,2,46.8,757,1,23.4,12859,4
E01004056,Southwark 008A,E09000028,Southwark,19.7,14645,5,0.1,12552,4,0.1,15376,5,8.4,23568,8,0.0,15406,5,0.3,12156,4,31.9,5725,2,23.1,13020,4
E01004057,Southwark 008B,E09000028,Southwark,21.7,13026,4,0.1,11294,4,0.1,15882,5,11.0,20908,7,0.1,14354,5,0.8,5872,2,31.8,5795,2,19.3,15788,5
E01004058,Southwark 008C,E09000028,Southwark,8.4,26547,9,0.0,31723,10,0.0,32778,10,0.7,32321,10,-0.7,25686,8,0.2,12790,4,28.7,7904,3,27.9,9984,4
E01004059,Southwark 008D,E09000028,Southwark,17.3,16765,6,0.0,30366,10,0.0,32446,10,7.6,24372,8,-0.1,17376,6,1.3,1662,1,30.6,6504,2,43.4,3330,2
E01004060,Southwark 008E,E09000028,Southwark,32.0,7088,3,0.2,8088,3,0.1,12741,4,17.4,15544,5,0.6,8028,3,0.5,9622,3,36.4,3441,2,54.8,1203,1
E01004061,Southwark 025A,E09000028,Southwark,21.5,13156,5,0.1,16219,5,0.1,18963,6,5.8,26379,9,-0.2,19200,6,1.4,1394,1,28.9,7736,3,36.3,5675,2
E01004062,Southwark 025B,E09000028,Southwark,29.4,8321,3,0.2,7784,3,0.1,13855,5,14.2,17993,6,0.4,10692,4,1.0,3172,1,35.8,3740,2,34.1,6651,3
E01004063,Southwark 025C,E09000028,Southwark,27.4,9345,3,0.1,10668,4,0.1,13458,5,2.3,30512,10,0.6,7560,3,1.4,1328,1,27.5,8870,3,35.6,5969,2
E01004064,Southwark 026D,E09000028,Southwark,30.5,7778,3,0.2,6245,2,0.1,9695,3,15.9,16648,6,0.3,11117,4,0.9,4319,2,32.4,5431,2,30.6,8484,3
E01004065,Southwark 025D,E09000028,Southwark,19.3,15020,5,0.1,14937,5,0.1,16419,5,3.3,29417,9,0.3,12331,4,0.4,10147,4,23.5,12689,4,38.8,4672,2
E01004066,Southwark 025E,E09000028,Southwark,23.9,11418,4,0.2,9075,3,0.1,10493,4,8.4,23513,8,-0.2,19130,6,0.5,8760,3,32.0,5662,2,29.0,9401,3
E01004067,Southwark 022E,E09000028,Southwark,35.5,5696,2,0.2,7308,3,0.1,11514,4,13.0,19049,6,-0.1,17044,6,2.0,225,1,38.7,2590,1,48.7,2123,1
E01004068,Southwark 026E,E09000028,Southwark,34.4,6118,2,0.2,4890,2,0.2,5343,2,15.1,17283,6,0.6,8460,3,0.7,6271,2,33.8,4682,2,26.6,10809,4
E01004069,Southwark 031A,E09000028,Southwark,9.3,25346,8,0.0,32304,10,0.0,32515,10,1.1,31860,10,-1.2,30315,10,1.0,3438,2,14.7,23386,8,35.6,5954,2
E01004070,Southwark 031B,E09000028,Southwark,13.1,20902,7,0.1,17172,6,0.1,21180,7,1.0,32018,10,-0.5,23683,8,0.0,16529,6,23.7,12415,4,32.3,7570,3
E01004071,Southwark 030D,E09000028,Southwark,18.2,15938,5,0.2,10465,4,0.1,16142,5,5.2,27024,9,0.1,15106,5,-0.4,22738,7,26.8,9496,3,28.2,9826,3
E01004072,Southwark 030E,E09000028,Southwark,9.2,25533,8,0.1,26019,8,0.0,26939,9,1.3,31643,10,-1.0,28838,9,0.3,12498,4,16.7,20772,7,35.4,6047,2
E01004073,Southwark 031C,E09000028,Southwark,8.6,26350,9,0.1,23518,8,0.0,29697,10,0.7,32346,10,-0.9,28167,9,-0.1,18841,6,17.9,19223,6,35.6,5967,2
E01004074,Southwark 031D,E09000028,Southwark,9.8,24794,8,0.0,27888,9,0.0,31152,10,0.3,32722,10,-1.2,30032,10,0.6,7996,3,15.7,22088,7,42.9,3420,2
E01004075,Southwark 031E,E09000028,Southwark,8.6,26265,8,0.0,32337,10,0.0,32268,10,0.2,32738,10,-1.3,30853,10,0.7,6302,2,11.5,27144,9,41.6,3758,2
E01032583,Southwark 034D,E09000028,Southwark,30.2,7940,3,0.2,6972,3,0.1,7787,3,5.5,26674,9,0.5,8763,3,-0.2,19387,6,36.8,3295,2,43.8,3205,1
E01032584,Southwark 034E,E09000028,Southwark,28.1,8963,3,0.2,9403,3,0.1,8618,3,5.7,26485,9,0.5,9182,3,0.3,11872,4,34.9,4109,2,39.9,4298,2
E01032637,Southwark 003F,E09000028,Southwark,10.0,24490,8,0.0,32815,10,0.0,32831,10,1.9,30985,10,-0.3,20339,7,-1.0,28714,9,28.1,8378,3,47.1,2430,1
E01032638,Southwark 003G,E09000028,Southwark,5.6,29878,10,0.0,32103,10,0.0,32796,10,2.3,30562,10,-0.8,26505,9,-1.0,29251,9,21.6,14849,5,29.8,8906,3
E01032639,Southwark 014F,E09000028,Southwark,22.7,12228,4,0.1,17962,6,0.0,26193,8,8.6,23309,8,0.2,12750,4,0.5,9603,3,40.0,2182,1,55.7,1104,1
E01032640,Southwark 003H,E09000028,Southwark,9.8,24817,8,0.0,32711,10,0.0,32826,10,2.3,30493,10,-0.9,27756,9,-0.6,25501,8,21.9,14497,5,56.7,995,1
E01032646,Southwark 003I,E09000028,Southwark,14.0,19949,7,0.1,21242,7,0.0,28256,9,4.3,28158,9,-0.1,17469,6,0.0,16938,6,31.9,5749,2,36.3,5686,2
E01032719,Southwark 014G,E09000028,Southwark,26.0,10176,4,0.2,10285,4,0.1,14579,5,10.6,21271,7,-0.1,16965,6,0.3,11984,4,42.2,1604,1,43.0,3402,2
E01032720,Southwark 009F,E09000028,Southwark,49.2,2298,1,0.3,2863,1,0.1,6979,3,13.8,18323,6,0.9,4676,2,1.8,458,1,39.2,2430,1,69.8,110,1
E01032722,Southwark 012F,E09000028,Southwark,36.9,5242,2,0.2,7429,3,0.1,9626,3,12.2,19737,7,0.5,9608,3,1.5,1004,1,32.3,5456,2,61.3,565,1
E01032803,Southwark 003J,E09000028,Southwark,16.1,17880,6,0.1,18347,6,0.0,28160,9,2.5,30293,10,0.3,11084,4,-0.1,17793,6,30.4,6654,3,39.9,4283,2
E01032805,Southwark 022F,E09000028,Southwark,37.7,4985,2,0.3,4010,2,0.2,6061,2,19.5,14062,5,0.3,11525,4,0.9,4186,2,35.3,3955,2,41.8,3704,2
E01032834,Southwark 003K,E09000028,Southwark,9.1,25667,8,0.0,32770,10,0.0,32781,10,2.6,30260,10,-0.7,26134,8,-0.5,24082,8,24.3,11860,4,47.6,2320,1
E01004076,Sutton 011A,E09000029,Sutton,18.3,15853,5,0.1,14119,5,0.1,15873,5,14.1,18111,6,-0.5,22932,7,-0.1,17990,6,35.4,3901,2,22.0,13883,5
E01004077,Sutton 011B,E09000029,Sutton,13.5,20472,7,0.1,19721,7,0.1,22705,7,14.3,17887,6,-0.5,23052,8,0.3,12252,4,26.3,9924,4,19.5,15712,5
E01004078,Sutton 011C,E09000029,Sutton,15.6,18343,6,0.1,16521,6,0.1,20002,7,15.6,16875,6,-0.3,20970,7,-0.1,18776,6,29.3,7409,3,23.0,13090,4
E01004079,Sutton 011D,E09000029,Sutton,8.6,26349,9,0.0,28593,9,0.0,26108,8,5.8,26429,9,-1.0,28483,9,0.4,9842,3,20.6,15946,5,19.4,15723,5
E01004080,Sutton 011E,E09000029,Sutton,9.9,24684,8,0.1,24213,8,0.1,22980,7,7.2,24788,8,-1.0,28429,9,0.0,16210,5,27.2,9063,3,13.9,20246,7
E01004081,Sutton 011F,E09000029,Sutton,12.4,21699,7,0.1,18731,6,0.1,19302,6,11.4,20526,7,-0.4,21530,7,-0.7,26301,9,22.3,14014,5,22.6,13425,5
E01004082,Sutton 011G,E09000029,Sutton,5.3,30200,10,0.0,27036,9,0.0,27983,9,8.3,23620,8,-1.3,30618,10,-0.5,24237,8,11.7,26907,9,16.1,18357,6
E01004083,Sutton 019A,E09000029,Sutton,44.3,3200,1,0.3,2001,1,0.2,2257,1,45.7,4024,2,0.9,4944,2,0.4,9812,3,28.1,8304,3,8.0,26224,8
E01004084,Sutton 024A,E09000029,Sutton,5.8,29715,10,0.0,28395,9,0.0,29951,10,2.4,30441,10,-1.3,31049,10,-0.6,25522,8,27.5,8837,3,12.4,21574,7
E01004085,Sutton 024B,E09000029,Sutton,8.5,26443,9,0.0,28442,9,0.0,26143,8,3.5,29143,9,-1.3,30753,10,-0.1,17500,6,35.1,4035,2,7.0,27262,9
E01004086,Sutton 019B,E09000029,Sutton,15.3,18662,6,0.1,14012,5,0.1,18215,6,11.9,20068,7,-0.5,23395,8,0.5,8959,3,20.3,16252,5,16.2,18248,6
E01004087,Sutton 017A,E09000029,Sutton,5.7,29772,10,0.0,27201,9,0.0,26677,9,3.2,29496,9,-1.0,28734,9,-0.2,19911,7,18.8,18084,6,10.0,24034,8
E01004088,Sutton 019C,E09000029,Sutton,43.2,3420,2,0.3,2311,1,0.2,2498,1,51.7,2920,1,0.5,8618,3,0.7,6536,2,28.2,8279,3,6.4,27927,9
E01004089,Sutton 019D,E09000029,Sutton,35.5,5694,2,0.2,5729,2,0.2,4272,2,30.6,8327,3,1.0,3900,2,0.1,14767,5,33.5,4818,2,9.2,24876,8
E01004090,Sutton 021A,E09000029,Sutton,34.4,6100,2,0.2,4290,2,0.2,4047,2,34.6,6886,3,0.3,11001,4,-0.8,27037,9,34.5,4301,2,17.1,17531,6
E01004091,Sutton 022A,E09000029,Sutton,4.6,30940,10,0.0,30600,10,0.0,29570,10,2.7,30049,10,-1.3,31102,10,-2.4,32792,10,28.4,8126,3,6.1,28255,9
E01004092,Sutton 022B,E09000029,Sutton,7.5,27650,9,0.0,31470,10,0.0,29913,10,1.3,31694,10,-1.6,31913,10,0.1,14845,5,31.0,6305,2,19.6,15617,5
E01004093,Sutton 025A,E09000029,Sutton,5.4,30099,10,0.0,29409,9,0.0,27759,9,1.4,31607,10,-1.1,29881,10,-0.4,22022,7,23.6,12508,4,10.7,23265,8
E01004094,Sutton 025B,E09000029,Sutton,4.5,31028,10,0.0,28251,9,0.0,28680,9,3.5,29147,9,-0.9,27590,9,-1.0,29414,9,15.1,22807,7,14.9,19281,6
E01004095,Sutton 025C,E09000029,Sutton,5.6,29884,10,0.0,31210,10,0.0,25167,8,1.1,31853,10,-1.0,28572,9,-1.1,29831,10,22.8,13421,5,18.0,16799,6
E01004096,Sutton 021B,E09000029,Sutton,18.9,15331,5,0.1,14259,5,0.1,16931,6,8.2,23761,8,-0.3,20077,7,-0.3,20912,7,34.0,4578,2,37.4,5198,2
E01004097,Sutton 015A,E09000029,Sutton,4.8,30702,10,0.0,26931,9,0.0,29231,9,3.1,29606,10,-1.2,30138,10,-0.4,22377,7,14.9,23170,8,14.4,19728,7
E01004098,Sutton 015B,E09000029,Sutton,6.0,29482,9,0.1,23733,8,0.0,30465,10,3.1,29575,10,-0.8,26880,9,-0.4,22329,7,13.3,25056,8,20.3,15088,5
E01004099,Sutton 015C,E09000029,Sutton,21.1,13483,5,0.2,9649,3,0.1,12294,4,8.3,23669,8,0.1,13976,5,0.5,9133,3,20.5,16050,5,25.3,11604,4
E01004100,Sutton 015D,E09000029,Sutton,7.4,27872,9,0.1,22111,7,0.0,25086,8,5.1,27189,9,-1.2,30005,10,-0.1,18860,6,12.6,25835,8,18.3,16553,6
E01004101,Sutton 013A,E09000029,Sutton,4.7,30821,10,0.0,29850,10,0.0,30504,10,6.7,25385,8,-1.3,30678,10,-0.5,23523,8,13.4,24890,8,19.3,15796,5
E01004102,Sutton 015E,E09000029,Sutton,10.8,23530,8,0.1,25664,8,0.1,16901,6,5.8,26326,9,-0.6,24537,8,0.3,11379,4,16.6,20927,7,18.4,16480,6
E01004103,Sutton 013B,E09000029,Sutton,8.2,26783,9,0.1,23098,8,0.0,26770,9,5.1,27130,9,-0.8,26909,9,-0.7,26194,8,18.9,17995,6,27.8,10100,4
E01004104,Sutton 020A,E09000029,Sutton,4.1,31420,10,0.0,30351,10,0.0,30022,10,3.0,29671,10,-1.4,31414,10,-0.6,25252,8,13.3,25091,8,20.4,14937,5
E01004105,Sutton 022C,E09000029,Sutton,5.1,30436,10,0.1,25435,8,0.0,25400,8,2.5,30295,10,-1.4,31158,10,-0.7,25728,8,12.3,26198,8,14.4,19787,7
E01004106,Sutton 022D,E09000029,Sutton,3.1,32179,10,0.0,32302,10,0.0,31378,10,1.1,31903,10,-1.7,32282,10,-0.7,26520,9,20.5,16095,5,10.3,23753,8
E01004107,Sutton 020B,E09000029,Sutton,12.5,21595,7,0.1,16560,6,0.1,16784,6,10.2,21629,7,-0.4,21725,7,-0.6,25375,8,18.8,18165,6,16.8,17721,6
E01004108,Sutton 024C,E09000029,Sutton,13.1,20903,7,0.1,21645,7,0.0,25153,8,9.5,22324,7,-0.6,24781,8,0.4,10927,4,32.8,5186,2,19.0,16060,5
E01004109,Sutton 024D,E09000029,Sutton,14.7,19191,6,0.1,13189,5,0.1,13190,5,14.6,17647,6,-0.4,21588,7,-0.7,26264,8,18.4,18662,6,10.0,24077,8
E01004110,Sutton 016A,E09000029,Sutton,9.2,25524,8,0.1,20848,7,0.1,22436,7,5.6,26560,9,-0.8,27329,9,-0.9,27837,9,18.9,17960,6,24.8,11931,4
E01004111,Sutton 016B,E09000029,Sutton,10.4,23943,8,0.1,20782,7,0.1,23223,8,5.6,26598,9,-0.1,17446,6,0.0,16800,6,17.0,20402,7,17.6,17139,6
E01004112,Sutton 016C,E09000029,Sutton,2.8,32340,10,0.0,31252,10,0.0,31324,10,0.8,32250,10,-1.4,31122,10,-0.5,23615,8,15.3,22612,7,9.3,24766,8
E01004114,Sutton 025D,E09000029,Sutton,4.7,30843,10,0.0,31866,10,0.0,32378,10,2.1,30726,10,-1.5,31686,10,-1.0,29338,9,31.2,6180,2,7.4,26896,9
E01004115,Sutton 009A,E09000029,Sutton,6.2,29262,9,0.1,25811,8,0.0,30057,10,9.7,22125,7,-1.4,31217,10,-0.6,24512,8,19.2,17643,6,15.8,18597,6
E01004116,Sutton 008A,E09000029,Sutton,6.4,29001,9,0.1,22353,7,0.0,27661,9,6.1,26017,8,-0.9,28198,9,-0.5,24022,8,15.7,22119,7,12.4,21588,7
E01004117,Sutton 006A,E09000029,Sutton,4.1,31456,10,0.0,32237,10,0.0,31707,10,9.3,22620,7,-1.0,28423,9,-1.0,29417,9,15.6,22201,7,15.1,19139,6
E01004118,Sutton 009B,E09000029,Sutton,9.8,24781,8,0.1,20631,7,0.1,23670,8,9.4,22465,7,-0.4,22646,7,-0.3,20727,7,17.1,20252,7,18.6,16330,5
E01004119,Sutton 009C,E09000029,Sutton,9.6,25024,8,0.0,28777,9,0.0,29068,9,16.7,16055,5,-0.8,26542,9,0.6,8125,3,16.8,20644,7,19.7,15548,5
E01004120,Sutton 016D,E09000029,Sutton,4.8,30753,10,0.0,30333,10,0.0,29410,9,8.6,23350,8,-1.4,31211,10,-0.3,20625,7,12.0,26520,9,15.3,18986,6
E01004121,Sutton 006B,E09000029,Sutton,8.3,26686,9,0.1,22024,7,0.0,25653,8,5.5,26713,9,-0.9,28041,9,0.1,15871,5,16.9,20509,7,17.7,17043,6
E01004122,Sutton 008B,E09000029,Sutton,5.3,30197,10,0.0,29750,10,0.0,27320,9,3.7,28876,9,-0.8,26938,9,-0.5,23252,8,15.8,21932,7,16.8,17732,6
E01004123,Sutton 002A,E09000029,Sutton,28.2,8947,3,0.2,10092,4,0.1,12209,4,20.6,13407,5,-0.1,16990,6,0.8,5396,2,29.2,7485,3,49.9,1937,1
E01004124,Sutton 002B,E09000029,Sutton,23.2,11900,4,0.2,9124,3,0.1,9739,3,30.8,8253,3,-0.3,20806,7,-0.7,25642,8,25.7,10476,4,25.2,11637,4
E01004125,Sutton 001A,E09000029,Sutton,31.6,7232,3,0.2,6744,3,0.1,8848,3,29.2,8914,3,0.3,12159,4,0.9,4789,2,27.2,9035,3,35.2,6124,2
E01004126,Sutton 002C,E09000029,Sutton,31.4,7374,3,0.2,5864,2,0.1,8497,3,33.9,7120,3,0.1,14851,5,0.7,6135,2,27.8,8627,3,29.3,9181,3
E01004127,Sutton 005A,E09000029,Sutton,19.8,14552,5,0.1,15674,5,0.1,15031,5,23.4,11687,4,0.0,16458,6,0.4,10776,4,24.8,11340,4,26.1,11134,4
E01004128,Sutton 002D,E09000029,Sutton,23.7,11588,4,0.2,10157,4,0.1,10187,4,27.3,9696,3,0.2,13339,5,-1.1,29600,10,28.2,8271,3,26.6,10812,4
E01004129,Sutton 002E,E09000029,Sutton,34.1,6218,2,0.2,5682,2,0.1,7405,3,38.7,5720,2,0.4,10266,4,0.5,8748,3,31.2,6177,2,31.1,8204,3
E01004130,Sutton 003A,E09000029,Sutton,10.2,24239,8,0.1,21829,7,0.0,26337,9,11.8,20150,7,-0.8,26982,9,0.0,16232,5,21.0,15549,5,22.6,13436,5
E01004131,Sutton 003B,E09000029,Sutton,11.2,23157,8,0.1,21913,7,0.1,22085,7,13.3,18784,6,-0.4,22124,7,-0.5,23790,8,21.0,15514,5,22.9,13223,5
E01004132,Sutton 009D,E09000029,Sutton,6.6,28726,9,0.0,29147,9,0.0,31531,10,12.6,19357,6,-1.1,29802,10,-0.1,18702,6,18.4,18611,6,19.3,15775,5
E01004133,Sutton 009E,E09000029,Sutton,6.5,28894,9,0.0,27941,9,0.0,30008,10,13.2,18842,6,-0.9,28035,9,-0.6,25068,8,16.6,20949,7,19.0,16079,5
E01004134,Sutton 003C,E09000029,Sutton,11.8,22364,7,0.1,19772,7,0.1,21086,7,12.9,19131,6,-0.6,24926,8,-0.2,20078,7,16.6,20954,7,28.2,9822,3
E01004135,Sutton 003D,E09000029,Sutton,7.6,27624,9,0.0,26911,9,0.0,27262,9,16.1,16519,6,-0.8,27274,9,-0.1,17486,6,13.4,24893,8,13.8,20294,7
E01004136,Sutton 003E,E09000029,Sutton,8.4,26564,9,0.1,25569,8,0.1,23640,8,13.0,19030,6,-0.7,25822,8,-0.4,21831,7,15.6,22250,7,17.5,17179,6
E01004137,Sutton 012A,E09000029,Sutton,16.0,17926,6,0.1,18115,6,0.1,20804,7,3.7,28847,9,-0.2,19686,6,0.9,4790,2,21.9,14494,5,32.1,7641,3
E01004138,Sutton 013C,E09000029,Sutton,14.2,19774,7,0.1,17362,6,0.1,20371,7,13.4,18718,6,-0.6,24885,8,-0.3,21041,7,21.3,15155,5,34.5,6453,2
E01004139,Sutton 013D,E09000029,Sutton,9.6,24997,8,0.1,22882,7,0.1,24226,8,5.8,26393,9,-0.7,25527,8,-0.1,18051,6,19.2,17656,6,25.7,11380,4
E01004140,Sutton 012B,E09000029,Sutton,34.0,6273,2,0.2,5824,2,0.1,7371,3,21.8,12687,4,0.9,4794,2,0.4,10076,4,32.4,5446,2,32.1,7661,3
E01004141,Sutton 012C,E09000029,Sutton,21.1,13497,5,0.2,9225,3,0.1,11077,4,12.1,19852,7,-0.1,17112,6,0.3,11838,4,25.0,11141,4,16.5,17955,6
E01004142,Sutton 012D,E09000029,Sutton,26.0,10196,4,0.2,6240,2,0.1,11682,4,16.9,15856,5,0.3,12228,4,0.2,14012,5,32.6,5328,2,20.9,14647,5
E01004143,Sutton 014A,E09000029,Sutton,11.8,22419,7,0.1,18862,6,0.1,22761,7,7.0,25019,8,-0.6,24762,8,-0.3,20820,7,20.3,16247,5,31.7,7882,3
E01004144,Sutton 007A,E09000029,Sutton,8.8,26088,8,0.1,22770,7,0.0,26824,9,6.2,25994,8,-1.0,29088,9,-0.1,17496,6,22.1,14184,5,20.9,14603,5
E01004145,Sutton 007B,E09000029,Sutton,12.3,21863,7,0.1,18197,6,0.1,23580,8,11.0,20938,7,-0.8,26684,9,0.1,14531,5,23.2,12951,4,22.9,13181,5
E01004146,Sutton 007C,E09000029,Sutton,12.5,21632,7,0.1,21064,7,0.1,22046,7,9.7,22135,7,-0.5,23777,8,-0.2,19526,6,23.8,12308,4,30.8,8354,3
E01004147,Sutton 007D,E09000029,Sutton,9.4,25229,8,0.1,22616,7,0.1,23730,8,9.2,22661,7,-0.5,23015,8,-0.2,19534,6,19.5,17227,6,15.9,18550,6
E01004148,Sutton 014B,E09000029,Sutton,23.4,11799,4,0.2,8001,3,0.1,11644,4,20.3,13613,5,-0.4,22155,7,0.0,16539,6,31.1,6198,2,25.8,11272,4
E01004149,Sutton 012E,E09000029,Sutton,10.0,24557,8,0.1,23284,8,0.1,23417,8,9.9,21980,7,-0.6,24609,8,-0.3,20431,7,21.3,15092,5,21.5,14172,5
E01004150,Sutton 021C,E09000029,Sutton,21.6,13054,4,0.2,9172,3,0.1,11267,4,10.0,21846,7,0.2,13321,5,-0.5,23835,8,30.1,6919,3,22.8,13286,5
E01004151,Sutton 021D,E09000029,Sutton,14.9,19066,6,0.1,20656,7,0.1,19091,6,4.7,27610,9,0.2,13057,4,-0.4,21862,7,32.3,5481,2,22.3,13626,5
E01004152,Sutton 018A,E09000029,Sutton,14.9,19010,6,0.1,14708,5,0.1,21060,7,10.5,21363,7,-0.3,21212,7,-0.1,18619,6,25.3,10843,4,27.3,10375,4
E01004153,Sutton 021E,E09000029,Sutton,13.1,20936,7,0.1,18727,6,0.1,24109,8,5.9,26285,9,-0.5,23772,8,-0.2,19416,6,32.9,5166,2,24.5,12075,4
E01004154,Sutton 022E,E09000029,Sutton,4.9,30626,10,0.0,29315,9,0.0,25601,8,0.9,32109,10,-1.3,30797,10,-0.9,27890,9,20.0,16675,6,13.5,20541,7
E01004155,Sutton 018B,E09000029,Sutton,8.1,26924,9,0.1,25850,8,0.0,29236,9,3.3,29408,9,-0.6,24540,8,-0.6,25169,8,30.1,6932,3,16.8,17778,6
E01004156,Sutton 018C,E09000029,Sutton,9.0,25793,8,0.1,24463,8,0.0,30501,10,2.0,30909,10,-0.6,25059,8,0.3,12426,4,25.5,10666,4,21.2,14414,5
E01004157,Sutton 016E,E09000029,Sutton,3.3,32021,10,0.0,31523,10,0.0,32117,10,2.7,30142,10,-1.1,29888,10,-0.7,26527,9,13.9,24406,8,17.7,17070,6
E01004158,Sutton 018D,E09000029,Sutton,7.9,27179,9,0.1,23572,8,0.0,25754,8,2.6,30250,10,-0.8,26649,9,-0.7,26360,9,23.0,13253,5,21.1,14478,5
E01004159,Sutton 014C,E09000029,Sutton,14.2,19763,7,0.1,17773,6,0.1,20217,7,17.6,15407,5,-0.6,24627,8,-0.2,19106,6,24.0,12137,4,25.3,11584,4
E01004160,Sutton 014D,E09000029,Sutton,9.3,25344,8,0.1,21663,7,0.1,24724,8,5.7,26557,9,-0.8,26583,9,-0.6,25174,8,20.6,15885,5,27.1,10514,4
E01004161,Sutton 014E,E09000029,Sutton,8.0,27062,9,0.0,28254,9,0.0,26993,9,10.4,21458,7,-0.8,27463,9,-0.5,24134,8,27.8,8634,3,13.3,20830,7
E01004162,Sutton 018E,E09000029,Sutton,11.5,22768,7,0.1,18499,6,0.1,21874,7,1.9,31057,10,-0.1,17511,6,0.0,16934,6,20.9,15607,5,18.4,16510,6
E01004163,Sutton 005B,E09000029,Sutton,14.6,19347,6,0.1,18708,6,0.1,21074,7,16.9,15887,5,-0.7,25932,8,0.3,12012,4,19.0,17851,6,33.0,7198,3
E01004164,Sutton 004A,E09000029,Sutton,12.1,22050,7,0.0,28295,9,0.0,26631,9,13.7,18457,6,-0.4,22703,7,0.2,13821,5,20.0,16592,6,39.6,4391,2
E01004165,Sutton 005C,E09000029,Sutton,16.4,17583,6,0.1,16212,5,0.1,16029,5,11.9,19989,7,0.1,15013,5,0.3,11600,4,18.0,19075,6,23.0,13099,4
E01004166,Sutton 004B,E09000029,Sutton,11.4,22837,7,0.1,19502,6,0.1,19030,6,6.0,26156,8,-0.5,23106,8,0.0,17276,6,19.7,16973,6,18.8,16222,5
E01004167,Sutton 005D,E09000029,Sutton,31.4,7353,3,0.3,3977,2,0.1,7423,3,29.7,8712,3,0.6,8513,3,0.3,11693,4,22.6,13618,5,17.5,17211,6
E01004168,Sutton 013E,E09000029,Sutton,8.7,26183,8,0.0,28186,9,0.0,26729,9,15.9,16696,6,-0.6,24696,8,0.2,14050,5,13.8,24451,8,19.2,15910,5
E01004169,Sutton 004C,E09000029,Sutton,27.2,9475,3,0.2,6967,3,0.1,10685,4,21.9,12624,4,0.0,15671,5,0.2,14039,5,35.5,3828,2,27.2,10406,4
E01004170,Sutton 017B,E09000029,Sutton,10.2,24245,8,0.1,22058,7,0.0,26531,9,5.0,27240,9,-0.9,28088,9,-0.2,20164,7,18.1,19014,6,37.9,5018,2
E01004171,Sutton 010A,E09000029,Sutton,6.4,29030,9,0.0,27503,9,0.0,28624,9,6.5,25614,8,-0.8,27384,9,-0.1,18298,6,15.3,22580,7,18.2,16661,6
E01004172,Sutton 010B,E09000029,Sutton,20.9,13642,5,0.2,8186,3,0.1,9791,3,9.8,22069,7,-0.3,19906,7,-0.1,17786,6,23.0,13206,5,22.4,13610,5
E01004173,Sutton 010C,E09000029,Sutton,13.6,20426,7,0.1,18307,6,0.1,15687,5,10.7,21130,7,-0.4,22432,7,0.0,16337,5,17.1,20353,7,22.3,13634,5
E01004174,Sutton 017C,E09000029,Sutton,17.3,16717,6,0.1,16180,5,0.1,11667,4,8.9,22997,8,-0.3,21235,7,0.2,13824,5,21.4,15033,5,29.0,9354,3
E01004175,Sutton 010D,E09000029,Sutton,10.9,23458,8,0.1,21221,7,0.1,19386,6,11.3,20568,7,-0.7,25608,8,-1.1,29606,10,26.3,9916,4,14.5,19698,6
E01004176,Sutton 010E,E09000029,Sutton,11.9,22267,7,0.1,20655,7,0.1,20751,7,6.6,25522,8,-0.6,24223,8,0.1,14657,5,20.6,15902,5,26.4,10952,4
E01004177,Sutton 020C,E09000029,Sutton,18.9,15288,5,0.1,11485,4,0.1,13833,5,8.6,23303,8,0.2,13690,5,0.0,16966,6,21.3,15181,5,28.3,9806,3
E01004178,Sutton 017D,E09000029,Sutton,17.2,16834,6,0.1,13806,5,0.1,17690,6,7.2,24856,8,-0.2,19584,6,0.1,14530,5,22.1,14228,5,37.1,5346,2
E01004179,Sutton 017E,E09000029,Sutton,7.2,28027,9,0.0,27108,9,0.0,29025,9,4.5,27935,9,-1.2,30243,10,-0.2,20032,7,21.1,15418,5,25.9,11198,4
E01004180,Sutton 020D,E09000029,Sutton,5.0,30475,10,0.0,27661,9,0.0,26451,9,2.8,29997,10,-1.4,31282,10,-0.5,23401,8,18.3,18739,6,10.7,23270,8
E01004181,Sutton 020E,E09000029,Sutton,16.5,17510,6,0.1,15269,5,0.1,13387,5,6.4,25697,8,-0.2,19816,7,-0.9,27792,9,27.3,8973,3,29.4,9145,3
E01004182,Sutton 019E,E09000029,Sutton,25.1,10724,4,0.2,6729,3,0.1,7479,3,15.8,16718,6,-0.2,19432,6,-0.2,19097,6,25.4,10731,4,28.4,9737,3
E01004183,Sutton 001B,E09000029,Sutton,28.5,8769,3,0.2,6624,3,0.1,9715,3,33.8,7163,3,0.2,12972,4,0.3,11451,4,24.9,11201,4,27.7,10126,4
E01004184,Sutton 001C,E09000029,Sutton,29.8,8136,3,0.2,6591,3,0.1,7754,3,29.2,8889,3,-0.2,19074,6,0.6,7243,3,30.8,6438,2,26.7,10766,4
E01004185,Sutton 001D,E09000029,Sutton,43.2,3424,2,0.3,2925,1,0.2,2662,1,35.9,6489,2,0.4,9764,3,0.8,5536,2,38.7,2605,1,20.8,14681,5
E01004186,Sutton 004D,E09000029,Sutton,13.8,20200,7,0.1,17933,6,0.1,20705,7,9.7,22097,7,-0.6,24129,8,0.2,13501,5,21.5,14937,5,29.4,9153,3
E01004187,Sutton 005E,E09000029,Sutton,22.5,12367,4,0.1,12891,4,0.1,14183,5,23.1,11838,4,0.3,11843,4,0.1,15381,5,30.6,6508,2,27.2,10429,4
E01004188,Sutton 004E,E09000029,Sutton,14.0,19972,7,0.1,15412,5,0.1,20789,7,15.0,17388,6,-0.7,26123,8,-0.1,17576,6,21.4,15057,5,25.7,11331,4
E01004189,Sutton 001E,E09000029,Sutton,28.6,8713,3,0.2,8357,3,0.1,6801,3,29.6,8762,3,-0.1,17491,6,0.5,9476,3,26.9,9414,3,29.6,9029,3
E01004190,Sutton 008C,E09000029,Sutton,4.7,30846,10,0.0,28616,9,0.0,31360,10,6.7,25305,8,-1.3,30929,10,-0.4,22988,7,15.3,22635,7,15.8,18559,6
E01004191,Sutton 008D,E09000029,Sutton,7.8,27350,9,0.1,24576,8,0.0,27043,9,11.7,20207,7,-1.4,31307,10,-0.2,20199,7,17.4,19943,7,19.9,15398,5
E01004192,Sutton 006C,E09000029,Sutton,11.3,22933,7,0.1,19331,6,0.1,20227,7,14.2,18027,6,-0.7,25571,8,-0.6,25286,8,21.7,14712,5,17.4,17293,6
E01004193,Sutton 006D,E09000029,Sutton,12.4,21744,7,0.1,16941,6,0.1,24301,8,16.2,16393,5,-1.0,29139,9,-0.4,22958,7,30.8,6430,2,12.2,21823,7
E01004194,Sutton 008E,E09000029,Sutton,11.0,23291,8,0.1,20874,7,0.1,19713,7,7.4,24576,8,-0.6,24351,8,-0.1,18009,6,22.0,14272,5,17.1,17490,6
E01004195,Sutton 006E,E09000029,Sutton,9.5,25116,8,0.1,21813,7,0.0,28128,9,9.9,21992,7,-0.9,27618,9,0.0,15962,5,19.4,17404,6,23.9,12488,4
E01004196,Sutton 008F,E09000029,Sutton,5.8,29706,10,0.0,26404,9,0.0,29073,9,6.2,25987,8,-0.9,28026,9,-0.6,25480,8,18.7,18262,6,14.4,19760,7
E01032623,Sutton 025E,E09000029,Sutton,2.8,32359,10,0.0,30523,10,0.0,32297,10,0.8,32195,10,-1.7,32289,10,-1.2,30339,10,20.2,16406,5,8.8,25273,8
E01004197,Tower Hamlets 002A,E09000030,Tower Hamlets,27.5,9298,3,0.2,7712,3,0.1,12036,4,9.0,22841,7,0.4,9948,4,0.7,6179,2,27.0,9220,3,40.7,4039,2
E01004198,Tower Hamlets 002B,E09000030,Tower Hamlets,42.1,3698,2,0.3,3129,1,0.2,5199,2,25.5,10543,4,1.1,3188,1,1.2,2511,1,28.3,8165,3,31.1,8212,3
E01004199,Tower Hamlets 002C,E09000030,Tower Hamlets,43.9,3280,1,0.3,2324,1,0.2,4585,2,34.0,7105,3,0.4,10109,4,1.5,1104,1,29.9,7026,3,33.5,6942,3
E01004200,Tower Hamlets 005A,E09000030,Tower Hamlets,27.2,9443,3,0.1,11413,4,0.1,20962,7,3.3,29328,9,0.4,10726,4,0.6,8210,3,32.9,5133,2,75.6,31,1
E01004201,Tower Hamlets 002D,E09000030,Tower Hamlets,25.9,10249,4,0.2,6612,3,0.1,11207,4,13.3,18721,6,0.2,13299,5,0.3,11350,4,28.2,8285,3,31.1,8215,3
E01004202,Tower Hamlets 005B,E09000030,Tower Hamlets,25.4,10499,4,0.2,10362,4,0.1,17326,6,6.4,25709,8,0.4,10302,4,1.2,2523,1,29.0,7616,3,37.9,5034,2
E01004203,Tower Hamlets 005C,E09000030,Tower Hamlets,28.3,8880,3,0.2,9119,3,0.1,14961,5,11.5,20447,7,0.5,9530,3,1.3,1884,1,29.3,7437,3,37.9,5027,2
E01004204,Tower Hamlets 005D,E09000030,Tower Hamlets,34.0,6274,2,0.2,4625,2,0.1,7539,3,20.5,13484,5,0.8,6251,2,0.7,6840,3,26.7,9538,3,34.1,6614,3
E01004205,Tower Hamlets 013A,E09000030,Tower Hamlets,37.9,4905,2,0.3,3626,2,0.2,5378,2,25.5,10571,4,0.8,5942,2,0.7,6033,2,30.1,6903,3,29.4,9129,3
E01004206,Tower Hamlets 013B,E09000030,Tower Hamlets,43.1,3446,2,0.3,1804,1,0.2,4234,2,27.3,9678,3,0.8,6290,2,1.0,3262,1,30.1,6891,3,27.0,10562,4
E01004207,Tower Hamlets 011A,E09000030,Tower Hamlets,34.8,5973,2,0.2,6101,2,0.1,6978,3,20.4,13523,5,0.4,9847,3,1.0,3435,2,29.6,7253,3,42.0,3675,2
E01004208,Tower Hamlets 013C,E09000030,Tower Hamlets,25.1,10715,4,0.1,13795,5,0.1,22005,7,7.2,24783,8,-0.3,20530,7,1.3,1740,1,32.9,5143,2,56.3,1031,1
E01004209,Tower Hamlets 011B,E09000030,Tower Hamlets,42.5,3602,2,0.3,2205,1,0.2,5408,2,25.3,10662,4,0.5,8647,3,1.5,1033,1,30.3,6743,3,31.5,8019,3
E01004211,Tower Hamlets 013D,E09000030,Tower Hamlets,31.5,7276,3,0.2,9307,3,0.1,13898,5,4.1,28428,9,0.7,6611,3,1.5,967,1,33.3,4933,2,44.6,2990,1
E01004212,Tower Hamlets 011D,E09000030,Tower Hamlets,24.9,10838,4,0.1,11068,4,0.1,17924,6,13.4,18714,6,0.3,10985,4,0.8,5486,2,32.8,5212,2,37.3,5284,2
E01004214,Tower Hamlets 030A,E09000030,Tower Hamlets,35.6,5686,2,0.3,3414,2,0.2,4194,2,39.0,5630,2,0.5,9269,3,-0.1,18400,6,26.8,9451,3,16.4,18099,6
E01004215,Tower Hamlets 028A,E09000030,Tower Hamlets,17.4,16624,6,0.1,12145,4,0.1,20511,7,10.4,21425,7,-0.1,16782,6,-0.7,25689,8,31.2,6190,2,29.3,9191,3
E01004216,Tower Hamlets 030B,E09000030,Tower Hamlets,14.1,19837,7,0.1,15389,5,0.1,22731,7,8.3,23592,8,0.3,11721,4,-0.7,26777,9,27.1,9185,3,15.4,18895,6
E01004217,Tower Hamlets 030C,E09000030,Tower Hamlets,22.5,12388,4,0.2,9317,3,0.1,12248,4,10.0,21861,7,0.3,11936,4,0.5,8484,3,26.7,9574,3,18.5,16455,6
E01004218,Tower Hamlets 030D,E09000030,Tower Hamlets,12.7,21427,7,0.1,16573,6,0.1,21043,7,5.4,26821,9,-0.4,22346,7,0.3,12443,4,23.7,12459,4,14.3,19847,7
E01004219,Tower Hamlets 028B,E09000030,Tower Hamlets,33.7,6380,2,0.2,5543,2,0.1,12352,4,15.6,16897,6,0.3,11065,4,1.3,1794,1,36.0,3637,2,40.3,4166,2
E01004221,Tower Hamlets 028D,E09000030,Tower Hamlets,19.0,15260,5,0.1,10971,4,0.1,17069,6,8.2,23740,8,0.6,8017,3,-0.3,20961,7,25.4,10706,4,19.7,15559,5
E01004222,Tower Hamlets 001A,E09000030,Tower Hamlets,37.7,4966,2,0.3,3106,1,0.2,5237,2,28.1,9363,3,0.7,7130,3,0.8,5456,2,28.1,8356,3,23.8,12586,4
E01004223,Tower Hamlets 001B,E09000030,Tower Hamlets,35.5,5705,2,0.2,4442,2,0.1,7078,3,22.2,12417,4,0.5,8818,3,1.2,2182,1,26.1,10129,4,32.2,7611,3
E01004224,Tower Hamlets 001C,E09000030,Tower Hamlets,31.2,7452,3,0.2,6489,2,0.1,11423,4,19.3,14208,5,0.8,5938,2,1.0,3579,2,28.3,8201,3,29.2,9275,3
E01004225,Tower Hamlets 004A,E09000030,Tower Hamlets,20.8,13671,5,0.1,19542,6,0.0,28102,9,8.3,23642,8,-0.1,17872,6,0.0,17255,6,33.7,4747,2,77.1,20,1
E01004226,Tower Hamlets 001D,E09000030,Tower Hamlets,28.6,8684,3,0.2,5264,2,0.1,10317,4,20.5,13495,5,0.0,15260,5,0.9,4425,2,28.8,7853,3,19.2,15882,5
E01004228,Tower Hamlets 003A,E09000030,Tower Hamlets,21.9,12849,4,0.1,12809,4,0.1,15277,5,12.5,19476,6,0.2,12539,4,0.9,3978,2,23.5,12614,4,27.1,10481,4
E01004229,Tower Hamlets 004C,E09000030,Tower Hamlets,25.7,10339,4,0.2,7797,3,0.1,11854,4,12.6,19356,6,0.3,12328,4,0.5,8527,3,28.6,7940,3,32.0,7730,3
E01004230,Tower Hamlets 003B,E09000030,Tower Hamlets,27.8,9165,3,0.2,7710,3,0.1,11941,4,17.0,15802,5,0.3,11603,4,0.9,4262,2,27.1,9135,3,32.8,7317,3
E01004231,Tower Hamlets 004D,E09000030,Tower Hamlets,32.5,6874,3,0.2,5201,2,0.1,8407,3,22.9,11943,4,0.3,11162,4,0.9,4352,2,30.2,6817,3,29.8,8927,3
E01004232,Tower Hamlets 003C,E09000030,Tower Hamlets,20.7,13752,5,0.1,16812,6,0.1,22641,7,5.2,27068,9,-0.5,22894,7,1.5,1013,1,24.1,12002,4,44.9,2915,1
E01004233,Tower Hamlets 003D,E09000030,Tower Hamlets,31.1,7486,3,0.3,3554,2,0.1,7976,3,25.4,10613,4,0.1,15051,5,0.4,10549,4,27.3,9022,3,25.1,11740,4
E01004234,Tower Hamlets 003E,E09000030,Tower Hamlets,24.2,11218,4,0.1,14721,5,0.1,20450,7,2.7,30076,10,-0.3,21438,7,1.9,282,1,23.1,13070,4,52.2,1549,1
E01004235,Tower Hamlets 008A,E09000030,Tower Hamlets,32.6,6856,3,0.3,3528,2,0.1,6629,3,29.4,8809,3,0.1,13829,5,0.1,14589,5,29.5,7320,3,24.5,12106,4
E01004236,Tower Hamlets 008B,E09000030,Tower Hamlets,38.7,4668,2,0.3,2973,1,0.2,6368,2,28.7,9095,3,0.5,8972,3,1.4,1403,1,29.1,7560,3,20.1,15197,5
E01004237,Tower Hamlets 008C,E09000030,Tower Hamlets,29.7,8147,3,0.2,5089,2,0.1,9919,4,13.6,18464,6,0.0,16260,5,1.0,3591,2,26.7,9539,3,34.7,6363,2
E01004238,Tower Hamlets 008D,E09000030,Tower Hamlets,30.7,7688,3,0.2,5110,2,0.1,11594,4,14.4,17858,6,0.1,14156,5,1.0,3925,2,35.6,3797,2,31.8,7844,3
E01004239,Tower Hamlets 008E,E09000030,Tower Hamlets,41.3,3901,2,0.3,3158,1,0.2,4526,2,29.3,8854,3,0.5,9244,3,1.4,1263,1,32.7,5291,2,23.5,12744,4
E01004240,Tower Hamlets 012A,E09000030,Tower Hamlets,31.7,7203,3,0.2,4558,2,0.1,8328,3,29.8,8671,3,0.1,14301,5,0.7,6563,2,30.3,6767,3,21.9,13922,5
E01004241,Tower Hamlets 012B,E09000030,Tower Hamlets,36.9,5227,2,0.3,3915,2,0.2,5358,2,29.4,8830,3,0.6,7834,3,0.8,5526,2,29.2,7531,3,26.6,10835,4
E01004242,Tower Hamlets 012C,E09000030,Tower Hamlets,26.7,9768,3,0.2,7030,3,0.1,11988,4,19.7,13945,5,0.1,14039,5,0.3,12110,4,35.1,4055,2,26.3,11014,4
E01004243,Tower Hamlets 020A,E09000030,Tower Hamlets,36.1,5485,2,0.3,3864,2,0.1,7164,3,39.6,5465,2,0.0,16176,5,0.7,6863,3,27.7,8704,3,41.0,3941,2
E01004244,Tower Hamlets 020B,E09000030,Tower Hamlets,43.2,3416,2,0.3,2700,1,0.2,2550,1,34.0,7086,3,0.6,7921,3,1.0,3800,2,26.1,10118,4,29.9,8855,3
E01004245,Tower Hamlets 018A,E09000030,Tower Hamlets,46.5,2763,1,0.3,1707,1,0.2,4641,2,37.6,6027,2,0.6,7873,3,0.9,3940,2,42.1,1645,1,30.7,8423,3
E01004246,Tower Hamlets 018B,E09000030,Tower Hamlets,29.9,8057,3,0.2,6099,2,0.1,13464,5,19.4,14134,5,0.0,15354,5,1.4,1427,1,31.7,5863,2,26.9,10644,4
E01004247,Tower Hamlets 020C,E09000030,Tower Hamlets,41.7,3824,2,0.3,2273,1,0.2,5571,2,33.2,7370,3,0.7,7141,3,0.9,4320,2,30.0,7001,3,34.3,6567,2
E01004248,Tower Hamlets 018C,E09000030,Tower Hamlets,43.1,3465,2,0.3,2070,1,0.2,4939,2,51.4,2972,1,0.7,6920,3,0.3,11804,4,32.8,5195,2,28.2,9828,3
E01004249,Tower Hamlets 018D,E09000030,Tower Hamlets,43.1,3447,2,0.3,2524,1,0.2,3932,2,33.0,7430,3,0.3,11392,4,1.1,2995,1,37.2,3139,1,30.0,8810,3
E01004250,Tower Hamlets 020D,E09000030,Tower Hamlets,39.6,4393,2,0.3,2463,1,0.2,4240,2,37.9,5943,2,0.6,7452,3,0.5,8877,3,27.4,8932,3,21.2,14397,5
E01004251,Tower Hamlets 023A,E09000030,Tower Hamlets,28.7,8675,3,0.2,6552,2,0.1,11948,4,19.5,14063,5,0.3,11436,4,0.9,4437,2,30.3,6768,3,26.3,10990,4
E01004252,Tower Hamlets 024A,E09000030,Tower Hamlets,35.2,5828,2,0.3,3024,1,0.1,6664,3,12.8,19176,6,0.8,6353,2,0.6,7522,3,33.8,4657,2,22.0,13863,5
E01004253,Tower Hamlets 024B,E09000030,Tower Hamlets,28.2,8904,3,0.2,5944,2,0.1,10442,4,28.2,9331,3,0.1,15086,5,0.6,8336,3,28.7,7908,3,22.9,13180,5
E01004254,Tower Hamlets 023B,E09000030,Tower Hamlets,18.7,15458,5,0.1,15403,5,0.1,24774,8,5.0,27238,9,-0.6,24642,8,0.9,4697,2,25.7,10493,4,49.6,1972,1
E01004255,Tower Hamlets 023C,E09000030,Tower Hamlets,34.7,5983,2,0.3,3679,2,0.2,6024,2,21.1,13055,4,0.5,8898,3,0.5,8636,3,30.2,6851,3,29.2,9266,3
E01004256,Tower Hamlets 024C,E09000030,Tower Hamlets,35.6,5676,2,0.3,3000,1,0.2,5962,2,31.2,8103,3,0.3,11757,4,0.3,11989,4,29.6,7265,3,29.9,8890,3
E01004257,Tower Hamlets 024D,E09000030,Tower Hamlets,33.0,6674,3,0.2,5463,2,0.1,10235,4,30.2,8492,3,0.3,11232,4,1.1,2855,1,27.9,8541,3,32.3,7577,3
E01004258,Tower Hamlets 023D,E09000030,Tower Hamlets,22.0,12802,4,0.1,12575,4,0.1,15498,5,6.5,25568,8,-0.3,20254,7,0.3,11422,4,37.3,3103,1,39.1,4591,2
E01004259,Tower Hamlets 007A,E09000030,Tower Hamlets,26.2,10040,4,0.2,9303,3,0.1,14497,5,7.6,24418,8,0.4,9731,3,0.9,3961,2,27.8,8583,3,38.7,4726,2
E01004260,Tower Hamlets 007B,E09000030,Tower Hamlets,32.2,6995,3,0.2,4372,2,0.1,9368,3,24.4,11154,4,0.5,8998,3,0.4,10548,4,30.7,6478,2,31.6,7934,3
E01004261,Tower Hamlets 010A,E09000030,Tower Hamlets,25.8,10280,4,0.2,10457,4,0.1,22825,7,28.8,9078,3,0.3,11369,4,0.1,14896,5,34.8,4193,2,46.9,2465,1
E01004262,Tower Hamlets 010B,E09000030,Tower Hamlets,29.3,8367,3,0.2,9061,3,0.1,14698,5,21.6,12810,4,0.6,7752,3,0.9,4526,2,28.8,7791,3,41.7,3755,2
E01004263,Tower Hamlets 007C,E09000030,Tower Hamlets,33.0,6689,3,0.2,5458,2,0.1,7706,3,32.1,7768,3,0.4,9901,4,0.7,6883,3,26.5,9704,3,31.5,7988,3
E01004264,Tower Hamlets 010C,E09000030,Tower Hamlets,34.3,6140,2,0.2,4368,2,0.1,8642,3,25.0,10828,4,0.6,7769,3,0.3,11260,4,38.5,2665,1,28.3,9756,3
E01004266,Tower Hamlets 007D,E09000030,Tower Hamlets,26.9,9652,3,0.2,6969,3,0.1,12940,4,15.2,17208,6,0.1,14124,5,0.8,5277,2,26.6,9611,3,35.6,5976,2
E01004267,Tower Hamlets 012D,E09000030,Tower Hamlets,33.0,6672,3,0.2,4497,2,0.1,9591,3,8.8,23029,8,0.1,14406,5,1.2,2294,1,28.8,7793,3,45.2,2838,1
E01004268,Tower Hamlets 012E,E09000030,Tower Hamlets,34.4,6121,2,0.3,3680,2,0.2,6345,2,24.4,11128,4,0.7,6762,3,-0.2,19864,7,33.2,4980,2,26.5,10850,4
E01004269,Tower Hamlets 014A,E09000030,Tower Hamlets,32.2,6988,3,0.2,5432,2,0.1,11190,4,15.0,17331,6,0.6,8093,3,1.1,2915,1,30.8,6404,2,34.3,6554,2
E01004270,Tower Hamlets 014B,E09000030,Tower Hamlets,22.3,12534,4,0.1,11744,4,0.1,22974,7,8.7,23195,8,-0.4,22482,7,1.3,1797,1,32.5,5375,2,35.6,5964,2
E01004271,Tower Hamlets 014C,E09000030,Tower Hamlets,31.0,7538,3,0.2,5467,2,0.1,11410,4,25.9,10370,4,0.5,9699,3,0.6,7261,3,30.5,6633,3,32.6,7422,3
E01004272,Tower Hamlets 014D,E09000030,Tower Hamlets,35.1,5842,2,0.3,3077,1,0.1,7014,3,32.4,7642,3,0.3,12321,4,0.6,8162,3,32.8,5177,2,20.6,14821,5
E01004273,Tower Hamlets 014E,E09000030,Tower Hamlets,36.8,5279,2,0.3,2848,1,0.2,6542,2,31.4,8047,3,0.1,14032,5,0.9,4859,2,32.8,5208,2,24.9,11866,4
E01004274,Tower Hamlets 031A,E09000030,Tower Hamlets,24.2,11260,4,0.2,5224,2,0.1,9916,4,20.0,13744,5,-0.2,19041,6,-0.4,22842,7,27.6,8721,3,15.0,19171,6
E01004275,Tower Hamlets 031B,E09000030,Tower Hamlets,13.8,20159,7,0.1,16440,6,0.1,21558,7,14.5,17728,6,-0.3,20434,7,-0.5,24221,8,25.0,11133,4,22.8,13248,5
E01004276,Tower Hamlets 031C,E09000030,Tower Hamlets,5.4,30144,10,0.0,31509,10,0.0,32613,10,4.8,27528,9,-1.1,29654,10,-1.1,30108,10,23.2,13025,4,25.0,11759,4
E01004277,Tower Hamlets 033A,E09000030,Tower Hamlets,7.9,27157,9,0.0,28405,9,0.0,27005,9,3.2,29500,9,-0.4,22494,7,-2.2,32748,10,32.2,5516,2,13.7,20412,7
E01004280,Tower Hamlets 032A,E09000030,Tower Hamlets,25.1,10692,4,0.2,5195,2,0.1,10218,4,18.6,14697,5,0.0,16434,6,-0.5,23682,8,27.3,8990,3,24.4,12182,4
E01004281,Tower Hamlets 031D,E09000030,Tower Hamlets,8.2,26798,9,0.1,23652,8,0.0,30174,10,1.9,31029,10,-0.4,22536,7,-0.5,23879,8,24.5,11637,4,23.2,12962,4
E01004283,Tower Hamlets 016A,E09000030,Tower Hamlets,29.6,8223,3,0.2,4683,2,0.1,10881,4,21.3,12953,4,0.3,12293,4,0.2,13726,5,29.9,7025,3,35.1,6214,2
E01004284,Tower Hamlets 019A,E09000030,Tower Hamlets,31.4,7366,3,0.3,3396,2,0.1,8516,3,13.5,18617,6,0.4,10296,4,0.3,11967,4,33.0,5067,2,25.2,11665,4
E01004285,Tower Hamlets 019B,E09000030,Tower Hamlets,39.7,4342,2,0.3,3001,1,0.2,6403,2,39.0,5637,2,0.6,8068,3,0.5,8919,3,38.3,2737,1,28.3,9799,3
E01004286,Tower Hamlets 019C,E09000030,Tower Hamlets,36.5,5381,2,0.2,4228,2,0.2,5487,2,22.5,12259,4,0.4,10443,4,0.8,5300,2,27.0,9285,3,42.3,3597,2
E01004287,Tower Hamlets 016B,E09000030,Tower Hamlets,29.9,8047,3,0.2,4514,2,0.1,9711,3,19.7,13937,5,0.3,11422,4,0.2,14048,5,28.4,8092,3,34.9,6285,2
E01004288,Tower Hamlets 019D,E09000030,Tower Hamlets,38.0,4874,2,0.3,3503,2,0.2,5647,2,30.8,8278,3,0.8,5989,2,0.5,8905,3,29.4,7391,3,32.4,7541,3
E01004289,Tower Hamlets 016C,E09000030,Tower Hamlets,34.6,6032,2,0.2,5970,2,0.1,7920,3,15.8,16770,6,1.0,4547,2,0.9,4731,2,28.3,8209,3,39.3,4489,2
E01004290,Tower Hamlets 016D,E09000030,Tower Hamlets,28.6,8732,3,0.2,6890,3,0.1,11618,4,12.5,19462,6,0.4,10279,4,0.8,5312,2,29.8,7099,3,34.8,6329,2
E01004291,Tower Hamlets 027A,E09000030,Tower Hamlets,9.9,24676,8,0.1,22315,7,0.0,27781,9,5.5,26714,9,-0.4,22578,7,-0.4,21806,7,24.0,12186,4,26.7,10745,4
E01004292,Tower Hamlets 026A,E09000030,Tower Hamlets,7.7,27385,9,0.0,27476,9,0.0,31829,10,3.3,29342,9,-0.5,23286,8,0.0,16173,5,22.4,13903,5,23.5,12797,4
E01004293,Tower Hamlets 027B,E09000030,Tower Hamlets,8.8,26059,8,0.1,23841,8,0.0,28151,9,2.8,29964,10,-0.9,28275,9,-0.4,22581,7,22.0,14340,5,32.7,7355,3
E01004294,Tower Hamlets 026B,E09000030,Tower Hamlets,18.6,15535,5,0.1,10874,4,0.1,15509,5,6.7,25369,8,-0.2,18665,6,-0.7,25829,8,29.9,7003,3,32.1,7662,3
E01004295,Tower Hamlets 026C,E09000030,Tower Hamlets,31.1,7506,3,0.2,4735,2,0.1,10309,4,30.8,8243,3,-0.1,17974,6,0.6,7446,3,31.8,5763,2,31.2,8169,3
E01004296,Tower Hamlets 026D,E09000030,Tower Hamlets,26.1,10142,4,0.2,6389,2,0.1,10657,4,14.0,18162,6,0.0,16141,5,0.5,8620,3,31.4,6014,2,23.0,13149,5
E01004297,Tower Hamlets 027C,E09000030,Tower Hamlets,9.3,25393,8,0.1,21277,7,0.0,27597,9,3.5,29108,9,-0.7,26099,8,-0.1,18281,6,21.0,15473,5,26.5,10839,4
E01004298,Tower Hamlets 022A,E09000030,Tower Hamlets,41.3,3911,2,0.3,2837,1,0.2,6585,3,22.9,11954,4,1.0,4096,2,0.9,3936,2,28.7,7874,3,42.9,3427,2
E01004300,Tower Hamlets 022B,E09000030,Tower Hamlets,36.7,5313,2,0.3,3222,1,0.2,4838,2,22.8,12065,4,0.7,6932,3,0.4,9875,4,29.8,7096,3,26.3,10972,4
E01004301,Tower Hamlets 025B,E09000030,Tower Hamlets,35.8,5604,2,0.3,3305,2,0.1,9389,3,17.6,15389,5,0.4,10874,4,1.2,2395,1,34.1,4523,2,33.2,7126,3
E01004302,Tower Hamlets 025C,E09000030,Tower Hamlets,25.3,10599,4,0.2,7909,3,0.1,13191,5,27.3,9681,3,-0.4,22204,7,-0.1,17707,6,36.8,3255,1,28.8,9511,3
E01004303,Tower Hamlets 025D,E09000030,Tower Hamlets,24.0,11397,4,0.2,7019,3,0.1,13440,5,8.7,23222,8,-0.2,18785,6,0.6,8128,3,30.6,6551,2,29.5,9122,3
E01004304,Tower Hamlets 022C,E09000030,Tower Hamlets,38.5,4740,2,0.3,3193,1,0.1,7053,3,24.4,11147,4,0.5,8929,3,0.9,4060,2,31.0,6256,2,41.0,3953,2
E01004305,Tower Hamlets 022D,E09000030,Tower Hamlets,30.9,7611,3,0.2,5329,2,0.1,9699,3,19.8,13881,5,0.1,14059,5,0.6,7293,3,31.3,6087,2,37.7,5094,2
E01004306,Tower Hamlets 015A,E09000030,Tower Hamlets,36.7,5304,2,0.2,5671,2,0.1,8447,3,6.2,25923,8,0.6,7621,3,1.4,1393,1,30.6,6501,2,54.4,1254,1
E01004307,Tower Hamlets 015B,E09000030,Tower Hamlets,14.0,19910,7,0.1,24683,8,0.0,30545,10,11.3,20640,7,-0.6,25166,8,-0.4,22890,7,31.6,5883,2,49.9,1930,1
E01004308,Tower Hamlets 015C,E09000030,Tower Hamlets,28.8,8621,3,0.2,5361,2,0.1,11198,4,13.7,18424,6,0.1,15209,5,0.9,4438,2,30.1,6872,3,30.5,8531,3
E01004309,Tower Hamlets 015D,E09000030,Tower Hamlets,38.5,4749,2,0.3,3549,2,0.2,4957,2,19.6,13995,5,0.8,5780,2,0.6,7779,3,32.3,5452,2,35.6,5965,2
E01004310,Tower Hamlets 015E,E09000030,Tower Hamlets,37.3,5125,2,0.3,3936,2,0.2,6580,3,17.1,15761,5,0.7,6872,3,0.6,7483,3,33.3,4939,2,44.1,3140,1
E01004311,Tower Hamlets 006A,E09000030,Tower Hamlets,38.8,4644,2,0.3,3710,2,0.1,6926,3,13.5,18602,6,0.7,7236,3,1.7,657,1,27.8,8569,3,37.1,5332,2
E01004312,Tower Hamlets 009A,E09000030,Tower Hamlets,39.6,4384,2,0.3,2758,1,0.1,7051,3,22.9,11977,4,0.7,6428,2,1.2,2141,1,29.7,7199,3,33.0,7218,3
E01004313,Tower Hamlets 009B,E09000030,Tower Hamlets,24.6,11032,4,0.2,8127,3,0.1,15213,5,15.3,17146,6,0.0,15811,5,0.3,11763,4,31.8,5762,2,36.6,5538,2
E01004314,Tower Hamlets 006B,E09000030,Tower Hamlets,21.6,13053,4,0.1,14399,5,0.1,22359,7,2.7,30078,10,0.1,14822,5,1.4,1335,1,21.6,14837,5,44.5,3013,1
E01004315,Tower Hamlets 006C,E09000030,Tower Hamlets,32.6,6850,3,0.2,6721,3,0.1,11444,4,15.1,17271,6,0.4,9775,3,1.7,616,1,28.4,8085,3,34.3,6555,2
E01004316,Tower Hamlets 009C,E09000030,Tower Hamlets,39.1,4542,2,0.2,5647,2,0.1,8434,3,12.3,19687,6,0.6,8060,3,2.1,124,1,32.7,5286,2,46.2,2623,1
E01004317,Tower Hamlets 009D,E09000030,Tower Hamlets,27.6,9244,3,0.2,8610,3,0.1,14326,5,4.2,28293,9,0.4,10657,4,1.3,1789,1,31.5,5976,2,35.2,6157,2
E01004318,Tower Hamlets 006D,E09000030,Tower Hamlets,35.9,5572,2,0.2,4712,2,0.2,5505,2,19.3,14216,5,0.6,7828,3,0.9,4456,2,28.4,8104,3,34.9,6275,2
E01004319,Tower Hamlets 021A,E09000030,Tower Hamlets,32.6,6845,3,0.3,3962,2,0.1,9503,3,17.0,15797,5,0.2,12967,4,0.8,5645,2,32.8,5230,2,34.5,6475,2
E01004321,Tower Hamlets 021C,E09000030,Tower Hamlets,33.8,6345,2,0.3,3464,2,0.1,7867,3,13.0,19023,6,0.2,13628,5,0.9,4720,2,33.0,5090,2,34.1,6636,3
E01004322,Tower Hamlets 017A,E09000030,Tower Hamlets,32.3,6983,3,0.2,7184,3,0.1,10461,4,11.6,20343,7,0.4,10885,4,1.5,989,1,30.7,6498,2,38.3,4883,2
E01004323,Tower Hamlets 017B,E09000030,Tower Hamlets,27.8,9137,3,0.2,6631,3,0.1,13372,5,11.4,20496,7,0.8,5502,2,0.7,6565,2,29.3,7470,3,24.0,12408,4
E01004324,Tower Hamlets 017C,E09000030,Tower Hamlets,37.5,5052,2,0.2,5287,2,0.1,8728,3,31.0,8163,3,1.2,2652,1,0.7,6782,3,32.2,5502,2,33.0,7219,3
E01004325,Tower Hamlets 021D,E09000030,Tower Hamlets,24.5,11050,4,0.1,13938,5,0.0,26686,9,5.9,26309,9,-0.3,20009,7,0.7,5960,2,34.7,4226,2,76.7,23,1
E01004326,Tower Hamlets 017D,E09000030,Tower Hamlets,26.3,10008,4,0.2,9496,3,0.1,17038,6,11.8,20144,7,-0.1,17571,6,1.3,1686,1,30.0,6946,3,39.7,4359,2
E01032764,Tower Hamlets 004E,E09000030,Tower Hamlets,22.2,12594,4,0.1,13422,5,0.1,21514,7,6.5,25596,8,0.3,11712,4,0.8,5234,2,38.2,2752,1,30.7,8420,3
E01032765,Tower Hamlets 004F,E09000030,Tower Hamlets,28.2,8918,3,0.2,6127,2,0.1,9640,3,20.3,13600,5,0.4,10509,4,0.1,15257,5,34.0,4582,2,22.2,13719,5
E01032766,Tower Hamlets 021E,E09000030,Tower Hamlets,19.8,14542,5,0.1,12899,4,0.0,26345,9,13.2,18841,6,-0.2,19731,7,0.3,11632,4,34.1,4517,2,41.6,3772,2
E01032767,Tower Hamlets 021F,E09000030,Tower Hamlets,11.9,22328,7,0.1,26253,8,0.0,32387,10,8.0,23989,8,-0.3,21197,7,-0.8,27013,9,27.5,8817,3,46.7,2504,1
E01032768,Tower Hamlets 025E,E09000030,Tower Hamlets,12.9,21107,7,0.0,31644,10,0.0,32573,10,1.1,31916,10,-0.4,21887,7,0.5,8510,3,33.2,4975,2,43.5,3296,2
E01032769,Tower Hamlets 025F,E09000030,Tower Hamlets,18.0,16124,5,0.1,15268,5,0.0,26766,9,5.1,27217,9,-0.2,19811,7,1.1,3127,1,26.2,9968,4,36.6,5546,2
E01032770,Tower Hamlets 032B,E09000030,Tower Hamlets,16.6,17320,6,0.1,12243,4,0.1,22131,7,4.8,27591,9,0.1,14239,5,0.0,16021,5,30.2,6803,3,21.8,13962,5
E01032771,Tower Hamlets 033B,E09000030,Tower Hamlets,13.2,20860,7,0.1,15080,5,0.1,23146,8,9.1,22803,7,-0.6,24384,8,-2.2,32770,10,33.1,5006,2,19.4,15752,5
E01032772,Tower Hamlets 032C,E09000030,Tower Hamlets,23.8,11466,4,0.2,9542,3,0.1,16023,5,6.6,25528,8,0.5,9637,3,0.4,10497,4,35.3,3924,2,30.1,8778,3
E01032773,Tower Hamlets 032D,E09000030,Tower Hamlets,14.4,19572,6,0.1,14738,5,0.0,28681,9,7.1,24940,8,-0.5,23973,8,-1.1,29625,10,41.8,1702,1,21.1,14492,5
E01032774,Tower Hamlets 032E,E09000030,Tower Hamlets,30.2,7916,3,0.2,7419,3,0.1,9525,3,27.3,9669,3,0.7,6497,2,0.0,17007,6,36.4,3435,2,23.3,12927,4
E01032775,Tower Hamlets 031F,E09000030,Tower Hamlets,9.4,25292,8,0.0,27216,9,0.0,31102,10,13.1,18922,6,-0.2,19212,6,-1.0,28814,9,25.0,11148,4,26.3,11011,4
E01032776,Tower Hamlets 028E,E09000030,Tower Hamlets,9.8,24799,8,0.0,30953,10,0.0,32658,10,6.1,26033,8,-0.5,23493,8,-0.2,20097,7,31.8,5773,2,32.5,7451,3
E01032777,Tower Hamlets 028F,E09000030,Tower Hamlets,18.5,15657,5,0.1,13510,5,0.1,18860,6,8.4,23529,8,0.0,15462,5,-0.7,26260,8,41.0,1926,1,21.4,14240,5
E01032778,Tower Hamlets 028G,E09000030,Tower Hamlets,17.4,16614,6,0.1,24431,8,0.0,30655,10,10.6,21307,7,-0.3,20479,7,0.4,10526,4,34.1,4550,2,54.3,1275,1
E01032779,Tower Hamlets 028H,E09000030,Tower Hamlets,17.3,16738,6,0.1,18664,6,0.0,27433,9,11.7,20253,7,-0.3,20410,7,-0.9,28494,9,33.8,4664,2,53.5,1361,1
E01032780,Tower Hamlets 028I,E09000030,Tower Hamlets,16.2,17778,6,0.1,22013,7,0.0,31959,10,3.3,29420,9,-0.4,21797,7,-0.1,18773,6,30.7,6476,2,63.3,412,1
E01032781,Tower Hamlets 033C,E09000030,Tower Hamlets,12.7,21416,7,0.1,15950,5,0.0,25130,8,3.3,29362,9,-0.2,19222,6,-0.6,25023,8,24.8,11289,4,30.8,8355,3
E01032782,Tower Hamlets 033D,E09000030,Tower Hamlets,19.6,14749,5,0.1,16390,5,0.0,25283,8,13.7,18407,6,-0.2,18715,6,-0.6,24499,8,43.6,1303,1,40.6,4073,2
E01032783,Tower Hamlets 031G,E09000030,Tower Hamlets,17.7,16421,5,0.1,10649,4,0.1,19180,6,8.4,23572,8,0.0,15361,5,0.0,17212,6,26.3,9917,4,24.0,12385,4
E01032784,Tower Hamlets 004G,E09000030,Tower Hamlets,22.8,12196,4,0.1,12658,4,0.1,22534,7,6.7,25386,8,0.8,5757,2,0.6,7363,3,35.2,4009,2,28.9,9415,3
E01032785,Tower Hamlets 010E,E09000030,Tower Hamlets,20.8,13712,5,0.2,9910,4,0.1,18462,6,4.8,27568,9,-0.2,19599,6,-0.5,23414,8,31.0,6251,2,49.0,2065,1
E01032786,Tower Hamlets 010F,E09000030,Tower Hamlets,26.7,9758,3,0.2,6766,3,0.1,8275,3,16.0,16614,6,0.3,12129,4,0.2,14275,5,27.6,8794,3,25.9,11212,4
E01032787,Tower Hamlets 011F,E09000030,Tower Hamlets,34.2,6192,2,0.3,3443,2,0.1,7888,3,27.3,9671,3,0.0,15846,5,0.9,4120,2,31.9,5724,2,24.5,12058,4
E01004327,Waltham Forest 028A,E09000031,Waltham Forest,30.1,7992,3,0.2,6354,2,0.1,9107,3,15.7,16857,6,-0.1,18334,6,0.5,8686,3,40.4,2075,1,33.8,6800,3
E01004328,Waltham Forest 028B,E09000031,Waltham Forest,23.2,11954,4,0.1,14206,5,0.1,19478,6,13.9,18280,6,-0.4,22056,7,0.4,11018,4,36.4,3449,2,54.3,1274,1
E01004329,Waltham Forest 028C,E09000031,Waltham Forest,23.7,11575,4,0.1,11696,4,0.1,17177,6,17.4,15545,5,-0.1,17359,6,-0.2,19722,7,38.5,2655,1,44.2,3097,1
E01004330,Waltham Forest 028D,E09000031,Waltham Forest,16.9,17056,6,0.1,17015,6,0.0,25734,8,9.9,21883,7,-0.8,26474,9,0.2,14019,5,32.2,5521,2,45.3,2829,1
E01004331,Waltham Forest 028E,E09000031,Waltham Forest,22.8,12158,4,0.2,10241,4,0.1,16838,6,16.2,16404,5,-0.2,19183,6,-0.4,22999,8,42.2,1609,1,32.5,7475,3
E01004332,Waltham Forest 028F,E09000031,Waltham Forest,28.2,8927,3,0.1,10968,4,0.1,15118,5,19.1,14346,5,0.7,7275,3,0.4,10086,4,40.6,2015,1,36.1,5752,2
E01004333,Waltham Forest 024A,E09000031,Waltham Forest,27.9,9066,3,0.2,8117,3,0.1,13058,4,15.0,17332,6,0.2,13373,5,0.5,8788,3,44.4,1157,1,26.5,10900,4
E01004334,Waltham Forest 024B,E09000031,Waltham Forest,44.7,3119,1,0.3,1608,1,0.2,4449,2,30.0,8549,3,0.6,7569,3,0.6,7222,3,45.4,980,1,22.9,13198,5
E01004335,Waltham Forest 027A,E09000031,Waltham Forest,39.7,4362,2,0.3,3130,1,0.2,5624,2,27.8,9490,3,0.5,9260,3,0.5,9703,3,43.4,1353,1,31.1,8182,3
E01004336,Waltham Forest 026A,E09000031,Waltham Forest,24.3,11164,4,0.1,13144,5,0.1,17446,6,20.3,13583,5,-0.5,23225,8,0.5,8540,3,43.5,1324,1,36.4,5649,2
E01004337,Waltham Forest 027B,E09000031,Waltham Forest,26.1,10118,4,0.2,8892,3,0.1,15050,5,18.9,14443,5,0.0,16571,6,0.1,14438,5,43.1,1419,1,32.4,7493,3
E01004338,Waltham Forest 027C,E09000031,Waltham Forest,19.4,14941,5,0.1,14569,5,0.1,21426,7,9.4,22497,7,-0.5,23656,8,0.0,15927,5,38.8,2542,1,40.2,4182,2
E01004339,Waltham Forest 027D,E09000031,Waltham Forest,24.5,11057,4,0.1,12528,4,0.1,18098,6,13.3,18798,6,-0.5,23834,8,0.3,12442,4,50.3,283,1,36.5,5560,2
E01004340,Waltham Forest 027E,E09000031,Waltham Forest,43.2,3432,2,0.3,3397,2,0.2,4162,2,21.9,12638,4,0.8,6104,2,1.0,3404,2,44.5,1141,1,29.1,9326,3
E01004341,Waltham Forest 027F,E09000031,Waltham Forest,32.1,7036,3,0.2,6453,2,0.1,9522,3,20.3,13615,5,0.1,14814,5,0.7,6389,2,43.3,1364,1,31.8,7822,3
E01004342,Waltham Forest 011A,E09000031,Waltham Forest,22.4,12475,4,0.1,13130,4,0.1,18735,6,17.0,15794,5,-0.2,19095,6,0.4,10356,4,40.6,2020,1,32.0,7717,3
E01004343,Waltham Forest 008A,E09000031,Waltham Forest,15.8,18190,6,0.1,18621,6,0.1,21108,7,9.5,22382,7,-0.7,25564,8,0.3,12664,4,30.3,6726,3,34.7,6378,2
E01004344,Waltham Forest 008B,E09000031,Waltham Forest,30.5,7780,3,0.2,9871,4,0.1,16122,5,21.7,12739,4,-0.3,20287,7,0.8,4931,2,53.5,93,1,36.7,5482,2
E01004345,Waltham Forest 010A,E09000031,Waltham Forest,20.9,13646,5,0.1,14037,5,0.1,17251,6,16.5,16227,5,-0.3,20889,7,0.3,12329,4,32.7,5256,2,38.4,4842,2
E01004346,Waltham Forest 011B,E09000031,Waltham Forest,18.2,15972,5,0.1,12998,4,0.1,22780,7,14.5,17766,6,-0.6,24055,8,0.6,8353,3,27.7,8675,3,33.2,7122,3
E01004347,Waltham Forest 011C,E09000031,Waltham Forest,15.5,18452,6,0.1,16302,5,0.1,22673,7,8.4,23465,8,-0.6,25222,8,0.2,13403,5,32.0,5661,2,29.7,8975,3
E01004348,Waltham Forest 010B,E09000031,Waltham Forest,18.2,15993,5,0.1,13442,5,0.1,21623,7,13.2,18879,6,-0.9,27921,9,0.1,15061,5,37.0,3219,1,31.7,7904,3
E01004349,Waltham Forest 001A,E09000031,Waltham Forest,29.9,8091,3,0.2,7722,3,0.1,11245,4,25.7,10455,4,-0.5,23093,8,0.5,8496,3,47.8,597,1,26.9,10649,4
E01004350,Waltham Forest 001B,E09000031,Waltham Forest,28.6,8698,3,0.2,7590,3,0.1,12719,4,16.0,16534,6,0.2,13030,4,-0.2,19019,6,43.2,1394,1,39.9,4276,2
E01004351,Waltham Forest 001C,E09000031,Waltham Forest,15.0,18892,6,0.1,17132,6,0.1,17917,6,11.8,20187,7,-0.4,21514,7,-0.4,21874,7,28.1,8387,3,25.2,11628,4
E01004352,Waltham Forest 002A,E09000031,Waltham Forest,10.4,23995,8,0.0,28236,9,0.0,25489,8,4.2,28296,9,-0.8,26721,9,0.6,7246,3,24.7,11476,4,23.0,13105,4
E01004353,Waltham Forest 002B,E09000031,Waltham Forest,16.1,17875,6,0.1,18194,6,0.1,17420,6,12.9,19141,6,-0.6,25167,8,0.3,12666,4,33.4,4889,2,18.6,16367,5
E01004354,Waltham Forest 002C,E09000031,Waltham Forest,13.6,20330,7,0.1,21006,7,0.1,24249,8,11.5,20390,7,-0.3,21227,7,0.4,9816,3,23.8,12318,4,27.7,10157,4
E01004355,Waltham Forest 004A,E09000031,Waltham Forest,25.2,10657,4,0.2,9576,3,0.1,11350,4,17.7,15328,5,-0.2,18449,6,0.1,14745,5,43.0,1432,1,20.5,14906,5
E01004356,Waltham Forest 001D,E09000031,Waltham Forest,25.9,10256,4,0.2,8665,3,0.1,10715,4,22.0,12517,4,-0.4,22272,7,0.4,10227,4,39.0,2480,1,21.5,14163,5
E01004357,Waltham Forest 001E,E09000031,Waltham Forest,17.6,16459,6,0.1,13268,5,0.1,16074,5,15.8,16788,6,-0.6,25241,8,0.0,16454,6,31.5,5971,2,19.6,15593,5
E01004358,Waltham Forest 002D,E09000031,Waltham Forest,22.1,12717,4,0.1,10788,4,0.1,11852,4,9.6,22317,7,0.0,16115,5,0.1,14508,5,37.1,3170,1,18.7,16278,5
E01004359,Waltham Forest 002E,E09000031,Waltham Forest,12.7,21404,7,0.1,18164,6,0.1,20133,7,11.4,20503,7,-0.6,24479,8,-0.1,18451,6,21.5,14889,5,23.4,12849,4
E01004360,Waltham Forest 004B,E09000031,Waltham Forest,13.1,20890,7,0.1,24869,8,0.1,20270,7,13.3,18787,6,-0.5,23178,8,0.3,12221,4,26.8,9439,3,22.3,13680,5
E01004361,Waltham Forest 005A,E09000031,Waltham Forest,15.4,18552,6,0.1,19765,7,0.1,23439,8,17.7,15360,5,-0.8,26857,9,0.0,16097,5,28.8,7770,3,36.6,5556,2
E01004362,Waltham Forest 021A,E09000031,Waltham Forest,23.3,11856,4,0.1,15974,5,0.1,16290,5,8.6,23254,8,-0.1,18110,6,0.7,6032,2,38.2,2755,1,43.4,3320,2
E01004363,Waltham Forest 019A,E09000031,Waltham Forest,19.4,14952,5,0.1,13195,5,0.1,18156,6,12.1,19851,7,-0.2,19238,6,0.0,16395,5,31.8,5780,2,35.4,6043,2
E01004364,Waltham Forest 019B,E09000031,Waltham Forest,32.0,7069,3,0.2,7140,3,0.1,9997,4,19.5,14067,5,0.0,15831,5,0.9,4793,2,41.2,1858,1,38.0,4992,2
E01004365,Waltham Forest 020A,E09000031,Waltham Forest,29.3,8358,3,0.2,8291,3,0.1,17534,6,27.3,9699,3,0.0,16605,6,0.6,8016,3,46.3,844,1,35.4,6054,2
E01004366,Waltham Forest 019C,E09000031,Waltham Forest,19.6,14761,5,0.1,16046,5,0.1,19292,6,11.7,20266,7,-0.2,19368,6,0.3,11414,4,30.0,6980,3,43.6,3269,1
E01004367,Waltham Forest 019D,E09000031,Waltham Forest,27.3,9423,3,0.1,11525,4,0.1,12972,4,21.1,13087,4,0.0,16699,6,1.0,3874,2,33.6,4766,2,39.2,4534,2
E01004368,Waltham Forest 019E,E09000031,Waltham Forest,21.8,12888,4,0.1,14944,5,0.1,17952,6,13.6,18486,6,-0.1,17043,6,0.5,8815,3,36.8,3267,1,36.0,5822,2
E01004369,Waltham Forest 023A,E09000031,Waltham Forest,15.8,18122,6,0.1,15258,5,0.0,26742,9,16.5,16213,5,-0.4,22023,7,-0.2,19590,6,34.3,4449,2,26.5,10862,4
E01004370,Waltham Forest 023B,E09000031,Waltham Forest,14.5,19459,6,0.1,21586,7,0.0,26867,9,10.7,21149,7,-0.9,27702,9,0.1,14344,5,33.2,4967,2,37.6,5111,2
E01004371,Waltham Forest 025A,E09000031,Waltham Forest,20.6,13836,5,0.1,14196,5,0.1,16919,6,11.9,20082,7,-0.4,21541,7,0.0,16625,6,33.2,4969,2,44.7,2966,1
E01004372,Waltham Forest 023C,E09000031,Waltham Forest,11.8,22386,7,0.1,24738,8,0.0,30666,10,9.2,22697,7,-0.6,24401,8,-0.5,24263,8,28.7,7922,3,41.3,3852,2
E01004373,Waltham Forest 025B,E09000031,Waltham Forest,25.6,10432,4,0.1,13813,5,0.1,18559,6,18.8,14553,5,0.0,16104,5,0.0,16040,5,41.7,1740,1,53.8,1329,1
E01004374,Waltham Forest 025C,E09000031,Waltham Forest,17.1,16899,6,0.1,16350,5,0.1,21076,7,7.2,24811,8,-0.4,22604,7,-0.2,19928,7,36.5,3419,2,36.3,5668,2
E01004375,Waltham Forest 025D,E09000031,Waltham Forest,20.8,13709,5,0.1,14441,5,0.1,20294,7,9.3,22539,7,-0.3,21066,7,0.4,9914,4,38.4,2708,1,39.5,4444,2
E01004376,Waltham Forest 025E,E09000031,Waltham Forest,22.2,12644,4,0.1,16552,6,0.1,20501,7,14.0,18204,6,0.2,13565,5,0.2,13851,5,38.9,2527,1,44.3,3081,1
E01004377,Waltham Forest 010C,E09000031,Waltham Forest,19.8,14476,5,0.1,14469,5,0.1,18192,6,13.5,18555,6,-0.3,20426,7,0.8,5724,2,26.3,9921,4,34.6,6416,2
E01004378,Waltham Forest 010D,E09000031,Waltham Forest,23.0,12064,4,0.1,12562,4,0.1,13034,4,17.7,15346,5,-0.6,24960,8,0.4,10337,4,35.0,4080,2,36.0,5789,2
E01004379,Waltham Forest 007A,E09000031,Waltham Forest,11.8,22382,7,0.1,23455,8,0.0,25428,8,8.8,23026,8,-0.8,26530,9,0.6,8118,3,20.1,16495,6,29.7,8971,3
E01004380,Waltham Forest 007B,E09000031,Waltham Forest,22.7,12272,4,0.1,10688,4,0.1,15021,5,15.6,16898,6,-0.2,19755,7,0.7,6677,3,30.7,6448,2,30.2,8676,3
E01004381,Waltham Forest 007C,E09000031,Waltham Forest,15.4,18539,6,0.1,15601,5,0.1,21171,7,7.4,24586,8,-0.7,25970,8,0.4,10514,4,24.0,12167,4,34.2,6588,3
E01004382,Waltham Forest 008C,E09000031,Waltham Forest,38.7,4663,2,0.3,2565,1,0.2,5293,2,28.5,9194,3,0.2,13603,5,0.1,14821,5,45.7,946,1,24.7,11951,4
E01004383,Waltham Forest 007D,E09000031,Waltham Forest,15.0,18959,6,0.1,16523,6,0.1,18680,6,13.6,18506,6,-0.4,22511,7,0.0,17083,6,22.9,13265,5,27.4,10318,4
E01004384,Waltham Forest 003A,E09000031,Waltham Forest,32.1,7043,3,0.2,6837,3,0.2,6470,2,32.9,7485,3,0.6,7722,3,0.0,16265,5,32.9,5136,2,23.5,12811,4
E01004385,Waltham Forest 003B,E09000031,Waltham Forest,33.5,6481,2,0.2,5860,2,0.2,5723,2,21.0,13159,5,0.1,14674,5,0.9,4098,2,35.8,3734,2,25.1,11692,4
E01004386,Waltham Forest 003C,E09000031,Waltham Forest,8.9,25868,8,0.0,27219,9,0.1,24801,8,9.8,22079,7,-0.7,25645,8,-0.1,17798,6,20.2,16448,6,22.3,13674,5
E01004387,Waltham Forest 007E,E09000031,Waltham Forest,7.2,28095,9,0.0,30027,10,0.0,28740,9,6.7,25341,8,-0.9,28189,9,-0.2,18956,6,23.1,13074,4,20.9,14644,5
E01004388,Waltham Forest 007F,E09000031,Waltham Forest,19.4,14955,5,0.1,13798,5,0.1,13337,5,9.9,21962,7,-0.1,16814,6,0.4,11134,4,27.5,8806,3,24.8,11942,4
E01004389,Waltham Forest 003D,E09000031,Waltham Forest,31.0,7533,3,0.2,6396,2,0.1,6960,3,26.7,9972,4,0.0,16053,5,0.4,11120,4,36.4,3457,2,27.3,10390,4
E01004390,Waltham Forest 003E,E09000031,Waltham Forest,35.0,5903,2,0.2,5338,2,0.2,6100,2,34.7,6849,3,0.5,8974,3,0.3,11290,4,36.6,3391,2,23.3,12928,4
E01004391,Waltham Forest 014A,E09000031,Waltham Forest,21.3,13300,5,0.1,10843,4,0.1,17216,6,11.5,20454,7,-0.2,19486,6,0.7,6512,2,30.1,6930,3,30.5,8503,3
E01004392,Waltham Forest 017A,E09000031,Waltham Forest,26.2,10024,4,0.1,12030,4,0.1,17193,6,18.4,14819,5,0.0,16348,5,0.7,6333,2,36.4,3468,2,47.6,2338,1
E01004393,Waltham Forest 014B,E09000031,Waltham Forest,21.8,12894,4,0.1,11571,4,0.1,20234,7,10.7,21131,7,0.1,14785,5,0.0,16076,5,40.5,2048,1,33.7,6837,3
E01004394,Waltham Forest 017B,E09000031,Waltham Forest,36.0,5529,2,0.2,5596,2,0.2,6296,2,16.4,16229,5,0.7,7278,3,0.8,5016,2,39.7,2279,1,31.8,7839,3
E01004395,Waltham Forest 018A,E09000031,Waltham Forest,17.3,16750,6,0.1,16798,6,0.1,21140,7,8.2,23762,8,-0.3,20699,7,0.5,9439,3,28.8,7828,3,36.4,5646,2
E01004396,Waltham Forest 012A,E09000031,Waltham Forest,19.9,14422,5,0.1,13211,5,0.1,20733,7,13.4,18717,6,-0.4,22438,7,0.0,17242,6,32.4,5421,2,45.5,2780,1
E01004397,Waltham Forest 017C,E09000031,Waltham Forest,26.9,9666,3,0.2,10406,4,0.1,18051,6,7.9,24045,8,-0.6,25104,8,1.7,637,1,38.7,2576,1,37.1,5349,2
E01004398,Waltham Forest 009A,E09000031,Waltham Forest,37.9,4902,2,0.3,3469,2,0.2,5608,2,27.5,9619,3,0.6,8515,3,0.3,12119,4,39.1,2440,1,30.9,8338,3
E01004399,Waltham Forest 009B,E09000031,Waltham Forest,47.5,2576,1,0.3,1850,1,0.2,3334,2,32.6,7596,3,0.3,11849,4,1.2,2365,1,41.6,1751,1,36.7,5515,2
E01004400,Waltham Forest 009C,E09000031,Waltham Forest,29.2,8395,3,0.2,8027,3,0.1,10436,4,20.9,13196,5,-0.1,17094,6,0.6,8140,3,33.4,4879,2,43.8,3197,1
E01004401,Waltham Forest 014C,E09000031,Waltham Forest,22.2,12638,4,0.1,13378,5,0.1,15108,5,23.6,11581,4,0.0,16452,6,0.2,13112,4,34.2,4493,2,27.3,10361,4
E01004402,Waltham Forest 009D,E09000031,Waltham Forest,32.7,6798,3,0.2,5071,2,0.1,8172,3,21.4,12889,4,-0.4,21987,7,0.6,7167,3,34.9,4123,2,44.8,2944,1
E01004403,Waltham Forest 009E,E09000031,Waltham Forest,30.8,7659,3,0.2,7885,3,0.1,13000,4,27.8,9484,3,0.1,15192,5,0.9,4090,2,36.4,3434,2,38.3,4895,2
E01004404,Waltham Forest 014D,E09000031,Waltham Forest,28.7,8644,3,0.2,7264,3,0.1,10481,4,21.0,13161,5,0.3,11093,4,0.1,15389,5,38.3,2732,1,29.4,9152,3
E01004405,Waltham Forest 020B,E09000031,Waltham Forest,28.4,8814,3,0.2,10180,4,0.1,11336,4,14.5,17744,6,0.1,14063,5,0.6,7285,3,40.8,1976,1,38.2,4906,2
E01004406,Waltham Forest 016A,E09000031,Waltham Forest,22.5,12412,4,0.1,15793,5,0.1,20621,7,12.1,19868,7,-0.1,17225,6,0.2,13048,4,37.8,2912,1,52.1,1566,1
E01004407,Waltham Forest 013A,E09000031,Waltham Forest,41.2,3915,2,0.2,4383,2,0.2,1966,1,29.7,8690,3,0.1,14131,5,0.4,10053,4,39.8,2262,1,33.1,7157,3
E01004408,Waltham Forest 016B,E09000031,Waltham Forest,23.3,11853,4,0.1,10576,4,0.1,15468,5,6.5,25608,8,0.0,16708,6,0.8,5781,2,31.6,5921,2,37.4,5217,2
E01004409,Waltham Forest 016C,E09000031,Waltham Forest,27.4,9342,3,0.2,8392,3,0.1,12425,4,9.4,22516,7,0.1,14679,5,0.8,5250,2,37.7,2948,1,34.3,6538,2
E01004410,Waltham Forest 013B,E09000031,Waltham Forest,34.2,6167,2,0.2,4512,2,0.1,7690,3,17.8,15263,5,0.3,11454,4,0.9,4295,2,38.3,2724,1,26.6,10796,4
E01004411,Waltham Forest 016D,E09000031,Waltham Forest,26.5,9899,4,0.1,10936,4,0.1,17067,6,12.2,19763,7,0.3,11601,4,1.0,3529,2,36.7,3298,2,36.3,5673,2
E01004412,Waltham Forest 015A,E09000031,Waltham Forest,18.4,15738,5,0.1,14208,5,0.1,17222,6,6.6,25452,8,-0.8,26586,9,0.4,11092,4,34.3,4410,2,32.6,7389,3
E01004413,Waltham Forest 004C,E09000031,Waltham Forest,32.2,6997,3,0.2,7299,3,0.1,8398,3,34.4,6966,3,0.7,6567,2,0.3,11472,4,34.4,4398,2,23.4,12853,4
E01004414,Waltham Forest 005B,E09000031,Waltham Forest,21.5,13165,5,0.1,12623,4,0.1,15236,5,17.7,15338,5,-0.2,19765,7,0.9,4491,2,26.3,9867,4,26.5,10864,4
E01004415,Waltham Forest 004D,E09000031,Waltham Forest,26.4,9922,4,0.2,9241,3,0.1,11901,4,28.2,9301,3,0.2,13101,4,0.6,7596,3,31.8,5793,2,20.4,14954,5
E01004416,Waltham Forest 004E,E09000031,Waltham Forest,23.0,12086,4,0.1,14530,5,0.1,12335,4,18.5,14780,5,0.0,16536,6,0.5,8691,3,36.1,3594,2,24.1,12343,4
E01004417,Waltham Forest 005C,E09000031,Waltham Forest,23.1,12004,4,0.1,12487,4,0.1,14255,5,16.7,16028,5,-0.1,17699,6,0.7,6290,2,30.9,6339,2,32.2,7618,3
E01004418,Waltham Forest 008D,E09000031,Waltham Forest,19.4,14916,5,0.1,13314,5,0.1,18354,6,15.7,16850,6,-0.4,22740,7,0.4,9911,4,30.2,6842,3,31.6,7933,3
E01004419,Waltham Forest 008E,E09000031,Waltham Forest,21.1,13460,5,0.1,18459,6,0.1,20853,7,15.2,17203,6,-0.7,26058,8,0.5,9748,3,38.4,2688,1,49.5,1992,1
E01004420,Waltham Forest 020C,E09000031,Waltham Forest,42.1,3684,2,0.2,4293,2,0.2,6072,2,22.4,12303,4,0.5,8746,3,1.1,3130,1,45.7,939,1,45.3,2823,1
E01004421,Waltham Forest 018B,E09000031,Waltham Forest,25.0,10740,4,0.2,9840,3,0.1,12132,4,16.4,16291,5,-0.5,23472,8,0.4,10195,4,35.8,3735,2,37.9,5031,2
E01004422,Waltham Forest 022A,E09000031,Waltham Forest,26.9,9657,3,0.2,10359,4,0.1,13383,5,31.4,8046,3,-0.6,24344,8,0.6,7376,3,36.8,3284,1,35.8,5887,2
E01004423,Waltham Forest 020D,E09000031,Waltham Forest,36.0,5540,2,0.2,7941,3,0.1,9965,4,22.1,12468,4,0.8,6261,2,0.6,8010,3,45.6,954,1,46.6,2537,1
E01004424,Waltham Forest 022B,E09000031,Waltham Forest,37.3,5128,2,0.2,5659,2,0.2,5946,2,23.5,11628,4,0.3,11304,4,0.4,10014,4,43.0,1438,1,44.8,2956,1
E01004425,Waltham Forest 022C,E09000031,Waltham Forest,25.8,10288,4,0.2,7388,3,0.1,13188,5,16.8,15973,5,-0.3,20091,7,0.2,13319,5,35.8,3706,2,36.6,5549,2
E01004426,Waltham Forest 022D,E09000031,Waltham Forest,25.4,10530,4,0.1,11444,4,0.1,15835,5,17.8,15273,5,-0.2,18735,6,0.8,5640,2,35.1,4032,2,41.1,3922,2
E01004427,Waltham Forest 022E,E09000031,Waltham Forest,21.6,13096,4,0.1,13305,5,0.1,20483,7,19.8,13893,5,-0.6,24143,8,0.2,12783,4,41.9,1684,1,33.2,7089,3
E01004428,Waltham Forest 026B,E09000031,Waltham Forest,39.6,4387,2,0.3,1991,1,0.2,3578,2,23.2,11802,4,0.2,13055,4,0.2,13414,5,41.1,1910,1,20.0,15250,5
E01004429,Waltham Forest 026C,E09000031,Waltham Forest,23.3,11880,4,0.1,11331,4,0.1,12269,4,16.1,16527,6,-0.2,19032,6,0.0,16528,6,41.0,1938,1,24.0,12393,4
E01004430,Waltham Forest 026D,E09000031,Waltham Forest,24.4,11129,4,0.1,14643,5,0.1,20997,7,9.7,22123,7,0.1,14881,5,0.9,4538,2,40.1,2172,1,44.7,2978,1
E01004432,Waltham Forest 023D,E09000031,Waltham Forest,26.4,9936,4,0.1,10858,4,0.1,16024,5,12.7,19326,6,-0.3,19880,7,1.0,3899,2,35.9,3672,2,46.5,2542,1
E01004434,Waltham Forest 026E,E09000031,Waltham Forest,27.8,9155,3,0.2,7621,3,0.1,10342,4,21.2,13034,4,-0.2,19707,7,0.2,13299,5,41.4,1819,1,28.8,9530,3
E01004435,Waltham Forest 023E,E09000031,Waltham Forest,29.0,8481,3,0.2,10412,4,0.1,12005,4,21.0,13145,5,0.1,14074,5,0.6,7306,3,43.0,1426,1,35.2,6135,2
E01004436,Waltham Forest 021B,E09000031,Waltham Forest,26.6,9833,3,0.1,13718,5,0.1,14130,5,10.6,21233,7,-0.3,20047,7,0.8,5834,2,43.2,1399,1,47.3,2390,1
E01004437,Waltham Forest 021C,E09000031,Waltham Forest,25.7,10395,4,0.2,10137,4,0.1,12331,4,11.4,20517,7,-0.1,17004,6,0.2,13177,5,36.7,3325,2,43.8,3201,1
E01004438,Waltham Forest 024C,E09000031,Waltham Forest,20.9,13609,5,0.1,16287,5,0.1,19491,6,8.0,23997,8,-0.1,17544,6,0.6,8202,3,35.8,3726,2,42.1,3634,2
E01004439,Waltham Forest 021D,E09000031,Waltham Forest,19.0,15233,5,0.1,12872,4,0.1,21525,7,10.6,21247,7,-0.2,18393,6,0.1,14612,5,35.1,4039,2,32.1,7674,3
E01004440,Waltham Forest 024D,E09000031,Waltham Forest,25.9,10223,4,0.1,15485,5,0.1,15845,5,12.1,19840,7,-0.3,20832,7,0.9,4828,2,34.7,4198,2,60.4,651,1
E01004441,Waltham Forest 024E,E09000031,Waltham Forest,18.8,15444,5,0.1,17272,6,0.1,22629,7,6.5,25639,8,-0.6,25064,8,0.4,11045,4,35.2,3975,2,48.2,2226,1
E01004442,Waltham Forest 021E,E09000031,Waltham Forest,13.8,20152,7,0.1,20983,7,0.1,24420,8,5.3,26966,9,-0.6,24462,8,-0.6,24776,8,30.7,6477,2,42.4,3549,2
E01004443,Waltham Forest 016E,E09000031,Waltham Forest,31.4,7369,3,0.2,8790,3,0.1,11404,4,16.3,16326,5,0.2,13377,5,1.3,1572,1,38.2,2770,1,35.3,6080,2
E01004444,Waltham Forest 017D,E09000031,Waltham Forest,34.3,6152,2,0.2,5529,2,0.1,9868,4,22.1,12497,4,0.3,12156,4,0.8,5595,2,44.0,1236,1,34.0,6698,3
E01004445,Waltham Forest 018C,E09000031,Waltham Forest,28.8,8617,3,0.2,8986,3,0.1,13124,4,18.2,14962,5,0.4,10458,4,0.9,4761,2,37.7,2928,1,30.8,8361,3
E01004446,Waltham Forest 017E,E09000031,Waltham Forest,23.4,11752,4,0.1,11482,4,0.1,15311,5,16.2,16442,6,-0.4,22410,7,0.4,10521,4,34.4,4381,2,41.6,3776,2
E01004447,Waltham Forest 016F,E09000031,Waltham Forest,16.8,17154,6,0.1,16606,6,0.1,21680,7,15.0,17323,6,-0.8,26685,9,-0.1,18756,6,33.0,5105,2,36.4,5621,2
E01004448,Waltham Forest 018D,E09000031,Waltham Forest,26.7,9772,3,0.1,11849,4,0.1,12373,4,17.9,15226,5,-0.2,19177,6,1.0,3582,2,37.5,3015,1,33.5,6969,3
E01004449,Waltham Forest 018E,E09000031,Waltham Forest,46.3,2803,1,0.3,1360,1,0.2,3040,1,33.3,7329,3,0.2,13382,5,1.0,3261,1,42.5,1548,1,18.5,16413,5
E01004450,Waltham Forest 006A,E09000031,Waltham Forest,15.9,18040,6,0.1,21085,7,0.1,19782,7,17.1,15721,5,-0.4,21884,7,0.2,12856,4,27.4,8888,3,31.1,8192,3
E01004451,Waltham Forest 005D,E09000031,Waltham Forest,16.1,17874,6,0.1,16820,6,0.1,20052,7,19.7,13953,5,-1.1,29385,9,0.2,13591,5,28.2,8241,3,28.0,9968,4
E01004452,Waltham Forest 005E,E09000031,Waltham Forest,24.8,10862,4,0.2,10270,4,0.1,11698,4,26.1,10256,4,-0.2,19163,6,0.4,10034,4,30.0,6956,3,31.0,8229,3
E01004453,Waltham Forest 006B,E09000031,Waltham Forest,25.8,10327,4,0.1,13408,5,0.1,15604,5,18.7,14620,5,-0.2,18391,6,0.7,6005,2,44.2,1211,1,33.8,6819,3
E01004454,Waltham Forest 006C,E09000031,Waltham Forest,24.4,11139,4,0.2,10538,4,0.1,15965,5,19.5,14084,5,-0.2,19023,6,0.3,12229,4,42.2,1602,1,29.6,9058,3
E01004455,Waltham Forest 006D,E09000031,Waltham Forest,29.4,8328,3,0.2,8173,3,0.1,10736,4,23.6,11554,4,-0.1,17427,6,1.2,2303,1,32.8,5197,2,27.6,10168,4
E01004456,Waltham Forest 006E,E09000031,Waltham Forest,42.7,3536,2,0.3,1842,1,0.2,2466,1,31.4,8045,3,0.3,11042,4,0.3,12401,4,38.5,2661,1,19.3,15829,5
E01004457,Waltham Forest 012B,E09000031,Waltham Forest,20.5,13953,5,0.1,11430,4,0.1,14323,5,7.2,24775,8,-0.3,20144,7,0.3,11246,4,30.2,6827,3,32.5,7456,3
E01004458,Waltham Forest 012C,E09000031,Waltham Forest,26.2,10047,4,0.2,9216,3,0.1,14223,5,22.1,12458,4,-0.2,18624,6,0.4,10458,4,34.4,4385,2,41.1,3918,2
E01004459,Waltham Forest 012D,E09000031,Waltham Forest,43.4,3379,2,0.3,1347,1,0.2,3753,2,38.8,5698,2,0.1,14748,5,0.3,11207,4,42.2,1625,1,19.8,15425,5
E01004460,Waltham Forest 011D,E09000031,Waltham Forest,29.8,8097,3,0.2,8386,3,0.1,11512,4,17.7,15358,5,0.6,7994,3,0.6,8215,3,35.7,3749,2,37.2,5303,2
E01004461,Waltham Forest 014E,E09000031,Waltham Forest,15.2,18694,6,0.1,17113,6,0.1,24340,8,10.7,21180,7,-1.0,28537,9,-0.4,22153,7,35.0,4079,2,35.6,5977,2
E01004462,Waltham Forest 011E,E09000031,Waltham Forest,23.8,11471,4,0.1,12714,4,0.1,15760,5,11.8,20111,7,0.1,14603,5,0.4,11023,4,40.9,1945,1,34.8,6316,2
E01004463,Waltham Forest 012E,E09000031,Waltham Forest,15.0,18935,6,0.1,15357,5,0.1,23414,8,12.4,19593,6,-0.7,26138,8,0.1,15041,5,30.0,6997,3,26.2,11071,4
E01004464,Waltham Forest 013C,E09000031,Waltham Forest,37.5,5047,2,0.3,3173,1,0.2,6381,2,25.6,10520,4,0.2,13591,5,0.8,5864,2,42.6,1526,1,24.0,12435,4
E01004465,Waltham Forest 015B,E09000031,Waltham Forest,18.1,16047,5,0.1,14524,5,0.1,16197,5,7.7,24237,8,-0.1,17088,6,-0.2,20098,7,27.2,9044,3,37.1,5364,2
E01004466,Waltham Forest 015C,E09000031,Waltham Forest,14.8,19125,6,0.1,16109,5,0.1,23409,8,6.3,25838,8,-0.3,20347,7,0.0,16956,6,25.7,10485,4,35.3,6087,2
E01004467,Waltham Forest 015D,E09000031,Waltham Forest,29.6,8188,3,0.2,6853,3,0.1,11210,4,14.8,17465,6,0.1,14583,5,-0.1,18096,6,42.8,1476,1,42.6,3517,2
E01004468,Waltham Forest 015E,E09000031,Waltham Forest,17.9,16258,5,0.1,18667,6,0.1,22110,7,9.2,22659,7,-0.6,24560,8,0.4,10169,4,38.0,2838,1,35.7,5934,2
E01004469,Waltham Forest 013D,E09000031,Waltham Forest,39.5,4431,2,0.3,3438,2,0.2,4087,2,23.5,11592,4,0.1,13897,5,0.4,11009,4,49.3,418,1,24.6,12034,4
E01004470,Waltham Forest 013E,E09000031,Waltham Forest,34.3,6157,2,0.2,8584,3,0.1,8997,3,26.0,10321,4,0.1,14449,5,1.0,3314,2,39.4,2388,1,45.6,2761,1
E01004471,Waltham Forest 013F,E09000031,Waltham Forest,32.8,6772,3,0.2,6187,2,0.1,10888,4,15.4,17021,6,0.2,13469,5,0.6,7742,3,40.1,2152,1,49.8,1947,1
E01033153,Waltham Forest 020G,E09000031,Waltham Forest,38.1,4853,2,0.3,2293,1,0.2,5499,2,27.3,9667,3,0.1,15235,5,0.0,16008,5,43.2,1395,1,27.4,10332,4
E01004472,Wandsworth 021A,E09000032,Wandsworth,9.9,24666,8,0.1,25966,8,0.0,30238,10,4.3,28123,9,-0.6,24225,8,0.7,6581,3,19.1,17802,6,25.8,11278,4
E01004473,Wandsworth 026A,E09000032,Wandsworth,11.9,22310,7,0.1,19712,7,0.1,24163,8,0.3,32655,10,-0.1,17465,6,0.2,14189,5,21.3,15118,5,27.1,10501,4
E01004474,Wandsworth 021B,E09000032,Wandsworth,17.5,16534,6,0.1,15734,5,0.1,21772,7,8.9,22958,7,-0.1,17721,6,0.6,7773,3,26.4,9815,3,33.4,7020,3
E01004475,Wandsworth 026B,E09000032,Wandsworth,16.0,17970,6,0.1,15982,5,0.1,22538,7,0.9,32126,10,-0.1,18324,6,0.6,8122,3,22.5,13772,5,37.6,5135,2
E01004476,Wandsworth 021C,E09000032,Wandsworth,13.6,20382,7,0.1,18574,6,0.1,22719,7,4.5,27949,9,-0.3,20400,7,0.2,13544,5,26.5,9753,3,27.9,10014,4
E01004477,Wandsworth 017A,E09000032,Wandsworth,5.1,30427,10,0.0,31331,10,0.0,32767,10,0.3,32670,10,-1.3,30607,10,0.0,17046,6,12.7,25785,8,29.9,8900,3
E01004478,Wandsworth 017B,E09000032,Wandsworth,4.4,31143,10,0.0,31752,10,0.0,32397,10,0.0,32840,10,-1.1,29716,10,-0.6,25257,8,10.6,28036,9,31.4,8044,3
E01004479,Wandsworth 017C,E09000032,Wandsworth,10.2,24219,8,0.0,27392,9,0.0,26645,9,5.5,26778,9,-0.9,28226,9,0.1,15039,5,25.9,10219,4,32.5,7455,3
E01004480,Wandsworth 026C,E09000032,Wandsworth,7.2,28021,9,0.0,27461,9,0.0,31887,10,2.0,30904,10,-0.7,25893,8,0.0,15988,5,15.8,21923,7,31.2,8155,3
E01004481,Wandsworth 029A,E09000032,Wandsworth,15.2,18761,6,0.1,17594,6,0.1,21179,7,1.8,31137,10,-0.1,17340,6,0.3,11613,4,24.0,12156,4,34.6,6414,2
E01004482,Wandsworth 030A,E09000032,Wandsworth,15.1,18803,6,0.1,17938,6,0.1,20215,7,5.8,26328,9,-0.3,20657,7,0.4,10672,4,25.1,11036,4,30.9,8319,3
E01004483,Wandsworth 026D,E09000032,Wandsworth,14.0,19926,7,0.1,18494,6,0.0,30253,10,3.6,29050,9,-0.6,25225,8,0.2,13337,5,31.1,6209,2,39.8,4318,2
E01004484,Wandsworth 026E,E09000032,Wandsworth,18.3,15837,5,0.1,16191,5,0.1,23706,8,4.9,27376,9,-0.3,20379,7,0.7,6927,3,39.4,2380,1,28.5,9678,3
E01004485,Wandsworth 030B,E09000032,Wandsworth,16.1,17817,6,0.1,14618,5,0.1,23987,8,4.6,27786,9,-0.2,18599,6,0.1,15806,5,25.9,10307,4,40.2,4185,2
E01004486,Wandsworth 026F,E09000032,Wandsworth,17.6,16426,6,0.1,16789,6,0.1,22953,7,1.8,31115,10,0.0,15445,5,0.5,9079,3,36.6,3372,2,29.1,9314,3
E01004487,Wandsworth 030C,E09000032,Wandsworth,21.4,13248,5,0.1,13759,5,0.1,11651,4,2.1,30728,10,0.0,15899,5,0.2,12835,4,36.1,3608,2,30.6,8442,3
E01004488,Wandsworth 029B,E09000032,Wandsworth,14.6,19364,6,0.1,21207,7,0.1,20030,7,0.8,32213,10,-0.5,23179,8,0.0,16575,6,26.7,9555,3,43.6,3268,1
E01004489,Wandsworth 030D,E09000032,Wandsworth,26.9,9627,3,0.1,13307,5,0.1,14104,5,8.3,23619,8,0.3,11150,4,0.4,10350,4,27.1,9149,3,68.3,136,1
E01004490,Wandsworth 031A,E09000032,Wandsworth,7.2,28015,9,0.0,29773,10,0.0,31990,10,0.9,32078,10,-0.8,27498,9,0.0,17207,6,14.3,23841,8,38.5,4799,2
E01004491,Wandsworth 031B,E09000032,Wandsworth,14.2,19740,7,0.1,22228,7,0.0,28925,9,10.7,21194,7,-0.5,23889,8,-1.0,29401,9,46.3,839,1,24.0,12419,4
E01004492,Wandsworth 031C,E09000032,Wandsworth,15.5,18414,6,0.1,16081,5,0.1,17762,6,3.4,29284,9,-0.1,18302,6,-0.2,19586,6,27.0,9241,3,31.3,8095,3
E01004493,Wandsworth 019A,E09000032,Wandsworth,13.6,20364,7,0.1,15560,5,0.1,21192,7,3.4,29254,9,-0.2,19049,6,0.1,15161,5,21.2,15214,5,26.6,10781,4
E01004494,Wandsworth 018A,E09000032,Wandsworth,19.1,15151,5,0.1,11783,4,0.1,13466,5,4.7,27684,9,0.0,15606,5,0.2,13052,4,25.8,10368,4,26.1,11104,4
E01004495,Wandsworth 024A,E09000032,Wandsworth,23.5,11697,4,0.2,5393,2,0.1,12126,4,9.7,22116,7,-0.1,18296,6,0.2,13811,5,28.5,8054,3,20.9,14602,5
E01004496,Wandsworth 024B,E09000032,Wandsworth,12.0,22187,7,0.1,21678,7,0.0,24967,8,5.1,27143,9,-0.1,18064,6,0.0,16487,6,23.9,12208,4,28.5,9664,3
E01004497,Wandsworth 024C,E09000032,Wandsworth,16.4,17512,6,0.1,13820,5,0.1,14756,5,7.7,24230,8,-0.1,17893,6,-0.6,25495,8,20.6,15964,5,33.1,7141,3
E01004498,Wandsworth 031D,E09000032,Wandsworth,8.7,26162,8,0.1,22774,7,0.0,27942,9,1.9,30961,10,-0.4,21646,7,-0.2,19791,7,16.2,21398,7,28.9,9466,3
E01004499,Wandsworth 020A,E09000032,Wandsworth,13.8,20104,7,0.1,17347,6,0.0,25913,8,8.6,23335,8,-0.2,19847,7,0.0,16450,6,26.0,10174,4,31.3,8097,3
E01004500,Wandsworth 014A,E09000032,Wandsworth,10.9,23432,8,0.1,20242,7,0.0,28852,9,3.1,29618,10,-0.5,23446,8,-1.0,28826,9,32.2,5529,2,28.0,9945,4
E01004501,Wandsworth 014B,E09000032,Wandsworth,17.7,16374,5,0.1,12589,4,0.1,15559,5,6.6,25477,8,-0.1,17182,6,-0.2,20319,7,29.3,7473,3,25.9,11252,4
E01004502,Wandsworth 020B,E09000032,Wandsworth,9.4,25288,8,0.0,29076,9,0.0,29301,9,0.2,32731,10,-1.2,30102,10,0.3,12092,4,21.1,15341,5,40.1,4223,2
E01004503,Wandsworth 014C,E09000032,Wandsworth,18.5,15634,5,0.1,14850,5,0.1,17943,6,8.0,23959,8,0.2,13338,5,-0.3,21487,7,30.3,6777,3,36.0,5828,2
E01004504,Wandsworth 020C,E09000032,Wandsworth,9.8,24721,8,0.1,20579,7,0.0,30273,10,0.7,32354,10,-1.0,28710,9,-0.3,21077,7,21.3,15085,5,38.8,4669,2
E01004505,Wandsworth 014D,E09000032,Wandsworth,7.8,27364,9,0.0,28360,9,0.0,32415,10,0.5,32516,10,-1.5,31550,10,-0.7,25842,8,30.7,6467,2,31.3,8110,3
E01004506,Wandsworth 011A,E09000032,Wandsworth,9.5,25152,8,0.1,25163,8,0.0,30303,10,6.4,25710,8,-1.0,28600,9,-0.1,18135,6,23.7,12444,4,33.7,6833,3
E01004507,Wandsworth 014E,E09000032,Wandsworth,8.7,26239,8,0.1,22845,7,0.0,30249,10,4.5,27933,9,-1.2,30369,10,-0.7,26781,9,25.3,10835,4,31.2,8162,3
E01004508,Wandsworth 012A,E09000032,Wandsworth,10.8,23599,8,0.1,21666,7,0.0,27178,9,6.4,25679,8,-0.9,28343,9,-0.4,22783,7,22.9,13311,5,37.4,5197,2
E01004509,Wandsworth 010A,E09000032,Wandsworth,15.8,18176,6,0.1,18753,6,0.1,24777,8,6.8,25295,8,-0.3,20312,7,0.8,5722,2,28.2,8263,3,29.9,8849,3
E01004510,Wandsworth 012B,E09000032,Wandsworth,8.8,26091,8,0.1,25221,8,0.0,29792,10,4.2,28327,9,-0.9,27807,9,0.1,14986,5,22.8,13394,5,27.6,10224,4
E01004511,Wandsworth 010B,E09000032,Wandsworth,8.1,26969,9,0.0,29815,10,0.0,31958,10,0.6,32473,10,-0.6,25132,8,0.1,14375,5,18.9,18042,6,36.2,5729,2
E01004512,Wandsworth 019B,E09000032,Wandsworth,12.5,21622,7,0.1,21567,7,0.1,20867,7,3.8,28723,9,-0.6,24404,8,0.3,12722,4,22.8,13395,5,30.9,8323,3
E01004513,Wandsworth 018B,E09000032,Wandsworth,18.3,15875,5,0.1,10913,4,0.1,21776,7,9.8,22072,7,-0.1,17050,6,0.4,9854,4,27.4,8937,3,25.5,11484,4
E01004514,Wandsworth 012C,E09000032,Wandsworth,9.3,25454,8,0.1,25037,8,0.0,28084,9,2.8,29933,10,-0.3,21221,7,-0.1,18789,6,18.1,19015,6,32.9,7271,3
E01004515,Wandsworth 012D,E09000032,Wandsworth,14.8,19074,6,0.1,16511,6,0.1,19737,7,2.5,30294,10,-0.2,18516,6,0.2,13835,5,29.1,7584,3,22.9,13210,5
E01004516,Wandsworth 036A,E09000032,Wandsworth,12.3,21815,7,0.1,21785,7,0.1,24465,8,2.4,30445,10,-0.9,28119,9,0.0,16442,6,24.7,11450,4,41.1,3911,2
E01004517,Wandsworth 037A,E09000032,Wandsworth,14.9,18989,6,0.1,14712,5,0.1,19740,7,6.4,25708,8,-0.6,25286,8,0.0,16415,5,29.8,7133,3,24.5,12116,4
E01004518,Wandsworth 036B,E09000032,Wandsworth,13.0,20999,7,0.1,17956,6,0.1,21559,7,2.9,29890,10,-1.0,28562,9,-0.1,17619,6,21.9,14387,5,39.3,4521,2
E01004519,Wandsworth 036C,E09000032,Wandsworth,16.6,17332,6,0.1,14140,5,0.1,20385,7,6.4,25714,8,-0.3,20814,7,0.2,12776,4,26.7,9556,3,33.6,6887,3
E01004520,Wandsworth 036D,E09000032,Wandsworth,16.5,17433,6,0.1,12870,4,0.1,19183,6,9.3,22609,7,-0.7,26160,8,-0.2,19095,6,27.7,8693,3,34.1,6643,3
E01004521,Wandsworth 037B,E09000032,Wandsworth,16.4,17534,6,0.1,12947,4,0.1,17349,6,14.3,17927,6,-0.6,25277,8,-0.2,20166,7,25.0,11131,4,28.4,9735,3
E01004522,Wandsworth 037C,E09000032,Wandsworth,18.3,15866,5,0.2,10536,4,0.1,16630,6,10.2,21638,7,-0.7,26080,8,-0.1,18146,6,27.0,9224,3,33.5,6929,3
E01004523,Wandsworth 036E,E09000032,Wandsworth,19.1,15182,5,0.1,12964,4,0.1,18877,6,4.4,28005,9,-0.4,21742,7,0.3,11649,4,33.0,5091,2,37.3,5268,2
E01004524,Wandsworth 037D,E09000032,Wandsworth,35.0,5868,2,0.3,3978,2,0.2,5026,2,26.7,9985,4,0.7,7206,3,-0.1,18236,6,33.5,4816,2,22.5,13488,5
E01004525,Wandsworth 035A,E09000032,Wandsworth,21.6,13131,4,0.1,13828,5,0.1,19797,7,8.1,23875,8,-0.2,19229,6,1.0,3504,2,31.1,6200,2,38.6,4769,2
E01004526,Wandsworth 035B,E09000032,Wandsworth,22.8,12185,4,0.2,10506,4,0.1,16773,6,6.9,25118,8,0.1,14572,5,0.9,4292,2,26.9,9389,3,35.8,5914,2
E01004527,Wandsworth 035C,E09000032,Wandsworth,15.3,18676,6,0.1,17825,6,0.0,28295,9,5.3,27004,9,-0.5,23241,8,0.8,5798,2,26.1,10062,4,36.6,5527,2
E01004528,Wandsworth 035D,E09000032,Wandsworth,28.7,8673,3,0.2,6581,3,0.1,9171,3,16.6,16090,5,0.3,12313,4,0.5,9423,3,32.0,5679,2,30.4,8593,3
E01004529,Wandsworth 035E,E09000032,Wandsworth,13.5,20554,7,0.1,16023,5,0.0,26333,9,4.3,28217,9,-0.6,24576,8,0.0,16557,6,25.7,10503,4,35.5,6029,2
E01004530,Wandsworth 035F,E09000032,Wandsworth,15.2,18736,6,0.1,13998,5,0.1,19125,6,2.8,30030,10,-0.4,22552,7,-0.1,18745,6,27.0,9257,3,30.9,8298,3
E01004531,Wandsworth 033A,E09000032,Wandsworth,25.3,10579,4,0.2,7721,3,0.1,12229,4,6.2,25986,8,0.4,10749,4,0.0,16122,5,27.7,8712,3,43.4,3332,2
E01004532,Wandsworth 032A,E09000032,Wandsworth,16.1,17810,6,0.1,12163,4,0.1,15702,5,4.7,27703,9,-0.3,20415,7,-0.3,21080,7,24.3,11861,4,26.7,10773,4
E01004533,Wandsworth 033B,E09000032,Wandsworth,27.0,9564,3,0.2,7773,3,0.1,8684,3,15.2,17177,6,0.1,15238,5,0.5,9258,3,27.0,9223,3,35.3,6086,2
E01004534,Wandsworth 008A,E09000032,Wandsworth,13.5,20468,7,0.1,24658,8,0.0,29741,10,1.1,31900,10,-0.7,26008,8,1.1,2636,1,18.6,18390,6,41.6,3763,2
E01004535,Wandsworth 007A,E09000032,Wandsworth,37.7,4970,2,0.3,2986,1,0.2,4895,2,18.8,14572,5,0.7,6581,3,0.5,9457,3,36.3,3490,2,23.3,12919,4
E01004536,Wandsworth 008B,E09000032,Wandsworth,23.5,11674,4,0.1,11491,4,0.1,17489,6,8.8,23123,8,0.1,14290,5,0.0,16520,6,30.9,6314,2,55.4,1133,1
E01004537,Wandsworth 007B,E09000032,Wandsworth,33.4,6489,2,0.2,4805,2,0.1,8270,3,13.7,18401,6,0.4,10694,4,0.8,5180,2,40.5,2056,1,27.2,10408,4
E01004538,Wandsworth 007C,E09000032,Wandsworth,25.1,10702,4,0.2,7367,3,0.1,12349,4,18.0,15153,5,-0.2,19210,6,0.3,11742,4,34.7,4204,2,26.2,11036,4
E01004539,Wandsworth 003A,E09000032,Wandsworth,34.1,6208,2,0.3,3838,2,0.2,6111,2,15.3,17144,6,0.3,12132,4,0.6,8036,3,37.4,3072,1,26.8,10677,4
E01004540,Wandsworth 003B,E09000032,Wandsworth,26.4,9942,4,0.2,8140,3,0.1,9605,3,5.9,26305,9,0.1,14922,5,0.6,7185,3,31.8,5757,2,34.2,6586,3
E01004541,Wandsworth 007D,E09000032,Wandsworth,38.6,4700,2,0.3,3415,2,0.2,4990,2,21.2,13040,4,0.7,6814,3,1.0,3914,2,33.7,4721,2,24.9,11867,4
E01004542,Wandsworth 021D,E09000032,Wandsworth,7.0,28352,9,0.0,26525,9,0.0,29682,10,0.8,32225,10,-0.9,27784,9,-0.2,19235,6,19.1,17771,6,27.1,10475,4
E01004543,Wandsworth 027A,E09000032,Wandsworth,7.9,27182,9,0.0,26608,9,0.0,30109,10,0.1,32827,10,-0.8,27316,9,0.0,16404,5,22.2,14125,5,28.8,9471,3
E01004544,Wandsworth 021E,E09000032,Wandsworth,12.1,22063,7,0.1,21169,7,0.0,26164,8,0.3,32715,10,-0.5,23635,8,0.7,7014,3,19.4,17363,6,32.8,7275,3
E01004545,Wandsworth 027B,E09000032,Wandsworth,10.6,23829,8,0.0,28935,9,0.0,30680,10,2.5,30342,10,-0.9,27894,9,0.3,11447,4,25.4,10769,4,40.6,4069,2
E01004546,Wandsworth 027C,E09000032,Wandsworth,6.6,28753,9,0.0,27321,9,0.0,28836,9,2.5,30326,10,-0.6,24672,8,-0.3,21736,7,17.0,20441,7,24.0,12451,4
E01004547,Wandsworth 029C,E09000032,Wandsworth,20.3,14054,5,0.1,11970,4,0.1,9731,3,5.8,26413,9,-0.1,17573,6,0.2,13408,5,27.3,8985,3,23.1,13024,4
E01004548,Wandsworth 029D,E09000032,Wandsworth,17.5,16560,6,0.1,15021,5,0.1,20576,7,5.6,26594,9,0.0,16228,5,0.1,14336,5,28.7,7897,3,36.4,5623,2
E01004549,Wandsworth 027D,E09000032,Wandsworth,19.3,14976,5,0.1,16947,6,0.1,15212,5,7.8,24150,8,0.5,8891,3,0.2,12796,4,25.9,10232,4,30.2,8702,3
E01004550,Wandsworth 017D,E09000032,Wandsworth,13.2,20846,7,0.1,14660,5,0.0,27298,9,4.1,28388,9,-0.1,17976,6,0.2,14061,5,26.1,10097,4,20.4,15020,5
E01004551,Wandsworth 012E,E09000032,Wandsworth,17.5,16564,6,0.1,20871,7,0.1,24355,8,5.5,26743,9,-0.3,20999,7,0.8,4911,2,28.1,8377,3,44.9,2936,1
E01004552,Wandsworth 008C,E09000032,Wandsworth,10.7,23714,8,0.0,31050,10,0.0,32398,10,12.4,19596,6,-0.8,27242,9,0.6,8232,3,20.9,15614,5,36.9,5444,2
E01004553,Wandsworth 015A,E09000032,Wandsworth,11.3,23022,8,0.1,22879,7,0.0,27826,9,1.7,31187,10,-0.4,22268,7,0.5,8794,3,23.7,12447,4,27.8,10087,4
E01004554,Wandsworth 009A,E09000032,Wandsworth,6.5,28864,9,0.0,31448,10,0.0,32565,10,0.1,32820,10,-1.2,29968,10,0.2,12975,4,13.0,25419,8,35.3,6103,2
E01004555,Wandsworth 017E,E09000032,Wandsworth,4.8,30653,10,0.0,32188,10,0.0,32258,10,0.1,32819,10,-1.5,31566,10,-0.5,23251,8,12.4,26089,8,34.1,6645,3
E01004556,Wandsworth 009B,E09000032,Wandsworth,4.7,30796,10,0.0,30276,10,0.0,32426,10,0.2,32786,10,-1.2,30484,10,-0.6,25410,8,10.2,28417,9,33.0,7211,3
E01004557,Wandsworth 015B,E09000032,Wandsworth,8.3,26658,9,0.1,24681,8,0.0,25773,8,1.1,31954,10,-0.7,26198,8,-0.7,25900,8,19.3,17552,6,32.2,7596,3
E01004558,Wandsworth 015C,E09000032,Wandsworth,5.8,29652,10,0.1,25294,8,0.0,29661,10,1.0,32038,10,-1.4,31153,10,-0.3,20682,7,15.0,22974,7,23.7,12609,4
E01004559,Wandsworth 015D,E09000032,Wandsworth,7.6,27575,9,0.0,26612,9,0.0,31010,10,0.1,32816,10,-1.1,29415,9,-0.2,19142,6,19.7,17013,6,34.5,6473,2
E01004560,Wandsworth 001A,E09000032,Wandsworth,17.4,16606,6,0.1,20112,7,0.0,27642,9,3.4,29228,9,-0.6,25077,8,0.9,4050,2,25.6,10551,4,53.3,1393,1
E01004562,Wandsworth 002B,E09000032,Wandsworth,29.9,8087,3,0.2,5789,2,0.1,10182,4,15.2,17247,6,-0.1,16916,6,0.2,13812,5,34.3,4440,2,47.8,2294,1
E01004563,Wandsworth 002C,E09000032,Wandsworth,30.5,7775,3,0.2,9272,3,0.1,13645,5,8.5,23419,8,-0.1,17155,6,0.5,8910,3,37.9,2868,1,72.5,59,1
E01004564,Wandsworth 002D,E09000032,Wandsworth,18.5,15699,5,0.1,15247,5,0.1,17250,6,7.7,24241,8,0.2,12421,4,0.0,15942,5,28.4,8134,3,32.1,7678,3
E01004565,Wandsworth 005A,E09000032,Wandsworth,19.3,15043,5,0.1,13789,5,0.1,16518,6,11.9,19997,7,0.0,16157,5,0.3,11530,4,24.3,11879,4,34.5,6457,2
E01004566,Wandsworth 001B,E09000032,Wandsworth,11.7,22476,7,0.1,24291,8,0.0,31569,10,4.3,28204,9,-0.8,27273,9,0.6,7775,3,21.4,15009,5,40.9,3977,2
E01004567,Wandsworth 002E,E09000032,Wandsworth,31.6,7246,3,0.3,4008,2,0.1,7483,3,17.5,15474,5,0.4,9949,4,-0.1,18081,6,38.6,2629,1,18.8,16194,5
E01004568,Wandsworth 013A,E09000032,Wandsworth,23.7,11579,4,0.2,8833,3,0.1,15427,5,23.7,11522,4,0.1,14136,5,0.4,10278,4,31.9,5719,2,18.6,16385,5
E01004569,Wandsworth 023A,E09000032,Wandsworth,24.7,10975,4,0.2,8984,3,0.1,11890,4,14.8,17516,6,0.2,13290,5,0.6,7447,3,30.0,6962,3,23.8,12543,4
E01004570,Wandsworth 023B,E09000032,Wandsworth,33.6,6433,2,0.3,4014,2,0.1,7301,3,26.9,9872,4,0.8,6255,2,0.2,13219,5,32.8,5218,2,16.6,17904,6
E01004571,Wandsworth 023C,E09000032,Wandsworth,24.6,11003,4,0.2,7520,3,0.1,13346,5,18.4,14806,5,-0.1,17179,6,0.5,8993,3,31.4,6003,2,23.9,12521,4
E01004572,Wandsworth 016A,E09000032,Wandsworth,23.0,12072,4,0.1,11228,4,0.1,14195,5,8.8,23140,8,-0.3,21091,7,1.1,3057,1,35.0,4076,2,21.6,14130,5
E01004573,Wandsworth 023D,E09000032,Wandsworth,27.3,9403,3,0.1,11518,4,0.1,12650,4,16.0,16549,6,0.0,15572,5,0.4,10305,4,45.5,974,1,36.3,5677,2
E01004574,Wandsworth 013B,E09000032,Wandsworth,34.9,5928,2,0.3,2967,1,0.1,6969,3,29.8,8648,3,0.7,7346,3,0.1,15782,5,33.9,4601,2,15.6,18722,6
E01004575,Wandsworth 013C,E09000032,Wandsworth,29.4,8305,3,0.2,6003,2,0.1,8976,3,13.1,18974,6,0.4,10852,4,0.1,15256,5,39.6,2307,1,26.9,10580,4
E01004576,Wandsworth 013D,E09000032,Wandsworth,26.6,9829,3,0.2,8070,3,0.1,9305,3,16.0,16529,6,0.2,12410,4,0.0,17216,6,38.8,2545,1,20.1,15213,5
E01004577,Wandsworth 003C,E09000032,Wandsworth,14.3,19652,6,0.1,19505,6,0.0,28149,9,2.3,30587,10,-0.2,19618,6,0.2,13252,5,26.7,9568,3,42.7,3474,2
E01004579,Wandsworth 004B,E09000032,Wandsworth,18.9,15348,5,0.1,14403,5,0.1,16820,6,2.9,29901,10,-0.3,20294,7,0.4,10205,4,25.9,10230,4,43.3,3341,2
E01004580,Wandsworth 004C,E09000032,Wandsworth,18.7,15480,5,0.1,15416,5,0.1,24605,8,1.8,31070,10,0.3,11318,4,0.6,8291,3,29.7,7166,3,38.6,4753,2
E01004581,Wandsworth 004D,E09000032,Wandsworth,15.4,18520,6,0.1,14197,5,0.1,21595,7,6.1,26031,8,-0.5,23169,8,-0.3,21312,7,28.0,8481,3,35.7,5953,2
E01004582,Wandsworth 001C,E09000032,Wandsworth,9.0,25733,8,0.1,23011,8,0.0,27437,9,3.5,29172,9,-1.8,32388,10,-0.7,26318,9,23.9,12253,4,34.6,6424,2
E01004583,Wandsworth 001D,E09000032,Wandsworth,12.3,21872,7,0.1,18389,6,0.0,26028,8,2.2,30723,10,-0.3,21126,7,0.1,15167,5,25.4,10762,4,29.1,9340,3
E01004584,Wandsworth 003D,E09000032,Wandsworth,32.1,7042,3,0.3,3117,1,0.1,7195,3,17.3,15611,5,0.3,11537,4,-0.5,23327,8,37.4,3045,1,22.9,13205,5
E01004585,Wandsworth 008D,E09000032,Wandsworth,10.1,24327,8,0.0,26313,9,0.0,30489,10,2.7,30100,10,-0.2,19069,6,0.1,15289,5,21.6,14806,5,34.9,6277,2
E01004586,Wandsworth 009C,E09000032,Wandsworth,10.2,24309,8,0.1,25179,8,0.0,29307,9,2.8,30011,10,-0.7,25354,8,-0.2,18987,6,21.4,14982,5,41.0,3932,2
E01004587,Wandsworth 009D,E09000032,Wandsworth,8.5,26459,9,0.0,28689,9,0.0,29789,10,1.7,31239,10,-0.7,25962,8,-0.1,18649,6,15.1,22882,7,41.8,3717,2
E01004588,Wandsworth 008E,E09000032,Wandsworth,12.9,21164,7,0.0,29559,9,0.0,29473,9,1.9,30999,10,-0.5,23131,8,0.8,5686,2,23.0,13242,5,45.7,2740,1
E01004589,Wandsworth 009E,E09000032,Wandsworth,7.6,27504,9,0.0,31103,10,0.0,32044,10,0.6,32461,10,-0.9,27681,9,-0.1,18868,6,16.5,21093,7,42.6,3496,2
E01004590,Wandsworth 005B,E09000032,Wandsworth,25.4,10520,4,0.2,8312,3,0.1,8324,3,7.0,25048,8,0.0,16442,6,0.4,10273,4,27.0,9306,3,35.9,5866,2
E01004591,Wandsworth 005C,E09000032,Wandsworth,18.6,15550,5,0.1,13156,5,0.1,15779,5,4.9,27370,9,0.0,16360,5,0.3,12459,4,27.0,9243,3,31.4,8079,3
E01004592,Wandsworth 005D,E09000032,Wandsworth,25.6,10399,4,0.2,8683,3,0.1,8907,3,12.0,19932,7,0.2,13376,5,0.3,11519,4,25.1,10962,4,36.3,5674,2
E01004593,Wandsworth 025A,E09000032,Wandsworth,8.5,26376,9,0.1,21578,7,0.0,28020,9,0.9,32125,10,-0.7,26074,8,-0.2,19717,7,21.5,14868,5,24.4,12153,4
E01004594,Wandsworth 020D,E09000032,Wandsworth,5.2,30272,10,0.0,31215,10,0.0,32226,10,0.3,32698,10,-1.2,30258,10,-0.4,21946,7,13.4,24921,8,33.3,7040,3
E01004595,Wandsworth 025B,E09000032,Wandsworth,8.2,26770,9,0.1,26075,8,0.0,30873,10,6.7,25370,8,-0.8,27193,9,-0.1,18036,6,19.7,17012,6,30.0,8821,3
E01004596,Wandsworth 020E,E09000032,Wandsworth,6.1,29297,9,0.0,31038,10,0.0,31325,10,0.2,32723,10,-0.9,27711,9,-0.5,23699,8,14.9,23097,8,36.4,5618,2
E01004597,Wandsworth 025C,E09000032,Wandsworth,12.0,22210,7,0.1,17539,6,0.1,19466,6,0.8,32269,10,-0.4,21753,7,-0.2,19033,6,19.2,17598,6,26.8,10672,4
E01004598,Wandsworth 025D,E09000032,Wandsworth,8.3,26755,9,0.0,27977,9,0.0,30529,10,2.6,30195,10,-0.5,23393,8,0.0,16275,5,14.5,23700,8,36.2,5744,2
E01004599,Wandsworth 025E,E09000032,Wandsworth,3.6,31858,10,0.0,30871,10,0.0,32206,10,0.5,32503,10,-1.1,29613,10,-1.0,29395,9,11.1,27575,9,25.5,11471,4
E01004600,Wandsworth 018C,E09000032,Wandsworth,27.9,9097,3,0.2,5796,2,0.1,9796,3,12.6,19413,6,-0.2,18853,6,0.2,13018,4,40.4,2069,1,26.8,10701,4
E01004601,Wandsworth 018D,E09000032,Wandsworth,19.4,14917,5,0.1,13116,4,0.1,20665,7,3.9,28629,9,-0.2,19834,7,0.9,4397,2,29.0,7662,3,33.8,6766,3
E01004602,Wandsworth 010C,E09000032,Wandsworth,9.6,25029,8,0.0,30850,10,0.0,32570,10,1.2,31774,10,-0.9,28143,9,0.4,11048,4,19.8,16842,6,45.2,2844,1
E01004604,Wandsworth 006A,E09000032,Wandsworth,7.8,27298,9,0.0,32578,10,0.0,32223,10,0.1,32823,10,-1.4,31341,10,0.2,13346,5,18.7,18275,6,41.5,3811,2
E01004605,Wandsworth 006B,E09000032,Wandsworth,12.6,21436,7,0.1,16528,6,0.1,18719,6,2.3,30533,10,-0.8,27244,9,-0.3,20808,7,25.2,10882,4,25.8,11265,4
E01004606,Wandsworth 006C,E09000032,Wandsworth,6.0,29425,9,0.0,32349,10,0.0,32676,10,0.9,32114,10,-1.0,28698,9,-0.6,25157,8,16.4,21137,7,38.5,4789,2
E01004607,Wandsworth 006D,E09000032,Wandsworth,6.9,28435,9,0.0,31137,10,0.0,31758,10,0.4,32571,10,-1.6,32043,10,0.0,17220,6,21.9,14480,5,34.0,6690,3
E01004608,Wandsworth 006E,E09000032,Wandsworth,15.7,18238,6,0.1,16638,6,0.1,23496,8,7.6,24412,8,-0.3,20057,7,0.7,6726,3,25.4,10738,4,28.1,9898,4
E01004609,Wandsworth 010E,E09000032,Wandsworth,11.2,23061,8,0.0,30978,10,0.0,32298,10,0.1,32796,10,-0.7,25407,8,0.4,10396,4,26.5,9696,3,46.3,2602,1
E01004610,Wandsworth 033C,E09000032,Wandsworth,19.9,14415,5,0.1,16033,5,0.1,20527,7,5.1,27178,9,-0.5,23157,8,1.2,2074,1,29.4,7364,3,36.1,5760,2
E01004611,Wandsworth 032B,E09000032,Wandsworth,15.9,18072,6,0.1,17617,6,0.1,22774,7,6.8,25227,8,-0.5,23079,8,0.4,10598,4,24.6,11500,4,41.3,3857,2
E01004612,Wandsworth 032C,E09000032,Wandsworth,21.0,13529,5,0.2,9773,3,0.1,15952,5,4.7,27689,9,-0.2,18869,6,0.4,10678,4,30.2,6831,3,35.0,6246,2
E01004613,Wandsworth 033D,E09000032,Wandsworth,32.5,6866,3,0.2,5454,2,0.1,13923,5,15.6,16859,6,0.0,16710,6,1.1,3119,1,35.1,4043,2,52.3,1537,1
E01004614,Wandsworth 034A,E09000032,Wandsworth,17.5,16536,6,0.1,12843,4,0.1,18315,6,14.0,18167,6,-0.1,16802,6,-0.6,25228,8,29.6,7255,3,26.0,11175,4
E01004615,Wandsworth 034B,E09000032,Wandsworth,37.1,5177,2,0.3,3832,2,0.2,5662,2,22.4,12306,4,0.7,7248,3,0.7,6151,2,35.6,3795,2,26.2,11043,4
E01004616,Wandsworth 034C,E09000032,Wandsworth,16.2,17793,6,0.1,16876,6,0.1,24444,8,10.6,21263,7,-0.4,21542,7,0.4,10687,4,32.6,5312,2,28.5,9669,3
E01004617,Wandsworth 034D,E09000032,Wandsworth,22.7,12245,4,0.1,10865,4,0.1,17269,6,15.6,16930,6,0.5,8532,3,0.1,14586,5,35.3,3966,2,21.3,14362,5
E01004618,Wandsworth 032D,E09000032,Wandsworth,13.3,20722,7,0.1,25933,8,0.0,30138,10,1.8,31073,10,-1.0,28835,9,1.5,1140,1,19.8,16909,6,33.2,7111,3
E01004619,Wandsworth 015E,E09000032,Wandsworth,13.6,20376,7,0.0,28248,9,0.0,29853,10,1.5,31491,10,-1.2,30087,10,1.2,2376,1,24.2,11888,4,42.3,3580,2
E01004620,Wandsworth 019C,E09000032,Wandsworth,13.6,20379,7,0.1,20599,7,0.1,21652,7,2.8,30022,10,-0.3,21379,7,0.0,17309,6,22.3,13945,5,41.2,3885,2
E01004621,Wandsworth 019D,E09000032,Wandsworth,16.2,17769,6,0.1,18550,6,0.1,24145,8,3.8,28815,9,-0.8,27095,9,0.6,8331,3,32.0,5670,2,40.3,4172,2
E01004622,Wandsworth 024D,E09000032,Wandsworth,21.1,13491,5,0.1,15587,5,0.1,21323,7,19.7,13927,5,-0.3,20480,7,0.3,12508,4,42.4,1556,1,32.0,7720,3
E01004623,Wandsworth 019E,E09000032,Wandsworth,8.8,25996,8,0.1,21745,7,0.0,26243,8,1.3,31661,10,-0.6,24739,8,-0.2,18910,6,21.7,14675,5,21.6,14134,5
E01004624,Wandsworth 024E,E09000032,Wandsworth,19.5,14815,5,0.1,14939,5,0.1,17019,6,8.6,23329,8,-0.2,18608,6,0.8,5496,2,31.4,6031,2,25.3,11561,4
E01004625,Wandsworth 027E,E09000032,Wandsworth,7.6,27625,9,0.0,32656,10,0.0,32552,10,0.8,32247,10,-1.5,31654,10,0.4,11088,4,23.9,12216,4,31.7,7878,3
E01004626,Wandsworth 027F,E09000032,Wandsworth,14.0,19942,7,0.1,25010,8,0.1,21835,7,0.5,32521,10,0.3,12046,4,0.3,11305,4,26.0,10198,4,30.4,8592,3
E01004627,Wandsworth 019F,E09000032,Wandsworth,10.1,24322,8,0.1,22114,7,0.1,23208,8,1.4,31605,10,-1.0,28978,9,-0.4,22729,7,23.3,12823,4,32.7,7336,3
E01004628,Wandsworth 022A,E09000032,Wandsworth,23.4,11763,4,0.1,13830,5,0.1,12949,4,5.3,26946,9,1.1,3664,2,-0.7,26755,9,38.0,2819,1,21.5,14156,5
E01004629,Wandsworth 020F,E09000032,Wandsworth,8.7,26152,8,0.1,24109,8,0.0,27096,9,1.0,31994,10,-1.2,30514,10,0.1,15759,5,25.0,11128,4,24.1,12331,4
E01004630,Wandsworth 022B,E09000032,Wandsworth,29.9,8066,3,0.2,4790,2,0.1,7091,3,18.6,14709,5,0.2,12897,4,0.2,13294,5,33.8,4654,2,18.2,16672,6
E01004631,Wandsworth 022C,E09000032,Wandsworth,20.8,13693,5,0.2,10214,4,0.1,15514,5,8.9,23020,8,0.2,12830,4,0.2,14073,5,28.1,8359,3,28.3,9761,3
E01004632,Wandsworth 028A,E09000032,Wandsworth,8.4,26566,9,0.1,19745,7,0.0,28224,9,1.7,31171,10,-1.0,28730,9,-0.4,22877,7,21.9,14461,5,23.5,12755,4
E01004633,Wandsworth 022D,E09000032,Wandsworth,26.3,10006,4,0.2,4065,2,0.1,9823,3,14.8,17472,6,-0.1,18251,6,-0.4,23007,8,32.9,5144,2,19.2,15906,5
E01004634,Wandsworth 028B,E09000032,Wandsworth,12.9,21202,7,0.1,16275,5,0.1,20753,7,3.9,28678,9,-0.6,24202,8,-0.2,19796,7,26.4,9793,3,23.8,12548,4
E01004635,Wandsworth 028C,E09000032,Wandsworth,13.2,20830,7,0.1,17202,6,0.1,18414,6,12.1,19847,7,-0.9,27732,9,-0.3,20367,7,25.5,10626,4,19.6,15562,5
E01004636,Wandsworth 028D,E09000032,Wandsworth,15.7,18240,6,0.1,12676,4,0.1,17265,6,9.0,22856,7,-0.3,21301,7,-0.3,20513,7,26.2,9950,4,20.9,14635,5
E01004637,Wandsworth 028E,E09000032,Wandsworth,14.9,19001,6,0.1,12567,4,0.1,14903,5,3.6,29060,9,-0.5,24046,8,-0.9,27927,9,29.1,7598,3,17.2,17425,6
E01004638,Wandsworth 011B,E09000032,Wandsworth,6.7,28633,9,0.0,29733,10,0.0,27572,9,1.4,31585,10,-1.5,31816,10,0.0,16544,6,15.7,22113,7,30.7,8408,3
E01004639,Wandsworth 011C,E09000032,Wandsworth,10.4,24017,8,0.1,23892,8,0.0,28692,9,3.7,28907,9,-0.8,27031,9,-0.4,22541,7,28.0,8441,3,35.3,6111,2
E01004640,Wandsworth 011D,E09000032,Wandsworth,5.2,30360,10,0.0,30218,10,0.0,32009,10,1.6,31390,10,-1.4,31515,10,-0.8,27281,9,21.9,14418,5,25.7,11333,4
E01004641,Wandsworth 011E,E09000032,Wandsworth,19.7,14652,5,0.1,13265,5,0.1,13596,5,2.6,30249,10,-0.3,21286,7,-0.2,19382,6,36.2,3554,2,34.6,6435,2
E01004642,Wandsworth 016B,E09000032,Wandsworth,22.2,12645,4,0.1,14059,5,0.1,15276,5,13.3,18816,6,0.0,16673,6,0.4,9841,3,41.1,1900,1,23.8,12570,4
E01004643,Wandsworth 016C,E09000032,Wandsworth,21.8,12940,4,0.2,8020,3,0.1,10649,4,7.7,24214,8,0.0,16152,5,-0.2,20016,7,30.8,6391,2,18.5,16443,6
E01004644,Wandsworth 016D,E09000032,Wandsworth,18.2,15979,5,0.1,14013,5,0.1,18571,6,8.8,23042,8,-0.1,17878,6,0.2,13107,4,36.4,3459,2,19.0,16032,5
E01004645,Wandsworth 016E,E09000032,Wandsworth,28.7,8654,3,0.2,5868,2,0.1,10016,4,19.2,14270,5,0.7,6711,3,0.1,15869,5,32.8,5229,2,18.6,16390,5
E01033093,Wandsworth 010F,E09000032,Wandsworth,12.5,21599,7,0.1,21442,7,0.0,27568,9,4.2,28247,9,-1.1,29672,10,0.2,14068,5,18.6,18356,6,50.0,1916,1
E01033098,Wandsworth 002F,E09000032,Wandsworth,17.5,16588,6,0.0,32767,10,0.0,32732,10,10.0,21874,7,-1.4,31236,10,-1.0,29140,9,48.1,551,1,65.3,276,1
E01033099,Wandsworth 004E,E09000032,Wandsworth,21.2,13403,5,0.1,11555,4,0.1,21062,7,4.4,28024,9,-0.5,23158,8,0.4,10826,4,39.4,2387,1,42.1,3643,2
E01033100,Wandsworth 002G,E09000032,Wandsworth,27.1,9545,3,0.2,8338,3,0.1,12813,4,9.8,22019,7,0.1,13884,5,0.5,9750,3,32.1,5558,2,47.9,2268,1
E01033101,Wandsworth 004F,E09000032,Wandsworth,8.3,26739,9,0.1,24260,8,0.0,31412,10,1.4,31629,10,-1.3,30662,10,-0.2,20158,7,20.1,16473,6,36.7,5492,2
E01033132,Wandsworth 002H,E09000032,Wandsworth,29.5,8273,3,0.1,13756,5,0.1,17659,6,9.0,22898,7,0.1,14355,5,0.4,10178,4,46.5,811,1,69.6,113,1
E01033133,Wandsworth 004G,E09000032,Wandsworth,12.8,21289,7,0.1,20832,7,0.0,30197,10,0.5,32512,10,-0.8,26475,9,-0.3,20817,7,35.3,3960,2,39.1,4579,2
E01033135,Wandsworth 010G,E09000032,Wandsworth,5.7,29855,10,0.0,32174,10,0.0,32436,10,0.1,32834,10,-0.8,27084,9,-0.3,21081,7,14.9,23126,8,33.5,6959,3
E01004646,Westminster 002A,E09000033,Westminster,14.4,19570,6,0.1,23473,8,0.0,27910,9,14.8,17510,6,-2.0,32613,10,0.7,6564,2,18.6,18428,6,47.7,2311,1
E01004647,Westminster 001A,E09000033,Westminster,16.3,17624,6,0.1,15228,5,0.1,16296,5,12.8,19255,6,-1.5,31583,10,0.1,14482,5,19.4,17324,6,39.1,4574,2
E01004648,Westminster 002B,E09000033,Westminster,10.5,23935,8,0.1,20239,7,0.0,25372,8,6.6,25460,8,-1.8,32455,10,0.0,15996,5,20.6,15951,5,30.7,8419,3
E01004649,Westminster 001B,E09000033,Westminster,6.4,29012,9,0.0,27305,9,0.0,32296,10,6.5,25644,8,-2.5,32796,10,-0.4,22159,7,19.8,16881,6,27.0,10568,4
E01004650,Westminster 002C,E09000033,Westminster,6.0,29514,9,0.0,29157,9,0.0,31554,10,1.6,31368,10,-2.3,32765,10,-0.5,23157,8,18.5,18535,6,32.4,7513,3
E01004651,Westminster 003A,E09000033,Westminster,9.2,25503,8,0.1,26149,8,0.0,31694,10,11.4,20521,7,-1.6,31980,10,-1.1,29920,10,23.3,12911,4,40.1,4228,2
E01004652,Westminster 017A,E09000033,Westminster,15.9,18062,6,0.1,16202,5,0.0,25388,8,8.7,23238,8,-0.5,22794,7,0.7,6447,2,24.7,11463,4,33.5,6952,3
E01004653,Westminster 014A,E09000033,Westminster,10.8,23503,8,0.1,24238,8,0.0,25844,8,2.3,30555,10,-1.4,31154,10,0.4,11102,4,17.7,19511,6,40.9,3980,2
E01004654,Westminster 014B,E09000033,Westminster,12.8,21266,7,0.1,21167,7,0.1,24330,8,4.0,28560,9,-1.2,30025,10,0.4,10023,4,22.2,14134,5,39.3,4500,2
E01004656,Westminster 014D,E09000033,Westminster,23.6,11625,4,0.1,11793,4,0.1,11728,4,7.8,24149,8,-0.4,22416,7,0.7,5973,2,27.8,8649,3,44.2,3099,1
E01004657,Westminster 012A,E09000033,Westminster,11.5,22741,7,0.0,31565,10,0.0,32759,10,3.5,29179,9,-1.9,32529,10,0.7,6188,2,21.7,14627,5,50.4,1844,1
E01004658,Westminster 012B,E09000033,Westminster,15.6,18296,6,0.1,20993,7,0.0,25252,8,7.4,24646,8,-0.5,23563,8,0.7,6210,2,25.6,10613,4,40.9,3971,2
E01004659,Westminster 008A,E09000033,Westminster,7.6,27574,9,0.1,25509,8,0.0,29405,9,2.5,30280,10,-1.6,31883,10,-0.9,28511,9,25.0,11081,4,30.6,8448,3
E01004660,Westminster 008B,E09000033,Westminster,8.6,26318,9,0.0,29713,10,0.0,32214,10,6.0,26215,8,-2.2,32710,10,0.1,14719,5,20.6,16003,5,39.3,4517,2
E01004661,Westminster 012C,E09000033,Westminster,20.2,14144,5,0.1,12997,4,0.1,11990,4,2.7,30096,10,-0.7,25873,8,0.0,16960,6,23.7,12405,4,52.1,1572,1
E01004662,Westminster 012D,E09000033,Westminster,12.0,22170,7,0.0,27810,9,0.0,31075,10,1.0,31996,10,-1.9,32511,10,-0.4,22077,7,25.2,10925,4,61.8,514,1
E01004663,Westminster 012E,E09000033,Westminster,18.0,16131,5,0.1,17650,6,0.1,17717,6,1.9,31050,10,-1.2,30430,10,1.2,2193,1,21.1,15410,5,40.5,4106,2
E01004665,Westminster 024A,E09000033,Westminster,36.5,5376,2,0.3,2693,1,0.2,3006,1,26.3,10165,4,0.2,12393,4,-0.3,21134,7,27.3,9026,3,27.0,10567,4
E01004666,Westminster 023B,E09000033,Westminster,26.1,10123,4,0.2,6849,3,0.1,7008,3,7.2,24824,8,-0.1,18256,6,0.3,12299,4,21.9,14472,5,39.1,4568,2
E01004667,Westminster 023C,E09000033,Westminster,30.1,7987,3,0.2,8130,3,0.2,6090,2,11.0,20873,7,0.0,15876,5,0.2,12883,4,22.4,13891,5,60.0,688,1
E01004668,Westminster 023D,E09000033,Westminster,18.4,15757,5,0.1,11437,4,0.1,11810,4,3.0,29787,10,-0.6,24232,8,0.0,16768,6,22.4,13882,5,35.2,6153,2
E01004669,Westminster 024B,E09000033,Westminster,30.9,7591,3,0.3,3494,2,0.1,6763,3,15.6,16907,6,0.2,13570,5,0.0,16280,5,24.7,11387,4,35.7,5951,2
E01004670,Westminster 009A,E09000033,Westminster,48.0,2488,1,0.4,538,1,0.3,1157,1,32.2,7725,3,0.4,9800,3,-0.3,20722,7,28.5,8067,3,23.9,12469,4
E01004674,Westminster 005A,E09000033,Westminster,34.3,6143,2,0.3,2790,1,0.2,4328,2,16.3,16308,5,-0.1,16919,6,0.6,7294,3,23.3,12860,4,31.3,8117,3
E01004675,Westminster 005B,E09000033,Westminster,33.0,6646,3,0.3,3338,2,0.2,4806,2,6.9,25152,8,0.3,12215,4,0.6,7952,3,25.3,10853,4,32.8,7314,3
E01004676,Westminster 006A,E09000033,Westminster,21.2,13382,5,0.2,9259,3,0.1,11762,4,11.1,20837,7,-0.2,19867,7,0.3,12347,4,23.7,12456,4,29.3,9227,3
E01004677,Westminster 005C,E09000033,Westminster,22.9,12092,4,0.2,7824,3,0.1,9121,3,9.0,22901,7,0.0,16399,5,0.0,17135,6,23.1,13149,5,30.2,8707,3
E01004678,Westminster 005D,E09000033,Westminster,24.7,10961,4,0.2,7895,3,0.1,9243,3,12.1,19874,7,0.0,15720,5,0.5,9754,3,22.8,13430,5,31.4,8035,3
E01004679,Westminster 005E,E09000033,Westminster,32.1,7034,3,0.3,3916,2,0.2,6083,2,12.0,19898,7,-0.1,16930,6,0.5,8690,3,23.8,12346,4,44.1,3114,1
E01004680,Westminster 015A,E09000033,Westminster,11.0,23309,8,0.0,31632,10,0.0,32500,10,6.1,26112,8,-2.0,32575,10,0.9,4829,2,19.0,17844,6,44.4,3058,1
E01004681,Westminster 016A,E09000033,Westminster,12.1,22113,7,0.1,21593,7,0.0,27217,9,9.9,21879,7,-0.9,27925,9,-1.2,30212,10,24.2,11984,4,45.1,2882,1
E01004682,Westminster 016B,E09000033,Westminster,14.2,19698,6,0.1,25862,8,0.0,30234,10,6.0,26207,8,-0.8,27467,9,0.5,8771,3,30.3,6773,3,47.7,2308,1
E01004683,Westminster 015B,E09000033,Westminster,8.6,26341,9,0.0,31709,10,0.0,32325,10,1.9,30973,10,-2.1,32650,10,0.6,7917,3,19.2,17607,6,37.7,5100,2
E01004684,Westminster 015C,E09000033,Westminster,21.3,13307,5,0.1,15227,5,0.1,20599,7,13.4,18694,6,-1.1,29460,9,1.3,1829,1,23.6,12557,4,46.9,2474,1
E01004686,Westminster 015E,E09000033,Westminster,23.8,11469,4,0.1,14188,5,0.1,14670,5,9.8,22032,7,-0.7,25605,8,1.1,2568,1,26.1,10107,4,51.4,1673,1
E01004687,Westminster 019A,E09000033,Westminster,7.0,28371,9,0.0,32804,10,0.0,32803,10,0.4,32638,10,-2.6,32810,10,0.2,13224,5,17.4,19971,7,38.6,4747,2
E01004688,Westminster 019B,E09000033,Westminster,5.3,30198,10,0.0,32838,10,0.0,32838,10,5.3,26982,9,-2.3,32775,10,-0.9,27846,9,19.8,16898,6,31.7,7894,3
E01004689,Westminster 019C,E09000033,Westminster,16.0,17986,6,0.0,32809,10,0.0,32804,10,4.8,27546,9,-2.5,32804,10,2.0,222,1,17.5,19754,7,51.5,1655,1
E01004690,Westminster 019D,E09000033,Westminster,5.4,30073,10,0.0,32680,10,0.0,32817,10,2.3,30534,10,-2.8,32828,10,-1.3,30857,10,19.9,16714,6,36.4,5640,2
E01004691,Westminster 019E,E09000033,Westminster,11.0,23381,8,0.0,32710,10,0.0,32822,10,3.8,28790,9,-2.8,32831,10,-0.2,19568,6,25.3,10795,4,59.1,761,1
E01004692,Westminster 019F,E09000033,Westminster,6.6,28779,9,0.0,32817,10,0.0,32798,10,6.9,25146,8,-2.3,32767,10,-0.6,25632,8,20.2,16363,5,37.3,5254,2
E01004693,Westminster 017B,E09000033,Westminster,12.6,21478,7,0.0,30090,10,0.0,31429,10,2.5,30330,10,-1.8,32370,10,1.0,3176,1,21.1,15434,5,47.5,2344,1
E01004694,Westminster 016C,E09000033,Westminster,8.5,26491,9,0.0,31488,10,0.0,32231,10,3.0,29747,10,-2.1,32686,10,0.1,15163,5,26.4,9823,3,36.6,5526,2
E01004695,Westminster 017C,E09000033,Westminster,12.7,21342,7,0.1,24126,8,0.0,30669,10,3.1,29601,10,-0.8,26788,9,0.8,4967,2,25.1,10958,4,36.7,5501,2
E01004696,Westminster 017D,E09000033,Westminster,32.4,6924,3,0.3,3907,2,0.2,5372,2,10.3,21585,7,0.4,10854,4,0.2,14227,5,28.5,8044,3,35.3,6083,2
E01004697,Westminster 016D,E09000033,Westminster,16.2,17722,6,0.1,19622,6,0.1,24557,8,9.8,22052,7,-1.1,29389,9,0.7,5965,2,24.5,11677,4,44.7,2967,1
E01004698,Westminster 017E,E09000033,Westminster,20.0,14384,5,0.1,19857,7,0.1,21583,7,4.1,28422,9,-0.6,24597,8,1.5,1162,1,31.4,6047,2,38.3,4874,2
E01004699,Westminster 017F,E09000033,Westminster,14.7,19200,6,0.1,25385,8,0.0,30561,10,2.4,30411,10,-1.5,31740,10,0.9,4107,2,26.5,9738,3,51.4,1675,1
E01004700,Westminster 016E,E09000033,Westminster,11.3,22989,7,0.0,26760,9,0.0,28886,9,5.3,26980,9,-1.8,32345,10,0.2,13840,5,28.2,8245,3,40.5,4103,2
E01004701,Westminster 007A,E09000033,Westminster,9.4,25245,8,0.1,23072,8,0.0,29596,10,3.5,29193,9,-1.2,30078,10,-0.7,26180,8,17.5,19842,7,44.9,2922,1
E01004702,Westminster 009E,E09000033,Westminster,42.1,3687,2,0.3,1799,1,0.2,2526,1,22.2,12420,4,0.3,12063,4,0.6,7848,3,27.9,8497,3,37.5,5184,2
E01004703,Westminster 007B,E09000033,Westminster,10.5,23871,8,0.1,24058,8,0.0,30774,10,4.8,27592,9,-2.1,32702,10,0.6,7788,3,17.2,20209,7,39.0,4621,2
E01004705,Westminster 007D,E09000033,Westminster,5.3,30175,10,0.0,31166,10,0.0,32533,10,1.4,31600,10,-1.7,32228,10,-0.1,18528,6,11.2,27422,9,33.8,6794,3
E01004706,Westminster 006B,E09000033,Westminster,7.4,27823,9,0.0,28062,9,0.0,32272,10,1.1,31899,10,-0.9,28272,9,0.6,7310,3,11.1,27528,9,27.7,10121,4
E01004707,Westminster 006C,E09000033,Westminster,3.9,31583,10,0.0,31631,10,0.0,32609,10,0.6,32396,10,-2.2,32724,10,-0.3,20701,7,10.8,27845,9,26.5,10856,4
E01004708,Westminster 006D,E09000033,Westminster,22.9,12143,4,0.1,10656,4,0.1,10483,4,4.3,28232,9,-0.3,20647,7,0.4,9893,4,23.3,12877,4,45.9,2692,1
E01004709,Westminster 007E,E09000033,Westminster,20.1,14236,5,0.2,8420,3,0.1,9644,3,5.4,26780,9,-0.6,24732,8,-0.1,18588,6,21.0,15503,5,30.6,8451,3
E01004710,Westminster 002D,E09000033,Westminster,31.1,7483,3,0.2,4355,2,0.2,6312,2,12.8,19217,6,-0.2,19043,6,0.9,4407,2,24.3,11880,4,33.9,6751,3
E01004711,Westminster 002E,E09000033,Westminster,24.3,11199,4,0.2,6330,2,0.1,8332,3,13.8,18307,6,-0.2,18453,6,-0.2,18907,6,23.4,12728,4,27.5,10242,4
E01004712,Westminster 008C,E09000033,Westminster,11.1,23263,8,0.1,24391,8,0.0,31504,10,6.0,26140,8,-2.0,32577,10,-0.1,18274,6,21.6,14811,5,50.2,1882,1
E01004713,Westminster 011A,E09000033,Westminster,7.5,27672,9,0.0,32745,10,0.0,32772,10,3.0,29689,10,-2.4,32791,10,-0.5,24195,8,16.0,21649,7,49.8,1941,1
E01004714,Westminster 011B,E09000033,Westminster,10.3,24181,8,0.0,29809,10,0.0,32107,10,1.5,31510,10,-2.2,32717,10,-0.2,20038,7,20.8,15668,5,57.8,877,1
E01004715,Westminster 013A,E09000033,Westminster,15.8,18090,6,0.1,14814,5,0.1,20029,7,13.0,19029,6,-0.5,23873,8,-0.7,25663,8,25.5,10665,4,37.3,5274,2
E01004716,Westminster 011C,E09000033,Westminster,7.4,27864,9,0.0,32727,10,0.0,32805,10,0.9,32146,10,-2.7,32825,10,-0.6,25637,8,22.0,14365,5,45.6,2764,1
E01004717,Westminster 011D,E09000033,Westminster,12.0,22125,7,0.0,29081,9,0.0,31835,10,0.2,32779,10,-1.7,32275,10,-0.4,21933,7,20.9,15581,5,69.2,118,1
E01004718,Westminster 004A,E09000033,Westminster,29.8,8120,3,0.2,6322,2,0.1,7451,3,20.4,13548,5,0.2,13609,5,0.5,9407,3,23.0,13231,5,40.1,4234,2
E01004719,Westminster 004B,E09000033,Westminster,28.6,8731,3,0.2,5757,2,0.1,6895,3,13.2,18878,6,-0.1,17152,6,0.2,12965,4,22.4,13871,5,42.8,3450,2
E01004720,Westminster 004C,E09000033,Westminster,32.0,7066,3,0.2,4985,2,0.2,6337,2,19.6,14025,5,-0.1,16807,6,0.6,7503,3,24.1,11997,4,42.8,3446,2
E01004721,Westminster 004D,E09000033,Westminster,38.5,4722,2,0.3,2583,1,0.2,3115,1,16.6,16151,5,0.5,9521,3,0.7,6198,2,24.4,11758,4,31.8,7857,3
E01004722,Westminster 004E,E09000033,Westminster,36.0,5553,2,0.3,1864,1,0.2,3358,2,21.2,13025,4,-0.1,17018,6,0.1,14903,5,24.7,11388,4,25.3,11556,4
E01004723,Westminster 005F,E09000033,Westminster,29.3,8354,3,0.2,4295,2,0.2,6406,2,13.8,18324,6,-0.1,16805,6,0.2,12753,4,23.1,13073,4,33.9,6743,3
E01004724,Westminster 001C,E09000033,Westminster,10.9,23490,8,0.1,20363,7,0.0,26319,9,17.0,15803,5,-1.6,32094,10,-0.6,25560,8,22.1,14235,5,29.8,8916,3
E01004725,Westminster 003B,E09000033,Westminster,27.2,9498,3,0.2,6100,2,0.1,11453,4,15.4,17081,6,-0.6,24530,8,0.6,7321,3,30.6,6514,2,39.1,4587,2
E01004726,Westminster 003C,E09000033,Westminster,9.4,25261,8,0.0,26899,9,0.0,29640,10,3.8,28805,9,-2.0,32628,10,-0.2,20009,7,18.8,18108,6,46.4,2579,1
E01004727,Westminster 008D,E09000033,Westminster,10.1,24363,8,0.0,31999,10,0.0,32810,10,3.6,29020,9,-2.9,32834,10,0.2,13381,5,25.4,10742,4,48.0,2259,1
E01004728,Westminster 003D,E09000033,Westminster,14.9,19059,6,0.1,13437,5,0.1,22300,7,5.5,26697,9,-0.6,24874,8,0.0,16241,5,22.5,13783,5,35.9,5832,2
E01004729,Westminster 003E,E09000033,Westminster,25.6,10420,4,0.2,5342,2,0.1,7160,3,4.8,27522,9,0.0,15255,5,-0.7,26726,9,24.3,11780,4,35.0,6252,2
E01004730,Westminster 001D,E09000033,Westminster,6.6,28806,9,0.0,26923,9,0.0,31610,10,2.3,30576,10,-2.5,32799,10,-0.5,23663,8,20.9,15640,5,31.2,8143,3
E01004731,Westminster 020A,E09000033,Westminster,10.0,24520,8,0.1,25174,8,0.0,31415,10,6.3,25832,8,-2.0,32589,10,-1.4,31269,10,18.6,18377,6,54.2,1287,1
E01004732,Westminster 020B,E09000033,Westminster,43.7,3324,2,0.3,2786,1,0.3,688,1,20.3,13590,5,1.2,3099,1,-0.8,27625,9,21.9,14434,5,26.1,11115,4
E01004733,Westminster 020C,E09000033,Westminster,18.2,15991,5,0.1,16250,5,0.1,11793,4,7.6,24341,8,-1.1,29886,10,-0.7,26244,8,18.2,18865,6,55.6,1113,1
E01004734,Westminster 018A,E09000033,Westminster,30.2,7933,3,0.2,8667,3,0.1,7449,3,3.3,29321,9,-0.1,18163,6,1.3,1920,1,26.4,9824,3,50.1,1897,1
E01004735,Westminster 018B,E09000033,Westminster,35.3,5794,2,0.2,5737,2,0.2,2025,1,3.8,28753,9,0.6,7414,3,-0.3,21514,7,24.9,11212,4,45.7,2733,1
E01004736,Westminster 018C,E09000033,Westminster,9.7,24862,8,0.0,32833,10,0.0,32702,10,4.3,28230,9,-2.2,32709,10,0.0,16515,6,19.6,17078,6,54.5,1239,1
E01004737,Westminster 024C,E09000033,Westminster,20.2,14145,5,0.1,11027,4,0.1,10909,4,13.2,18897,6,-0.5,23510,8,-0.1,18607,6,22.6,13595,5,34.7,6386,2
E01004738,Westminster 024D,E09000033,Westminster,9.5,25164,8,0.0,27539,9,0.0,30286,10,0.3,32668,10,-1.3,31055,10,-0.2,19301,6,21.1,15384,5,47.2,2413,1
E01004739,Westminster 024E,E09000033,Westminster,9.4,25205,8,0.1,24503,8,0.0,32096,10,2.0,30899,10,-1.1,29486,9,-1.2,30458,10,23.7,12392,4,46.2,2612,1
E01004740,Westminster 021A,E09000033,Westminster,33.6,6426,2,0.3,3894,2,0.2,5649,2,8.7,23148,8,0.4,9972,4,0.9,4413,2,26.9,9381,3,30.5,8526,3
E01004741,Westminster 024F,E09000033,Westminster,20.6,13839,5,0.2,10517,4,0.1,15241,5,5.5,26755,9,-0.3,20485,7,0.4,10601,4,26.6,9610,3,38.6,4768,2
E01004742,Westminster 022A,E09000033,Westminster,11.2,23098,8,0.1,18701,6,0.1,23295,8,1.2,31829,10,-1.0,28997,9,-0.4,22384,7,17.8,19425,6,40.1,4240,2
E01004743,Westminster 021B,E09000033,Westminster,20.8,13668,5,0.2,8336,3,0.1,10696,4,8.1,23799,8,-0.3,20617,7,-0.9,28197,9,22.9,13349,5,36.5,5599,2
E01004744,Westminster 020D,E09000033,Westminster,25.5,10482,4,0.2,7495,3,0.2,5311,2,5.5,26695,9,0.3,11348,4,-0.9,28605,9,20.7,15806,5,33.8,6773,3
E01004745,Westminster 021C,E09000033,Westminster,16.2,17777,6,0.1,16911,6,0.1,18279,6,5.8,26362,9,-1.2,30550,10,-1.2,30572,10,20.3,16330,5,60.3,662,1
E01004746,Westminster 021D,E09000033,Westminster,27.7,9216,3,0.2,6820,3,0.2,6120,2,11.1,20753,7,-0.2,18606,6,-0.3,21443,7,26.8,9430,3,43.8,3220,1
E01004747,Westminster 021E,E09000033,Westminster,22.2,12655,4,0.2,9010,3,0.1,9654,3,2.0,30879,10,0.1,14899,5,0.0,17157,6,22.2,14039,5,36.9,5424,2
E01004748,Westminster 020E,E09000033,Westminster,8.8,26006,8,0.0,27703,9,0.0,27816,9,1.0,32069,10,-1.4,31499,10,-0.3,20819,7,20.3,16281,5,42.0,3660,2
E01004749,Westminster 022B,E09000033,Westminster,13.2,20814,7,0.1,18339,6,0.1,21240,7,1.9,30956,10,-1.1,29788,10,-0.2,18886,6,20.4,16206,5,44.9,2913,1
E01004750,Westminster 023E,E09000033,Westminster,18.9,15320,5,0.2,8121,3,0.1,16599,6,2.8,30028,10,-0.3,20944,7,-0.5,24097,8,23.8,12326,4,39.2,4566,2
E01004751,Westminster 022C,E09000033,Westminster,10.4,24060,8,0.1,22710,7,0.0,25729,8,2.1,30756,10,-1.4,31316,10,0.4,10587,4,14.4,23818,8,37.8,5062,2
E01004752,Westminster 022D,E09000033,Westminster,22.5,12381,4,0.2,9794,3,0.1,10307,4,2.5,30288,10,0.2,12718,4,-0.2,19345,6,24.5,11665,4,39.7,4367,2
E01004753,Westminster 022E,E09000033,Westminster,16.4,17568,6,0.1,13017,4,0.1,14209,5,1.8,31082,10,-0.7,25523,8,-0.3,20340,7,20.0,16676,6,39.3,4499,2
E01004754,Westminster 010A,E09000033,Westminster,45.9,2865,1,0.3,1398,1,0.2,2026,1,21.8,12664,4,0.9,5127,2,0.7,6321,2,24.4,11698,4,34.6,6422,2
E01004755,Westminster 010B,E09000033,Westminster,28.6,8689,3,0.2,4647,2,0.1,6832,3,8.5,23433,8,0.2,13719,5,0.1,14948,5,26.5,9731,3,33.0,7204,3
E01004756,Westminster 006E,E09000033,Westminster,22.8,12183,4,0.2,8916,3,0.1,9809,3,4.4,27986,9,0.3,12074,4,0.0,16847,6,26.3,9926,4,29.7,8986,3
E01004757,Westminster 010C,E09000033,Westminster,40.5,4110,2,0.3,1648,1,0.2,2859,1,19.1,14331,5,0.2,12485,4,0.4,11051,4,24.9,11215,4,40.0,4273,2
E01004760,Westminster 014E,E09000033,Westminster,25.0,10773,4,0.2,7138,3,0.1,10326,4,6.7,25337,8,-0.2,18705,6,0.9,4633,2,23.1,13040,4,32.0,7696,3
E01004761,Westminster 018D,E09000033,Westminster,8.5,26464,9,0.0,30769,10,0.0,31042,10,5.7,26546,9,-2.1,32694,10,-0.5,24038,8,22.0,14331,5,44.1,3127,1
E01004762,Westminster 011E,E09000033,Westminster,10.5,23921,8,0.0,27601,9,0.0,30626,10,5.2,27030,9,-2.0,32617,10,0.1,14868,5,21.9,14465,5,46.9,2466,1
E01004763,Westminster 013B,E09000033,Westminster,23.4,11768,4,0.1,21768,7,0.1,19610,6,6.1,26097,8,0.0,16332,5,0.8,5792,2,28.8,7787,3,79.6,11,1
E01004765,Westminster 013D,E09000033,Westminster,18.7,15472,5,0.1,14693,5,0.1,16525,6,4.8,27563,9,-0.6,24237,8,0.1,15200,5,24.7,11430,4,51.2,1712,1
E01032512,Westminster 010F,E09000033,Westminster,43.7,3326,2,0.3,1572,1,0.2,1830,1,19.1,14301,5,0.4,9990,4,0.6,8155,3,25.9,10290,4,37.0,5383,2
E01032513,Westminster 010G,E09000033,Westminster,35.8,5605,2,0.3,2717,1,0.2,4972,2,20.8,13287,5,0.2,13659,5,0.5,9268,3,27.5,8810,3,34.8,6342,2
E01033593,Westminster 015F,E09000033,Westminster,26.9,9625,3,0.1,14286,5,0.1,17963,6,19.2,14281,5,-0.7,25385,8,0.6,8340,3,34.9,4118,2,77.6,17,1
E01033594,Westminster 015G,E09000033,Westminster,29.3,8369,3,0.2,6035,2,0.1,8862,3,11.7,20250,7,0.0,16322,5,0.2,13575,5,30.6,6506,2,48.0,2254,1
E01033595,Westminster 013E,E09000033,Westminster,17.6,16446,6,0.1,19982,7,0.1,22442,7,3.4,29240,9,-1.1,29373,9,0.1,15184,5,26.2,10034,4,66.0,236,1
E01033596,Westminster 013F,E09000033,Westminster,25.7,10393,4,0.1,11169,4,0.1,12313,4,4.7,27629,9,-0.2,19066,6,0.9,4700,2,29.2,7507,3,51.9,1596,1
E01033597,Westminster 023F,E09000033,Westminster,26.9,9671,3,0.2,9395,3,0.1,7036,3,6.1,26064,8,0.1,14397,5,-0.4,22347,7,29.3,7438,3,50.2,1880,1
E01033598,Westminster 009F,E09000033,Westminster,52.2,1850,1,0.4,427,1,0.3,858,1,30.1,8537,3,0.7,6805,3,0.1,14330,5,25.4,10709,4,35.5,6014,2
E01033599,Westminster 023G,E09000033,Westminster,30.6,7759,3,0.3,3975,2,0.1,8362,3,14.6,17657,6,-0.2,19594,6,-0.3,20580,7,33.9,4596,2,43.7,3236,1
E01033600,Westminster 007F,E09000033,Westminster,10.9,23435,8,0.1,20864,7,0.1,22855,7,2.5,30277,10,-0.8,27199,9,0.2,14147,5,19.0,17879,6,31.1,8214,3
E01033601,Westminster 009G,E09000033,Westminster,32.2,7015,3,0.2,4796,2,0.1,6849,3,19.5,14069,5,0.1,15003,5,0.9,4755,2,25.7,10419,4,34.6,6407,2
E01033602,Westminster 009H,E09000033,Westminster,41.0,3978,2,0.3,1521,1,0.2,2986,1,27.0,9835,3,0.0,16488,6,0.5,9101,3,24.6,11544,4,38.2,4903,2
E01033603,Westminster 009I,E09000033,Westminster,38.1,4851,2,0.3,3543,2,0.2,2236,1,10.5,21341,7,0.6,8035,3,0.2,13412,5,24.9,11196,4,40.8,4015,2
E01033604,Westminster 009J,E09000033,Westminster,33.5,6478,2,0.2,6406,2,0.2,6463,2,13.0,19059,6,-0.2,19527,6,1.4,1493,1,27.8,8637,3,45.5,2782,1
E01033605,Westminster 009K,E09000033,Westminster,40.5,4098,2,0.3,1872,1,0.2,3109,1,20.0,13765,5,0.4,10506,4,0.7,6453,2,25.4,10791,4,34.1,6610,3
E01033606,Westminster 014F,E09000033,Westminster,14.0,19938,7,0.1,20193,7,0.1,21867,7,5.1,27163,9,-0.3,20268,7,0.1,14545,5,25.4,10720,4,34.5,6478,2
E01033607,Westminster 014G,E09000033,Westminster,22.2,12626,4,0.1,13074,4,0.1,13196,5,1.7,31245,10,-0.5,23129,8,1.1,2834,1,23.5,12671,4,43.7,3235,1
E01033608,Westminster 007G,E09000033,Westminster,15.1,18794,6,0.1,16761,6,0.1,16183,5,6.2,25976,8,-1.0,28864,9,-0.2,19831,7,23.7,12407,4,38.2,4934,2
